352.000,197.000,56.000,100.000
352.304,194.264,56.000,100.000
353.824,192.744,56.000,100.000
355.344,191.832,56.000,100.000
356.256,192.136,56.000,100.000
356.560,193.656,56.000,100.000
356.256,192.744,56.000,100.000
356.560,192.440,56.000,100.000
356.256,192.136,56.000,100.000
355.344,190.616,56.000,100.000
355.040,188.488,56.000,100.000
354.736,187.575,56.000,100.000
353.824,184.839,56.000,100.000
354.128,183.319,56.000,100.000
354.432,181.191,56.000,100.000
355.344,179.063,56.000,100.000
356.864,175.719,56.000,100.000
358.992,171.159,56.000,100.000
361.729,167.814,56.000,100.000
363.249,169.942,56.000,100.000
365.985,177.543,56.000,100.000
368.721,195.480,56.000,100.000
369.633,221.929,56.000,100.000
369.937,245.339,56.000,100.000
369.633,261.452,56.000,100.000
368.113,265.404,56.000,100.000
366.593,251.115,56.000,100.000
365.681,225.882,56.000,100.000
365.377,203.080,56.000,100.000
363.857,185.143,56.000,100.000
360.512,170.855,56.000,100.000
357.776,161.430,56.000,100.000
356.256,164.166,56.000,100.000
352.304,176.023,56.000,100.000
342.879,192.136,56.000,100.000
324.942,206.425,56.000,100.000
306.397,214.633,56.000,100.000
298.189,210.073,56.000,100.000
304.573,203.688,56.000,100.000
324.942,191.224,56.000,100.000
344.095,164.774,56.000,100.000
345.616,135.285,56.000,100.000
331.327,111.875,56.000,100.000
325.550,113.395,56.000,100.000
329.503,139.237,56.000,100.000
343.791,183.319,56.000,100.000
363.553,245.035,56.000,100.000
376.017,279.389,56.000,100.000
385.442,290.637,56.000,100.000
384.530,268.444,56.000,100.000
375.105,215.849,56.000,100.000
379.058,174.199,56.000,100.000
388.482,158.086,56.000,100.000
391.826,166.294,56.000,100.000
376.929,200.648,56.000,100.000
352.304,244.731,56.000,100.000
336.191,262.668,56.000,100.000
339.535,250.811,56.000,100.000
349.568,215.849,56.000,100.000
354.736,171.767,56.000,100.000
352.000,145.925,56.000,100.000
336.495,141.365,56.000,100.000
322.814,170.247,56.000,100.000
311.566,222.842,56.000,100.000
310.046,265.100,56.000,100.000
312.174,270.268,56.000,100.000
313.086,229.226,56.000,100.000
308.525,169.943,56.000,100.000
305.789,134.980,56.000,100.000
307.309,135.893,56.000,100.000
301.533,168.422,56.000,100.000
293.933,220.409,56.000,100.000
305.181,246.251,56.000,100.000
340.143,242.907,56.000,100.000
350.176,227.402,56.000,100.000
330.415,196.696,56.000,100.000
282.684,159.910,56.000,100.000
284.204,168.118,56.000,100.000
303.357,204.905,56.000,100.000
310.350,245.339,56.000,100.000
319.774,271.180,56.000,100.000
331.631,266.012,56.000,100.000
333.151,226.186,56.000,100.000
316.430,174.199,56.000,100.000
296.061,147.141,56.000,100.000
287.852,155.350,56.000,100.000
277.212,194.568,56.000,100.000
269.611,239.259,56.000,100.000
274.780,253.547,56.000,100.000
289.676,231.962,56.000,100.000
291.196,181.191,56.000,100.000
275.692,127.988,56.000,100.000
266.875,107.619,56.000,100.000
267.179,127.380,56.000,100.000
263.835,181.799,56.000,100.000
262.923,244.123,56.000,100.000
266.875,261.452,56.000,100.000
270.827,248.987,56.000,100.000
268.091,205.513,56.000,100.000
260.491,162.038,56.000,100.000
258.363,147.749,56.000,100.000
247.722,162.038,56.000,100.000
236.473,197.000,56.000,100.000
249.546,228.314,56.000,100.000
290.588,243.211,56.000,100.000
334.671,232.570,56.000,100.000
347.744,214.633,56.000,100.000
345.008,199.736,56.000,100.000
341.663,198.216,56.000,100.000
345.616,204.600,56.000,100.000
358.080,212.809,56.000,100.000
367.505,225.882,56.000,100.000
369.633,233.482,56.000,100.000
363.857,230.138,56.000,100.000
347.744,206.729,56.000,100.000
306.701,178.455,56.000,100.000
250.253,161.893,57.239,102.213
231.297,175.877,57.239,102.213
234.094,192.346,57.239,102.213
251.807,207.573,57.239,102.213
276.355,214.720,57.239,102.213
302.769,213.166,57.239,102.213
326.696,208.505,57.239,102.213
342.544,197.007,57.239,102.213
342.233,187.996,57.239,102.213
332.600,190.171,57.239,102.213
323.588,194.211,57.239,102.213
314.577,193.278,57.239,102.213
316.131,193.589,57.239,102.213
326.385,199.493,57.239,102.213
323.588,203.533,57.239,102.213
300.283,198.872,57.239,102.213
283.192,196.697,57.239,102.213
281.017,187.063,57.239,102.213
288.164,176.187,57.239,102.213
285.367,171.526,57.239,102.213
285.678,161.893,57.239,102.213
291.582,152.260,57.239,102.213
295.000,145.113,57.239,102.213
295.932,144.181,57.239,102.213
304.322,153.192,57.239,102.213
304.633,158.475,57.239,102.213
298.729,155.057,57.239,102.213
308.362,142.316,57.239,102.213
336.640,136.412,57.239,102.213
337.572,139.209,57.239,102.213
336.640,151.949,57.239,102.213
335.707,159.097,57.239,102.213
311.159,155.057,57.239,102.213
246.213,149.774,57.239,102.213
217.935,154.435,57.239,102.213
207.681,166.554,57.239,102.213
217.935,170.594,57.239,102.213
265.339,166.562,58.505,104.474
336.200,157.827,59.800,106.785
392.364,151.009,59.800,106.785
404.376,155.230,59.800,106.785
413.791,166.592,59.800,106.785
408.272,169.514,59.800,106.785
374.184,168.540,59.800,106.785
318.020,164.969,59.800,106.785
276.141,176.981,59.800,106.785
268.674,183.799,59.800,106.785
256.012,190.616,59.800,106.785
255.688,186.396,59.800,106.785
280.686,169.189,59.800,106.785
315.423,159.125,59.800,106.785
349.511,155.554,59.800,106.785
394.637,159.125,59.800,106.785
430.672,164.644,59.800,106.785
445.281,173.410,59.800,106.785
433.919,172.436,59.800,106.785
414.765,170.813,59.800,106.785
416.388,171.137,59.800,106.785
436.841,170.163,59.800,106.785
457.943,171.787,59.800,106.785
479.045,166.917,59.800,106.785
509.237,165.294,59.800,106.785
523.197,170.813,59.800,106.785
523.521,175.682,59.800,106.785
522.547,183.799,59.800,106.785
511.834,184.773,59.800,106.785
484.888,181.201,59.800,106.785
459.241,182.825,59.800,106.785
446.580,185.097,59.800,106.785
446.905,187.370,59.800,106.785
464.760,181.851,59.800,106.785
494.303,182.175,59.800,106.785
481.642,179.254,59.800,106.785
435.867,183.474,59.800,106.785
392.689,185.746,59.800,106.785
380.027,188.668,59.800,106.785
372.561,186.396,59.800,106.785
363.795,189.967,59.800,106.785
353.082,196.784,59.800,106.785
356.004,201.654,59.800,106.785
375.158,195.486,59.800,106.785
398.857,192.564,59.800,106.785
399.182,183.799,59.800,106.785
372.236,171.787,59.800,106.785
347.887,173.410,59.800,106.785
331.330,175.682,59.800,106.785
318.020,176.007,59.800,106.785
307.956,182.175,59.800,106.785
306.982,188.993,59.800,106.785
314.449,192.564,59.800,106.785
325.811,190.292,59.800,106.785
332.629,183.474,59.800,106.785
323.864,177.955,59.800,106.785
311.852,178.929,59.800,106.785
292.697,176.656,59.800,106.785
271.595,175.033,59.800,106.785
257.636,172.111,59.800,106.785
254.714,175.033,59.800,106.785
260.233,179.903,59.800,106.785
274.193,180.227,59.800,106.785
301.138,175.358,59.800,106.785
328.084,172.436,59.800,106.785
335.551,174.708,59.800,106.785
322.240,173.735,59.800,106.785
299.840,181.201,59.800,106.785
281.984,182.825,59.800,106.785
257.636,178.604,59.800,106.785
240.429,176.332,59.800,106.785
238.806,174.059,59.800,106.785
231.989,158.152,59.800,106.785
219.977,132.504,59.800,106.785
230.690,117.895,59.800,106.785
253.091,142.893,59.800,106.785
266.401,186.720,59.800,106.785
281.659,235.093,59.800,106.785
294.970,269.830,59.800,106.785
294.645,267.557,59.800,106.785
291.724,232.820,59.800,106.785
305.034,188.993,59.800,106.785
315.747,163.995,59.800,106.785
327.759,160.424,59.800,106.785
341.070,188.019,59.800,106.785
340.745,231.197,59.800,106.785
343.667,286.062,59.800,106.785
359.575,322.098,59.800,106.785
363.146,326.318,59.800,106.785
353.731,296.126,59.800,106.785
347.563,242.560,59.800,106.785
342.044,205.225,59.800,106.785
323.539,180.227,59.800,106.785
311.527,194.187,59.800,106.785
319.643,229.574,59.800,106.785
338.797,276.647,59.800,106.785
351.459,305.541,59.800,106.785
351.783,311.060,59.800,106.785
337.823,282.816,59.800,106.785
316.721,233.145,59.800,106.785
298.866,190.616,59.800,106.785
301.788,157.178,59.800,106.785
311.852,164.644,59.800,106.785
316.721,203.927,59.800,106.785
316.397,260.090,59.800,106.785
323.214,302.619,59.800,106.785
321.591,314.631,59.800,106.785
305.034,290.932,59.800,106.785
294.970,236.716,59.800,106.785
297.892,184.448,59.800,106.785
316.397,158.151,59.800,106.785
326.461,174.059,59.800,106.785
322.890,217.886,59.800,106.785
318.020,265.609,59.800,106.785
309.904,302.944,59.800,106.785
299.840,302.619,59.800,106.785
298.866,259.441,59.800,106.785
308.281,215.614,59.800,106.785
323.539,188.019,59.800,106.785
340.096,209.770,59.800,106.785
343.667,254.896,59.800,106.785
338.148,311.060,59.800,106.785
330.681,334.110,59.800,106.785
325.162,308.463,59.800,106.785
311.852,250.351,59.800,106.785
297.892,190.291,59.800,106.785
297.567,163.346,59.800,106.785
308.281,180.552,59.800,106.785
318.345,227.626,59.800,106.785
326.461,285.088,59.800,106.785
330.032,315.930,59.800,106.785
323.864,311.060,59.800,106.785
312.501,266.583,59.800,106.785
308.281,205.875,59.800,106.785
308.605,156.853,59.800,106.785
303.086,134.452,59.800,106.785
300.814,148.412,59.800,106.785
297.892,190.941,59.800,106.785
305.359,248.403,59.800,106.785
327.110,291.581,59.800,106.785
331.330,300.996,59.800,106.785
321.266,276.647,59.800,106.785
308.605,226.977,59.800,106.785
293.996,172.111,59.800,106.785
295.619,138.023,59.800,106.785
305.034,141.595,59.800,106.785
302.762,175.682,59.800,106.785
293.996,229.898,59.800,106.785
296.918,283.465,59.800,106.785
307.631,307.164,59.800,106.785
317.046,292.555,59.800,106.785
324.513,250.026,59.800,106.785
324.188,206.199,59.800,106.785
312.176,163.670,59.800,106.785
306.008,149.711,59.800,106.785
306.982,164.969,59.800,106.785
303.411,201.654,59.800,106.785
305.683,250.026,59.800,106.785
313.150,283.465,59.800,106.785
317.371,282.491,59.800,106.785
328.084,247.105,59.800,106.785
335.551,203.927,59.800,106.785
325.487,166.592,59.800,106.785
315.423,146.140,59.800,106.785
315.747,151.009,59.800,106.785
318.020,177.955,59.800,106.785
313.799,215.939,59.800,106.785
316.072,259.766,59.800,106.785
325.487,286.062,59.800,106.785
327.759,283.790,59.800,106.785
330.587,255.827,58.525,104.508
331.540,213.570,58.525,104.508
325.504,168.771,58.525,104.508
318.196,141.129,58.525,104.508
317.243,141.447,58.525,104.508
315.019,155.745,58.525,104.508
315.972,189.741,58.525,104.508
326.457,237.717,58.525,104.508
324.868,272.985,58.525,104.508
313.748,282.834,58.525,104.508
312.795,257.734,58.525,104.508
320.102,216.112,58.525,104.508
319.785,182.116,58.525,104.508
313.112,155.745,58.525,104.508
310.888,151.614,58.525,104.508
309.935,169.089,58.525,104.508
298.179,202.450,58.525,104.508
287.695,234.540,58.525,104.508
280.387,260.911,58.525,104.508
277.527,274.573,58.525,104.508
288.648,267.901,58.525,104.508
322.009,251.697,58.525,104.508
347.744,236.129,58.525,104.508
383.012,235.811,58.525,104.508
408.747,243.119,58.525,104.508
435.118,251.697,58.525,104.508
444.332,258.369,58.525,104.508
429.399,253.603,58.525,104.508
394.767,251.379,58.525,104.508
349.968,247.884,58.525,104.508
309.618,248.838,58.525,104.508
295.956,251.697,58.525,104.508
297.544,246.931,58.525,104.508
313.113,233.905,58.525,104.508
349.015,219.607,58.525,104.508
377.293,211.664,58.525,104.508
379.517,204.992,58.525,104.508
381.105,199.590,58.525,104.508
383.329,193.554,58.525,104.508
371.574,190.694,58.525,104.508
338.213,199.908,58.525,104.508
294.049,215.477,58.525,104.508
265.136,230.410,58.525,104.508
260.371,238.988,58.525,104.508
276.574,234.858,58.525,104.508
317.561,221.831,58.525,104.508
373.162,198.637,58.525,104.508
409.700,179.256,58.525,104.508
420.821,166.865,58.525,104.508
421.774,159.557,58.525,104.508
404.935,145.895,58.525,104.508
368.396,141.129,58.525,104.508
325.504,148.437,58.525,104.508
281.340,165.276,58.525,104.508
235.906,184.022,58.525,104.508
191.742,198.320,58.525,104.508
157.110,203.085,58.525,104.508
152.345,203.403,58.525,104.508
184.435,196.731,58.525,104.508
255.319,181.400,59.819,106.820
311.501,155.095,59.819,106.820
353.394,142.430,59.819,106.820
364.111,142.105,59.819,106.820
382.622,155.420,59.819,106.820
392.040,161.590,59.819,106.820
381.323,149.575,59.819,106.820
347.224,133.662,59.819,106.820
288.273,116.644,61.143,109.184
239.038,108.893,62.496,111.600
202.056,107.197,62.496,111.600
168.467,110.929,62.496,111.600
156.593,111.947,62.496,111.600
171.860,97.357,62.496,111.600
203.413,86.161,62.496,111.600
232.931,83.108,62.496,111.600
255.663,89.554,62.496,111.600
266.181,98.036,62.496,111.600
261.091,101.768,62.496,111.600
237.681,106.857,62.496,111.600
222.413,113.982,62.496,111.600
225.467,121.786,62.496,111.600
245.484,130.946,62.496,111.600
264.145,135.357,62.496,111.600
292.984,127.554,62.496,111.600
319.787,118.393,62.496,111.600
329.626,115.339,62.496,111.600
334.716,117.714,62.496,111.600
331.662,122.125,62.496,111.600
319.109,125.857,62.496,111.600
295.020,124.839,62.496,111.600
264.145,129.250,62.496,111.600
252.270,137.053,62.496,111.600
251.252,133.321,62.496,111.600
260.413,117.375,62.496,111.600
287.216,83.108,62.496,111.600
325.555,69.197,62.496,111.600
357.787,82.429,62.496,111.600
371.697,96.340,62.496,111.600
382.215,114.322,62.496,111.600
375.769,123.482,62.496,111.600
353.037,127.893,62.496,111.600
324.877,135.018,62.496,111.600
306.895,142.143,62.496,111.600
311.305,137.732,62.496,111.600
322.502,121.786,62.496,111.600
324.198,98.375,62.496,111.600
330.644,92.608,62.496,111.600
347.269,106.518,62.496,111.600
372.715,135.357,62.496,111.600
383.912,162.160,62.496,111.600
360.501,169.285,62.496,111.600
311.984,173.017,62.496,111.600
253.288,167.250,62.496,111.600
228.520,157.410,62.496,111.600
228.181,144.857,62.496,111.600
221.735,128.911,62.496,111.600
211.217,115.000,62.496,111.600
210.199,106.518,62.496,111.600
235.645,114.322,62.496,111.600
287.555,149.268,62.496,111.600
325.894,182.857,62.496,111.600
339.805,209.660,62.496,111.600
336.073,219.499,62.496,111.600
308.591,213.053,62.496,111.600
286.538,188.285,62.496,111.600
293.663,151.303,62.496,111.600
321.144,113.643,62.496,111.600
350.662,84.804,62.496,111.600
376.108,72.929,62.496,111.600
388.662,90.233,62.496,111.600
398.501,125.179,62.496,111.600
402.911,161.482,62.496,111.600
399.858,188.964,62.496,111.600
373.733,194.053,62.496,111.600
327.251,191.678,62.496,111.600
292.305,178.446,62.496,111.600
284.502,153.678,62.496,111.600
289.591,118.054,62.496,111.600
299.430,89.215,62.496,111.600
322.162,80.733,62.496,111.600
347.608,100.750,62.496,111.600
371.019,132.982,62.496,111.600
392.394,174.035,62.496,111.600
389.340,194.053,62.496,111.600
354.394,199.821,62.496,111.600
320.127,185.910,62.496,111.600
287.216,155.714,62.496,111.600
236.663,105.161,62.496,111.600
231.574,69.536,62.496,111.600
248.877,44.090,62.496,111.600
286.538,60.715,62.496,111.600
302.484,90.233,62.496,111.600
327.251,127.893,62.496,111.600
349.305,160.803,62.496,111.600
338.109,174.714,62.496,111.600
312.662,178.446,62.496,111.600
301.466,163.857,62.496,111.600
301.127,136.375,62.496,111.600
305.537,112.286,62.496,111.600
315.377,107.197,62.496,111.600
332.001,121.107,62.496,111.600
340.483,140.446,62.496,111.600
329.287,159.785,62.496,111.600
314.019,173.696,62.496,111.600
310.966,181.499,62.496,111.600
314.019,176.410,62.496,111.600
323.859,153.000,62.496,111.600
328.948,126.196,62.496,111.600
313.002,102.786,62.496,111.600
280.770,108.554,62.496,111.600
273.645,144.178,62.496,111.600
290.270,179.803,62.496,111.600
302.145,195.749,62.496,111.600
309.269,182.517,62.496,111.600
327.930,155.035,62.496,111.600
343.198,126.196,62.496,111.600
338.787,109.572,62.496,111.600
326.912,113.982,62.496,111.600
315.037,142.821,62.496,111.600
320.805,180.482,62.496,111.600
313.680,196.428,62.496,111.600
278.734,201.517,62.496,111.600
276.359,176.071,62.496,111.600
295.020,141.125,62.496,111.600
302.145,125.179,62.496,111.600
295.020,125.518,62.496,111.600
298.752,155.714,62.496,111.600
324.198,194.731,62.496,111.600
327.930,212.713,62.496,111.600
316.055,206.946,62.496,111.600
317.752,176.749,62.496,111.600
321.484,170.303,62.496,111.600
320.466,187.606,62.496,111.600
295.020,229.338,62.496,111.600
283.823,258.177,62.496,111.600
289.591,235.445,62.496,111.600
289.930,188.964,62.496,111.600
298.412,151.303,62.496,111.600
318.430,153.000,62.496,111.600
325.555,180.482,62.496,111.600
318.430,238.499,62.496,111.600
307.912,289.730,62.496,111.600
294.680,288.713,62.496,111.600
288.913,239.517,62.496,111.600
295.359,183.535,62.496,111.600
307.912,161.482,62.496,111.600
323.180,184.892,62.496,111.600
322.841,224.588,62.496,111.600
310.099,275.812,61.163,109.220
293.165,276.808,61.163,109.220
282.207,233.310,61.163,109.220
289.844,186.492,61.163,109.220
316.740,168.229,61.163,109.220
331.682,193.797,61.163,109.220
331.350,239.951,61.163,109.220
325.041,278.801,61.163,109.220
299.474,276.476,61.163,109.220
274.570,232.314,61.163,109.220
274.238,180.847,61.163,109.220
299.142,169.889,61.163,109.220
308.771,202.098,61.163,109.220
297.149,266.847,61.163,109.220
300.138,325.619,61.163,109.220
311.760,323.295,61.163,109.220
320.061,287.102,61.163,109.220
321.057,242.275,61.163,109.220
320.061,222.685,61.163,109.220
313.352,238.251,59.859,106.891
305.228,282.772,59.859,106.891
310.752,318.193,59.859,106.891
316.276,304.219,59.859,106.891
314.652,257.749,59.859,106.891
304.578,211.929,59.859,106.891
294.504,196.006,59.859,106.891
292.229,214.529,59.859,106.891
280.855,258.399,59.859,106.891
266.882,273.673,59.859,106.891
260.057,246.050,59.859,106.891
270.781,196.331,59.859,106.891
293.854,168.709,59.859,106.891
311.727,187.882,59.859,106.891
308.802,226.553,59.859,106.891
283.780,280.822,59.859,106.891
274.356,280.497,59.859,106.891
277.281,224.278,59.859,106.891
284.105,165.459,59.859,106.891
284.430,131.337,59.859,106.891
276.956,126.463,59.859,106.891
270.131,163.184,59.859,106.891
270.456,220.703,59.859,106.891
264.932,251.575,59.859,106.891
255.508,236.301,59.859,106.891
263.632,187.882,59.859,106.891
289.304,152.460,59.859,106.891
297.428,152.135,59.859,106.891
288.654,171.958,59.859,106.891
274.031,205.430,59.859,106.891
258.108,226.552,59.859,106.891
238.935,234.027,59.859,106.891
224.311,231.102,59.859,106.891
227.236,222.328,59.859,106.891
250.308,219.403,59.859,106.891
266.882,226.877,59.859,106.891
270.456,225.253,59.859,106.891
281.830,218.428,59.859,106.891
290.604,203.805,59.859,106.891
293.529,191.131,59.859,106.891
301.653,192.106,59.859,106.891
300.678,196.331,59.859,106.891
291.904,199.905,59.859,106.891
282.480,199.580,59.859,106.891
267.857,197.306,59.859,106.891
262.332,196.331,59.859,106.891
276.956,186.907,59.859,106.891
300.028,170.983,59.859,106.891
310.752,155.060,59.859,106.891
326.025,146.286,59.859,106.891
347.798,154.410,59.859,106.891
342.924,155.385,59.859,106.891
319.851,152.460,59.859,106.891
298.078,156.685,59.859,106.891
293.204,157.660,59.859,106.891
286.380,156.685,59.859,106.891
275.656,152.460,59.859,106.891
272.731,141.086,59.859,106.891
282.155,129.063,59.859,106.891
292.229,124.838,59.859,106.891
299.703,127.113,59.859,106.891
302.628,133.287,59.859,106.891
304.903,139.462,59.859,106.891
314.327,143.036,59.859,106.891
323.751,149.211,59.859,106.891
319.526,153.435,59.859,106.891
306.852,159.610,59.859,106.891
297.428,163.834,59.859,106.891
297.753,168.709,59.859,106.891
307.827,173.583,59.859,106.891
318.551,184.307,59.859,106.891
321.476,193.731,59.859,106.891
319.201,202.505,59.859,106.891
314.327,211.279,59.859,106.891
315.302,218.103,59.859,106.891
318.226,221.028,59.859,106.891
317.251,222.003,59.859,106.891
309.127,224.278,59.859,106.891
305.553,227.852,59.859,106.891
306.527,230.777,59.859,106.891
306.852,233.702,59.859,106.891
