57.000,156.000,198.000,173.000
56.270,153.810,198.000,173.000
59.920,154.540,198.000,173.000
60.650,156.730,198.000,173.000
62.839,156.000,198.000,173.000
65.029,156.730,198.000,173.000
65.759,158.920,198.000,173.000
66.489,161.109,198.000,173.000
71.598,160.379,198.000,173.000
67.949,165.489,198.000,173.000
75.977,161.839,198.000,173.000
66.972,168.255,202.381,176.828
72.194,166.017,202.381,176.828
68.464,169.747,202.381,176.828
73.686,169.001,202.381,176.828
66.972,175.716,202.381,176.828
65.507,171.438,206.858,180.740
69.320,178.301,206.858,180.740
73.132,182.113,206.858,180.740
75.420,179.826,206.858,180.740
79.233,177.538,206.858,180.740
68.242,170.001,211.435,184.739
72.139,173.898,211.435,184.739
63.565,166.883,211.435,184.739
54.991,159.868,211.435,184.739
50.227,155.398,216.113,188.826
49.430,157.788,216.113,188.826
50.227,158.585,216.113,188.826
51.023,164.162,216.113,188.826
51.112,154.634,220.895,193.004
45.412,152.191,220.895,193.004
38.083,144.862,220.895,193.004
34.945,141.426,216.184,188.888
40.523,150.193,216.184,188.888
38.132,146.208,216.184,188.888
34.914,143.291,220.967,193.067
37.358,140.848,220.967,193.067
35.758,137.867,225.856,197.339
38.256,137.034,225.856,197.339
37.424,134.537,225.856,197.339
41.586,138.699,225.856,197.339
37.424,136.202,225.856,197.339
41.586,137.034,225.856,197.339
34.093,132.871,225.856,197.339
41.586,140.365,225.856,197.339
32.428,134.537,225.856,197.339
39.921,138.699,225.856,197.339
30.763,132.871,225.856,197.339
41.586,140.365,225.856,197.339
32.428,134.537,225.856,197.339
31.595,133.704,225.856,197.339
35.758,137.867,225.856,197.339
35.759,134.354,221.040,193.131
39.833,140.057,221.040,193.131
37.389,135.983,221.040,193.131
39.833,136.798,221.040,193.131
39.018,134.354,221.040,193.131
41.463,140.057,221.040,193.131
40.648,135.983,221.040,193.131
43.093,136.798,221.040,193.131
45.537,134.354,221.040,193.131
41.463,140.057,221.040,193.131
44.935,133.694,225.930,197.404
39.105,137.858,225.930,197.404
34.941,133.694,225.930,197.404
35.774,139.524,225.930,197.404
31.610,133.694,225.930,197.404
37.440,137.858,225.930,197.404
36.607,132.028,225.930,197.404
37.440,136.193,225.930,197.404
38.272,132.028,225.930,197.404
35.774,136.193,225.930,197.404
36.607,133.694,225.930,197.404
37.440,136.193,225.930,197.404
36.607,132.028,225.930,197.404
37.440,136.193,225.930,197.404
36.607,132.028,225.930,197.404
39.105,136.193,225.930,197.404
36.607,132.028,225.930,197.404
39.105,136.193,225.930,197.404
36.607,132.028,225.930,197.404
39.105,136.193,225.930,197.404
36.607,132.028,225.930,197.404
39.105,136.193,225.930,197.404
36.607,130.362,225.930,197.404
39.105,136.193,225.930,197.404
34.941,130.362,225.930,197.404
39.105,136.193,225.930,197.404
36.607,130.362,225.930,197.404
37.440,136.193,225.930,197.404
38.272,132.028,225.930,197.404
37.440,134.527,225.930,197.404
36.607,132.028,225.930,197.404
37.440,134.527,225.930,197.404
36.607,132.028,225.930,197.404
39.105,136.193,225.930,197.404
36.607,132.028,225.930,197.404
39.105,136.193,225.930,197.404
36.607,132.028,225.930,197.404
39.105,136.193,225.930,197.404
36.607,132.028,225.930,197.404
39.105,136.193,225.930,197.404
36.607,132.028,225.930,197.404
39.105,136.193,225.930,197.404
36.607,132.028,225.930,197.404
39.105,136.193,225.930,197.404
36.607,132.028,225.930,197.404
39.105,136.193,225.930,197.404
36.607,132.028,225.930,197.404
37.440,136.193,225.930,197.404
38.272,133.694,225.930,197.404
37.440,136.193,225.930,197.404
38.272,133.694,225.930,197.404
37.440,136.193,225.930,197.404
36.607,132.028,225.930,197.404
39.105,136.193,225.930,197.404
36.607,132.028,225.930,197.404
39.105,137.858,225.930,197.404
36.607,132.028,225.930,197.404
39.105,136.193,225.930,197.404
36.607,132.028,225.930,197.404
37.440,136.193,225.930,197.404
36.607,132.028,225.930,197.404
39.105,137.858,225.930,197.404
36.607,132.028,225.930,197.404
39.105,136.193,225.930,197.404
36.607,132.028,225.930,197.404
39.105,136.193,225.930,197.404
36.607,132.028,225.930,197.404
37.440,136.193,225.930,197.404
36.607,133.694,225.930,197.404
39.105,137.858,225.930,197.404
34.941,132.028,225.930,197.404
39.105,137.858,225.930,197.404
34.941,132.028,225.930,197.404
39.105,137.858,225.930,197.404
34.941,132.028,225.930,197.404
39.105,137.858,225.930,197.404
34.941,132.028,225.930,197.404
39.105,137.858,225.930,197.404
34.941,132.028,225.930,197.404
39.105,137.858,225.930,197.404
34.941,132.028,225.930,197.404
39.105,137.858,225.930,197.404
34.941,132.028,225.930,197.404
39.105,137.858,225.930,197.404
34.941,132.028,225.930,197.404
39.105,137.858,225.930,197.404
34.941,132.028,225.930,197.404
44.575,139.752,221.112,193.194
38.869,135.677,221.112,193.194
39.684,136.492,221.112,193.194
37.239,134.047,221.112,193.194
42.945,141.383,221.112,193.194
37.239,135.677,221.112,193.194
42.945,139.752,221.112,193.194
37.239,134.047,221.112,193.194
39.684,139.752,221.112,193.194
35.609,135.677,221.112,193.194
39.684,138.122,221.112,193.194
35.609,135.677,221.112,193.194
39.684,138.122,221.112,193.194
37.239,135.677,221.112,193.194
41.314,138.122,221.112,193.194
41.315,137.825,216.397,189.074
38.922,140.218,216.397,189.074
44.506,139.421,216.397,189.074
38.922,137.027,216.397,189.074
46.101,142.611,216.397,189.074
38.922,137.027,216.397,189.074
46.101,142.611,216.397,189.074
38.922,137.027,216.397,189.074
47.697,142.611,216.397,189.074
40.517,137.027,216.397,189.074
44.506,141.016,216.397,189.074
40.517,137.027,216.397,189.074
44.506,141.016,216.397,189.074
40.517,137.027,216.397,189.074
44.506,141.016,216.397,189.074
42.113,137.027,216.397,189.074
46.101,141.016,216.397,189.074
42.113,137.027,216.397,189.074
44.506,141.016,216.397,189.074
42.113,138.623,216.397,189.074
42.911,139.421,216.397,189.074
42.113,138.623,216.397,189.074
42.911,139.421,216.397,189.074
42.113,137.027,216.397,189.074
42.911,141.016,216.397,189.074
40.517,137.027,216.397,189.074
42.911,141.016,216.397,189.074
40.517,137.027,216.397,189.074
42.911,142.611,216.397,189.074
38.922,137.027,216.397,189.074
44.506,142.611,216.397,189.074
40.517,138.623,216.397,189.074
41.315,139.421,216.397,189.074
40.517,137.027,216.397,189.074
39.720,141.016,216.397,189.074
42.113,137.027,216.397,189.074
41.315,139.421,216.397,189.074
40.517,137.027,216.397,189.074
42.911,141.016,216.397,189.074
40.517,137.027,216.397,189.074
41.315,141.016,216.397,189.074
40.517,137.027,216.397,189.074
42.911,141.016,216.397,189.074
40.517,137.027,216.397,189.074
42.911,141.016,216.397,189.074
40.517,137.027,216.397,189.074
42.911,141.016,216.397,189.074
40.517,137.027,216.397,189.074
41.315,141.016,216.397,189.074
40.517,137.027,216.397,189.074
42.911,141.016,216.397,189.074
40.517,137.027,216.397,189.074
41.315,141.016,216.397,189.074
40.517,137.027,216.397,189.074
41.315,141.016,216.397,189.074
40.517,137.027,216.397,189.074
41.315,141.016,216.397,189.074
40.517,137.027,216.397,189.074
42.911,141.016,216.397,189.074
42.113,137.027,216.397,189.074
42.911,141.016,216.397,189.074
42.113,137.027,216.397,189.074
42.911,139.421,216.397,189.074
42.113,138.623,216.397,189.074
42.911,139.421,216.397,189.074
43.708,138.623,216.397,189.074
42.911,139.421,216.397,189.074
43.708,137.027,216.397,189.074
41.315,139.421,216.397,189.074
43.708,138.623,216.397,189.074
39.720,137.825,216.397,189.074
43.708,141.814,216.397,189.074
39.720,137.825,216.397,189.074
43.708,143.409,216.397,189.074
39.720,137.825,216.397,189.074
43.708,141.814,216.397,189.074
41.315,139.421,216.397,189.074
43.708,138.623,216.397,189.074
42.911,139.421,216.397,189.074
43.708,138.623,216.397,189.074
41.315,137.825,216.397,189.074
43.708,140.218,216.397,189.074
41.315,137.825,216.397,189.074
42.113,140.218,216.397,189.074
42.911,137.825,216.397,189.074
40.517,138.623,216.397,189.074
42.911,141.016,216.397,189.074
42.113,137.027,216.397,189.074
42.911,141.016,216.397,189.074
40.517,137.027,216.397,189.074
41.315,142.611,216.397,189.074
40.517,137.027,216.397,189.074
41.315,142.611,216.397,189.074
40.517,138.623,216.397,189.074
41.315,142.611,216.397,189.074
40.517,138.623,216.397,189.074
41.315,142.611,216.397,189.074
40.517,138.623,216.397,189.074
42.911,142.611,216.397,189.074
40.517,138.623,216.397,189.074
42.911,142.611,216.397,189.074
40.517,138.623,216.397,189.074
42.911,142.611,216.397,189.074
40.517,138.623,216.397,189.074
42.911,141.016,216.397,189.074
42.113,137.027,216.397,189.074
42.911,141.016,216.397,189.074
42.113,137.027,216.397,189.074
42.911,141.016,216.397,189.074
42.113,137.027,216.397,189.074
42.911,141.016,216.397,189.074
42.113,137.027,216.397,189.074
42.911,141.016,216.397,189.074
42.113,137.027,216.397,189.074
42.911,141.016,216.397,189.074
42.113,137.027,216.397,189.074
42.911,141.016,216.397,189.074
42.113,137.027,216.397,189.074
42.911,141.016,216.397,189.074
42.113,137.027,216.397,189.074
42.911,141.016,216.397,189.074
42.113,137.027,216.397,189.074
42.911,141.016,216.397,189.074
40.517,137.027,216.397,189.074
42.911,141.016,216.397,189.074
40.517,137.027,216.397,189.074
41.315,141.016,216.397,189.074
40.517,137.027,216.397,189.074
41.315,141.016,216.397,189.074
40.517,137.027,216.397,189.074
42.911,141.016,216.397,189.074
42.113,137.027,216.397,189.074
42.911,141.016,216.397,189.074
42.113,138.623,216.397,189.074
42.911,141.016,216.397,189.074
40.517,137.027,216.397,189.074
39.720,141.016,216.397,189.074
40.517,137.027,216.397,189.074
39.720,141.016,216.397,189.074
42.113,138.623,216.397,189.074
41.315,139.421,216.397,189.074
42.113,138.623,216.397,189.074
44.506,141.016,216.397,189.074
40.517,137.027,216.397,189.074
42.911,141.016,216.397,189.074
42.113,137.027,216.397,189.074
44.506,141.016,216.397,189.074
40.517,137.027,216.397,189.074
42.911,141.016,216.397,189.074
42.113,137.027,216.397,189.074
44.506,141.016,216.397,189.074
40.517,137.027,216.397,189.074
42.911,141.016,216.397,189.074
40.517,137.027,216.397,189.074
42.911,141.016,216.397,189.074
40.517,137.027,216.397,189.074
42.911,142.611,216.397,189.074
40.517,138.623,216.397,189.074
41.315,142.611,216.397,189.074
38.922,138.623,216.397,189.074
42.911,144.207,216.397,189.074
37.327,138.623,216.397,189.074
41.315,144.207,216.397,189.074
40.517,140.218,216.397,189.074
53.849,145.575,221.185,193.257
48.864,142.592,226.078,197.533
49.697,150.092,226.078,197.533
48.864,147.592,226.078,197.533
49.697,155.093,226.078,197.533
48.864,152.592,226.078,197.533
48.031,158.426,226.078,197.533
47.197,154.259,226.078,197.533
46.364,160.093,226.078,197.533
45.530,155.926,226.078,197.533
43.030,155.093,226.078,197.533
47.197,160.926,226.078,197.533
44.697,156.759,226.078,197.533
43.061,158.898,231.080,201.903
43.912,154.638,231.080,201.903
46.468,158.898,231.080,201.903
43.912,152.935,231.080,201.903
48.172,155.490,231.080,201.903
47.320,149.527,231.080,201.903
46.468,146.972,231.080,201.903
48.331,142.087,236.193,206.371
38.753,134.250,236.193,206.371
32.040,132.255,231.156,201.970
36.969,138.515,226.227,197.663
39.471,136.013,226.227,197.663
36.969,133.511,226.227,197.663
41.138,137.681,226.227,197.663
33.633,131.843,226.227,197.663
34.467,137.681,226.227,197.663
35.301,133.511,226.227,197.663
41.732,139.638,221.402,193.447
37.651,135.557,221.402,193.447
40.100,139.638,221.402,193.447
37.651,135.557,221.402,193.447
41.732,139.638,221.402,193.447
37.651,135.557,221.402,193.447
41.732,139.638,221.402,193.447
37.651,135.557,221.402,193.447
41.732,139.638,221.402,193.447
37.651,135.557,221.402,193.447
41.732,141.270,221.402,193.447
37.651,135.557,221.402,193.447
40.100,139.638,221.402,193.447
37.651,135.557,221.402,193.447
40.100,139.638,221.402,193.447
36.019,135.557,221.402,193.447
40.100,139.638,221.402,193.447
36.019,135.557,221.402,193.447
38.467,139.638,221.402,193.447
36.019,135.557,221.402,193.447
40.100,139.638,221.402,193.447
38.527,137.767,216.681,189.322
44.118,143.359,216.681,189.322
36.930,137.767,216.681,189.322
44.118,143.359,216.681,189.322
38.527,137.767,216.681,189.322
45.716,143.359,216.681,189.322
41.722,137.767,216.681,189.322
44.118,141.761,216.681,189.322
40.125,137.767,216.681,189.322
42.521,141.761,216.681,189.322
44.917,139.365,216.681,189.322
51.636,146.386,221.475,193.511
45.921,152.101,221.475,193.511
36.940,146.386,221.475,193.511
29.592,142.304,221.475,193.511
43.472,149.652,221.475,193.511
39.389,145.570,221.475,193.511
43.472,152.918,221.475,193.511
54.085,147.203,221.475,193.511
58.167,146.386,221.475,193.511
58.984,142.304,221.475,193.511
56.535,143.121,221.475,193.511
55.718,139.038,221.475,193.511
53.269,136.589,221.475,193.511
50.820,135.773,221.475,193.511
50.003,136.589,221.475,193.511
47.554,135.773,221.475,193.511
45.104,136.589,221.475,193.511
44.288,137.406,221.475,193.511
43.472,136.589,221.475,193.511
45.921,137.406,221.475,193.511
46.737,138.222,221.475,193.511
47.554,139.038,221.475,193.511
46.737,139.855,221.475,193.511
49.187,139.038,221.475,193.511
50.003,139.855,221.475,193.511
49.187,139.038,221.475,193.511
50.003,138.222,221.475,193.511
49.187,137.406,221.475,193.511
48.370,134.956,221.475,193.511
47.554,134.140,221.475,193.511
46.737,133.323,221.475,193.511
47.554,132.507,221.475,193.511
46.737,133.323,221.475,193.511
49.187,132.507,221.475,193.511
50.003,134.956,221.475,193.511
50.820,135.773,221.475,193.511
51.636,133.323,221.475,193.511
52.452,135.773,221.475,193.511
54.902,138.222,221.475,193.511
57.351,140.671,221.475,193.511
54.902,144.753,221.475,193.511
58.984,140.671,221.475,193.511
61.433,148.019,221.475,193.511
62.250,152.101,221.475,193.511
46.737,149.652,221.475,193.511
42.655,155.367,221.475,193.511
43.472,154.551,221.475,193.511
36.124,145.570,221.475,193.511
32.041,139.855,221.475,193.511
42.297,147.032,226.375,197.792
36.456,139.521,226.375,197.792
43.966,143.694,226.375,197.792
36.456,136.183,226.375,197.792
43.966,138.687,226.375,197.792
38.125,134.514,226.375,197.792
42.297,138.687,226.375,197.792
36.456,132.845,226.375,197.792
40.628,138.687,226.375,197.792
36.456,134.514,226.375,197.792
40.628,138.687,226.375,197.792
36.456,134.514,226.375,197.792
38.959,137.018,226.375,197.792
34.787,134.514,226.375,197.792
42.831,140.645,221.547,193.574
37.114,134.928,221.547,193.574
41.197,140.645,221.547,193.574
38.747,136.561,221.547,193.574
41.197,137.378,221.547,193.574
38.747,134.928,221.547,193.574
37.931,139.011,221.547,193.574
37.114,136.561,221.547,193.574
41.197,137.378,221.547,193.574
37.114,134.928,221.547,193.574
39.564,140.645,221.547,193.574
35.480,134.928,221.547,193.574
39.564,140.645,221.547,193.574
35.480,134.928,221.547,193.574
41.197,140.645,221.547,193.574
37.114,136.561,221.547,193.574
41.197,137.378,221.547,193.574
38.747,134.928,221.547,193.574
37.931,139.011,221.547,193.574
38.747,136.561,221.547,193.574
37.931,135.745,221.547,193.574
38.747,139.828,221.547,193.574
36.297,135.745,221.547,193.574
38.747,139.828,221.547,193.574
36.297,135.745,221.547,193.574
38.747,139.828,221.547,193.574
36.297,135.745,221.547,193.574
37.114,139.828,221.547,193.574
37.931,137.378,221.547,193.574
35.480,134.928,221.547,193.574
39.564,140.645,221.547,193.574
33.847,134.928,221.547,193.574
41.197,140.645,221.547,193.574
35.480,134.928,221.547,193.574
39.564,140.645,221.547,193.574
35.480,134.928,221.547,193.574
37.931,140.645,221.547,193.574
35.480,134.928,221.547,193.574
36.297,139.011,221.547,193.574
37.114,134.928,221.547,193.574
37.931,139.011,221.547,193.574
37.114,134.928,221.547,193.574
41.197,139.011,221.547,193.574
37.114,134.928,221.547,193.574
41.197,139.011,221.547,193.574
38.747,134.928,221.547,193.574
37.931,139.011,221.547,193.574
37.114,134.928,221.547,193.574
39.564,139.011,221.547,193.574
37.114,134.928,221.547,193.574
39.564,139.011,221.547,193.574
37.114,134.928,221.547,193.574
39.564,139.011,221.547,193.574
37.114,134.928,221.547,193.574
41.197,140.645,221.547,193.574
41.198,137.199,216.823,189.446
41.997,141.195,216.823,189.446
39.600,137.199,216.823,189.446
41.997,141.195,216.823,189.446
41.198,138.797,216.823,189.446
41.997,139.596,216.823,189.446
41.198,138.797,216.823,189.446
40.399,139.596,216.823,189.446
41.198,140.396,216.823,189.446
40.399,137.998,216.823,189.446
42.797,141.994,216.823,189.446
38.800,137.998,216.823,189.446
44.395,141.994,216.823,189.446
38.800,137.998,216.823,189.446
44.395,143.593,216.823,189.446
38.800,137.998,216.823,189.446
44.395,143.593,216.823,189.446
38.800,137.998,216.823,189.446
44.395,143.593,216.823,189.446
38.800,137.998,216.823,189.446
44.395,143.593,216.823,189.446
38.800,137.998,216.823,189.446
44.395,143.593,216.823,189.446
38.800,137.998,216.823,189.446
44.395,143.593,216.823,189.446
38.800,137.998,216.823,189.446
44.395,143.593,216.823,189.446
38.800,137.998,216.823,189.446
44.395,143.593,216.823,189.446
38.800,137.998,216.823,189.446
44.395,143.593,216.823,189.446
38.800,137.998,216.823,189.446
44.395,143.593,216.823,189.446
38.800,137.998,216.823,189.446
44.395,143.593,216.823,189.446
38.800,137.998,216.823,189.446
44.395,143.593,216.823,189.446
38.800,137.998,216.823,189.446
44.395,141.994,216.823,189.446
40.399,137.998,216.823,189.446
42.797,141.994,216.823,189.446
38.800,137.998,216.823,189.446
45.994,143.593,216.823,189.446
40.399,137.998,216.823,189.446
44.395,141.994,216.823,189.446
40.399,137.998,216.823,189.446
44.395,141.994,216.823,189.446
40.399,137.998,216.823,189.446
44.395,141.994,216.823,189.446
40.399,137.998,216.823,189.446
44.395,141.994,216.823,189.446
40.399,137.998,216.823,189.446
44.395,141.994,216.823,189.446
40.399,137.998,216.823,189.446
44.395,141.994,216.823,189.446
40.399,137.998,216.823,189.446
44.395,141.994,216.823,189.446
40.399,137.998,216.823,189.446
44.395,141.994,216.823,189.446
40.399,137.998,216.823,189.446
44.395,141.994,216.823,189.446
40.399,137.998,216.823,189.446
44.395,141.994,216.823,189.446
40.399,137.998,216.823,189.446
44.395,141.994,216.823,189.446
40.399,137.998,216.823,189.446
44.395,141.994,216.823,189.446
40.399,137.998,216.823,189.446
44.395,141.994,216.823,189.446
40.399,137.998,216.823,189.446
44.395,141.994,216.823,189.446
40.399,137.998,216.823,189.446
44.395,141.994,216.823,189.446
40.399,137.998,216.823,189.446
44.395,141.994,216.823,189.446
40.399,137.998,216.823,189.446
42.797,141.994,216.823,189.446
38.800,137.998,216.823,189.446
45.994,143.593,216.823,189.446
40.399,137.998,216.823,189.446
44.395,141.994,216.823,189.446
40.399,137.998,216.823,189.446
44.395,141.994,216.823,189.446
40.399,137.998,216.823,189.446
42.797,141.994,216.823,189.446
38.800,137.998,216.823,189.446
44.395,141.994,216.823,189.446
38.800,137.998,216.823,189.446
41.198,141.994,216.823,189.446
37.202,137.998,216.823,189.446
42.797,141.994,216.823,189.446
38.800,137.998,216.823,189.446
47.592,143.593,216.823,189.446
40.399,137.998,216.823,189.446
42.797,141.994,216.823,189.446
40.399,137.998,216.823,189.446
44.395,143.593,216.823,189.446
40.399,137.998,216.823,189.446
45.994,141.994,216.823,189.446
40.399,137.998,216.823,189.446
45.994,143.593,216.823,189.446
38.800,139.596,216.823,189.446
49.191,145.191,216.823,189.446
40.399,139.596,216.823,189.446
49.191,143.593,216.823,189.446
38.800,139.596,216.823,189.446
44.395,143.593,216.823,189.446
37.202,139.596,216.823,189.446
39.599,143.593,216.823,189.446
38.800,141.195,216.823,189.446
42.797,143.593,216.823,189.446
38.800,139.596,216.823,189.446
44.395,145.191,216.823,189.446
38.800,139.596,216.823,189.446
45.994,145.191,216.823,189.446
40.399,139.596,216.823,189.446
44.395,145.191,216.823,189.446
40.399,141.195,216.823,189.446
44.395,143.593,216.823,189.446
40.399,139.596,216.823,189.446
44.395,143.593,216.823,189.446
40.399,139.596,216.823,189.446
42.797,141.994,216.823,189.446
40.399,139.596,216.823,189.446
50.790,145.191,216.823,189.446
43.596,142.794,216.823,189.446
45.994,145.191,216.823,189.446
41.107,140.608,221.620,193.638
41.199,144.399,226.523,197.922
37.023,138.554,226.523,197.922
34.518,141.059,226.523,197.922
37.023,145.234,226.523,197.922
32.195,141.710,221.693,193.701
39.550,147.431,221.693,193.701
33.249,145.558,216.965,189.570
45.246,155.955,216.965,189.570
41.247,151.956,216.965,189.570
50.045,160.754,216.965,189.570
46.046,153.556,216.965,189.570
46.846,159.155,216.965,189.570
50.845,164.753,216.965,189.570
50.934,158.507,221.765,193.765
50.117,164.230,221.765,193.765
50.934,161.777,221.765,193.765
51.752,162.595,221.765,193.765
55.839,166.682,221.765,193.765
62.716,168.780,226.672,198.052
63.551,172.958,226.672,198.052
64.387,170.451,226.672,198.052
66.894,174.629,226.672,198.052
62.716,170.451,226.672,198.052
58.538,176.300,226.672,198.052
51.018,168.780,226.672,198.052
53.524,167.944,226.672,198.052
52.689,163.766,226.672,198.052
53.524,161.259,226.672,198.052
52.689,162.095,226.672,198.052
50.182,159.588,226.672,198.052
46.004,157.081,226.672,198.052
43.497,154.575,226.672,198.052
40.990,150.397,226.672,198.052
38.484,151.232,226.672,198.052
35.977,148.725,226.672,198.052
35.141,146.219,226.672,198.052
32.634,148.725,226.672,198.052
31.799,146.219,226.672,198.052
30.963,148.725,226.672,198.052
31.799,146.219,226.672,198.052
29.292,152.068,226.672,198.052
32.514,151.763,221.838,193.828
33.332,155.852,221.838,193.828
32.514,153.399,221.838,193.828
33.332,157.488,221.838,193.828
32.514,155.034,221.838,193.828
33.332,154.217,221.838,193.828
32.514,155.034,221.838,193.828
33.332,154.217,221.838,193.828
34.150,155.034,221.838,193.828
33.332,155.852,221.838,193.828
34.150,156.670,221.838,193.828
34.968,157.488,221.838,193.828
35.785,159.941,221.838,193.828
36.603,157.488,221.838,193.828
35.785,163.212,221.838,193.828
38.239,160.759,221.838,193.828
39.057,161.577,221.838,193.828
38.239,164.030,221.838,193.828
39.057,164.848,221.838,193.828
39.874,165.666,221.838,193.828
40.692,166.483,221.838,193.828
