478.000,143.000,80.000,111.000
475.377,141.876,80.000,111.000
475.752,138.503,80.000,111.000
473.128,135.130,80.000,111.000
472.754,132.507,80.000,111.000
471.629,130.633,80.000,111.000
469.756,128.760,80.000,111.000
469.381,127.635,80.000,111.000
469.006,125.762,80.000,111.000
467.132,124.638,80.000,111.000
467.507,122.764,80.000,111.000
464.884,123.139,80.000,111.000
466.008,121.265,80.000,111.000
464.134,121.640,80.000,111.000
464.509,119.766,80.000,111.000
462.635,118.642,80.000,111.000
462.261,117.517,80.000,111.000
461.137,118.642,80.000,111.000
459.263,119.766,80.000,111.000
457.389,120.141,80.000,111.000
456.265,119.766,80.000,111.000
452.892,120.890,80.000,111.000
449.519,121.265,80.000,111.000
445.397,120.141,80.000,111.000
442.774,121.265,80.000,111.000
437.153,124.638,80.000,111.000
430.782,128.760,80.000,111.000
424.412,132.132,80.000,111.000
417.291,135.505,80.000,111.000
407.173,140.377,80.000,111.000
397.055,145.248,80.000,111.000
388.436,149.371,80.000,111.000
379.817,153.493,80.000,111.000
370.448,156.866,80.000,111.000
360.330,160.988,80.000,111.000
347.097,163.977,78.294,108.633
336.461,165.811,78.294,108.633
323.624,166.911,78.294,108.633
310.788,169.479,78.294,108.633
298.685,170.579,78.294,108.633
285.849,170.946,78.294,108.633
278.147,172.046,78.294,108.633
271.912,173.146,78.294,108.633
266.861,173.847,80.026,111.036
262.475,173.785,81.797,113.493
259.582,174.517,83.607,116.004
258.251,175.266,85.456,118.571
257.721,175.200,87.347,121.194
258.949,172.336,87.347,121.194
260.954,173.118,89.280,123.875
263.881,168.517,89.280,123.875
266.799,169.317,91.255,126.616
268.081,162.905,91.255,126.616
270.219,159.912,91.255,126.616
272.356,153.500,91.255,126.616
274.493,143.669,91.255,126.616
272.356,133.837,91.255,126.616
273.638,124.005,91.255,126.616
274.921,112.464,91.255,126.616
275.348,100.067,91.255,126.616
274.921,89.380,91.255,126.616
274.493,79.549,91.255,126.616
274.066,69.717,91.255,126.616
274.493,61.595,91.255,126.616
274.066,54.328,91.255,126.616
272.783,48.771,91.255,126.616
274.066,44.069,91.255,126.616
271.928,40.222,91.255,126.616
274.066,35.520,91.255,126.616
274.493,32.527,91.255,126.616
275.776,31.245,91.255,126.616
277.913,29.108,91.255,126.616
280.122,30.870,89.309,123.916
284.724,32.125,89.309,123.916
290.162,31.707,89.309,123.916
296.438,33.798,89.309,123.916
301.876,34.217,89.309,123.916
306.478,34.635,89.309,123.916
312.672,37.972,87.404,121.274
319.524,40.449,85.540,118.687
327.774,42.101,83.716,116.156
336.604,43.718,81.931,113.679
346.726,44.560,80.184,111.255
356.116,44.184,80.184,111.255
368.194,45.008,78.474,108.882
380.014,47.941,76.800,106.561
391.582,50.118,75.163,104.288
402.497,51.174,75.163,104.288
415.176,56.019,73.560,102.064
430.682,53.607,73.560,102.064
445.498,57.397,73.560,102.064
458.248,59.809,73.560,102.064
472.091,64.042,75.187,104.322
479.487,69.325,75.187,104.322
486.884,75.313,75.187,104.322
499.211,79.891,75.187,104.322
506.607,82.357,75.187,104.322
512.594,86.231,75.187,104.322
517.173,90.105,75.187,104.322
519.638,93.979,75.187,104.322
518.582,98.558,75.187,104.322
516.116,102.432,75.187,104.322
513.651,105.602,75.187,104.322
509.072,109.476,75.187,104.322
503.789,113.350,75.187,104.322
497.097,117.225,75.187,104.322
489.323,120.821,76.851,106.630
481.376,124.497,78.551,108.990
474.385,128.544,78.551,108.990
468.130,130.384,78.551,108.990
461.139,133.695,78.551,108.990
453.412,135.535,78.551,108.990
444.526,137.002,80.289,111.401
435.876,139.635,80.289,111.401
427.978,143.772,80.289,111.401
420.832,147.909,80.289,111.401
412.530,150.969,82.065,113.866
403.688,154.428,82.065,113.866
396.384,158.657,82.065,113.866
389.849,163.654,82.065,113.866
383.314,168.652,82.065,113.866
377.547,173.649,82.065,113.866
369.475,177.878,82.065,113.866
362.171,182.107,82.065,113.866
354.867,185.566,82.065,113.866
346.025,188.257,82.065,113.866
337.952,190.948,82.065,113.866
330.648,192.870,82.065,113.866
324.882,194.792,82.065,113.866
319.885,194.408,82.065,113.866
315.656,195.561,82.065,113.866
316.040,195.946,82.065,113.866
317.963,194.792,82.065,113.866
320.653,192.870,82.065,113.866
324.882,194.023,82.065,113.866
330.648,196.714,82.065,113.866
338.721,197.868,82.065,113.866
348.332,200.559,82.065,113.866
357.942,204.787,82.065,113.866
368.321,207.478,82.065,113.866
380.238,211.707,82.065,113.866
391.387,215.935,82.065,113.866
404.072,220.933,82.065,113.866
413.933,224.858,83.881,116.385
426.458,226.424,85.737,118.960
435.926,229.692,87.634,121.592
445.368,235.028,87.634,121.592
452.347,242.828,87.634,121.592
456.862,248.164,87.634,121.592
459.736,252.680,87.634,121.592
460.967,253.090,87.634,121.592
459.736,251.038,87.634,121.592
456.862,248.164,87.634,121.592
454.810,243.649,87.634,121.592
451.936,235.849,87.634,121.592
448.242,228.050,87.634,121.592
443.439,222.020,89.573,124.282
440.502,220.761,89.573,124.282
439.076,219.821,91.555,127.032
441.220,216.819,91.555,127.032
441.649,213.817,91.555,127.032
442.078,209.957,91.555,127.032
441.510,205.437,93.580,129.843
440.930,199.908,95.651,132.715
438.477,198.904,97.767,135.652
436.920,199.780,99.930,138.653
434.358,198.731,102.141,141.721
429.753,197.660,104.401,144.856
424.373,195.215,104.401,144.856
417.038,194.726,104.401,144.856
409.702,191.302,104.401,144.856
399.922,191.222,106.711,148.061
390.424,191.722,106.711,148.061
377.927,189.223,106.711,148.061
362.432,187.723,106.711,148.061
345.936,184.224,106.711,148.061
332.440,183.724,106.711,148.061
318.943,181.225,106.711,148.061
305.447,177.726,106.711,148.061
285.952,174.227,106.711,148.061
271.191,171.469,104.435,144.904
262.874,170.002,104.435,144.904
252.601,167.556,104.435,144.904
243.306,166.088,104.435,144.904
234.011,167.556,104.435,144.904
226.673,166.088,104.435,144.904
221.292,168.534,104.435,144.904
214.932,170.980,104.435,144.904
208.572,173.426,104.435,144.904
202.213,177.829,104.435,144.904
194.875,181.253,104.435,144.904
188.515,185.656,104.435,144.904
183.134,188.102,104.435,144.904
177.752,190.548,104.435,144.904
173.350,192.016,104.435,144.904
167.968,194.462,104.435,144.904
162.587,196.908,104.435,144.904
159.163,197.397,104.435,144.904
158.673,199.843,104.435,144.904
156.227,198.375,104.435,144.904
158.625,198.295,106.746,148.110
154.125,198.795,106.746,148.110
156.625,198.295,106.746,148.110
152.125,197.795,106.746,148.110
153.625,195.295,106.746,148.110
149.124,191.795,106.746,148.110
147.624,185.294,106.746,148.110
146.124,179.794,106.746,148.110
143.624,172.294,106.746,148.110
138.124,164.793,106.746,148.110
133.623,154.293,106.746,148.110
126.123,143.792,106.746,148.110
119.623,132.291,106.746,148.110
114.495,121.822,104.469,144.951
111.364,108.745,102.242,141.860
109.223,97.794,100.061,138.835
108.031,87.980,97.927,135.874
112.170,78.375,95.839,132.977
114.490,68.975,93.795,130.141
117.566,57.991,93.795,130.141
118.884,46.128,93.795,130.141
122.838,33.387,93.795,130.141
129.344,26.728,91.795,127.366
138.374,19.418,91.795,127.366
148.885,14.559,89.837,124.649
158.564,10.772,89.837,124.649
171.609,6.143,89.837,124.649
181.085,6.255,87.922,121.991
192.741,5.571,86.047,119.390
208.033,6.456,84.212,116.844
219.196,5.800,82.416,114.352
228.076,5.414,82.416,114.352
236.769,5.517,80.658,111.913
243.948,5.139,80.658,111.913
250.371,7.029,80.658,111.913
255.282,9.673,80.658,111.913
257.927,10.051,80.658,111.913
260.572,11.940,80.658,111.913
262.461,14.585,80.658,111.913
262.839,17.230,80.658,111.913
260.950,19.119,80.658,111.913
261.328,20.253,80.658,111.913
260.194,22.142,80.658,111.913
258.305,24.031,80.658,111.913
256.616,28.502,78.938,109.527
256.246,30.351,78.938,109.527
257.355,32.939,78.938,109.527
256.246,37.006,78.938,109.527
254.593,39.956,77.255,107.191
257.161,44.239,75.607,104.905
258.991,47.747,73.995,102.668
262.111,49.480,73.995,102.668
265.238,51.577,72.417,100.479
267.613,52.594,72.417,100.479
269.309,54.290,72.417,100.479
271.683,55.987,72.417,100.479
274.744,58.039,70.873,98.336
275.740,56.379,70.873,98.336
278.728,54.055,70.873,98.336
283.044,51.731,70.873,98.336
286.032,52.063,70.873,98.336
289.668,54.072,69.361,96.239
288.693,55.046,69.361,96.239
290.317,54.721,69.361,96.239
290.642,55.696,69.361,96.239
289.668,56.021,69.361,96.239
288.693,56.346,69.361,96.239
287.068,57.970,69.361,96.239
286.743,60.245,69.361,96.239
285.119,63.169,69.361,96.239
284.144,66.093,69.361,96.239
282.520,68.368,69.361,96.239
280.895,70.642,69.361,96.239
280.570,72.916,69.361,96.239
279.595,74.541,69.361,96.239
281.220,76.815,69.361,96.239
282.195,80.389,69.361,96.239
282.520,83.313,69.361,96.239
283.494,86.238,69.361,96.239
283.819,88.512,69.361,96.239
284.794,90.786,69.361,96.239
285.119,93.711,69.361,96.239
284.794,95.985,69.361,96.239
285.119,97.609,69.361,96.239
286.172,100.828,67.882,94.187
286.490,103.690,67.882,94.187
287.444,106.551,67.882,94.187
285.218,109.413,67.882,94.187
286.172,112.275,67.882,94.187
286.589,116.651,66.435,92.178
288.797,120.333,65.018,90.212
290.320,123.683,65.018,90.212
293.061,127.034,65.018,90.212
296.983,130.050,63.631,88.289
300.247,133.577,62.274,86.406
302.289,136.786,62.274,86.406
303.165,139.995,62.274,86.406
304.623,143.204,62.274,86.406
304.915,146.413,62.274,86.406
306.422,149.302,60.946,84.563
307.898,152.680,59.647,82.760
309.880,154.909,58.375,80.995
312.348,158.672,57.130,79.268
315.794,160.807,55.912,77.577
318.662,161.887,54.719,75.923
318.919,163.168,54.719,75.923
319.688,162.912,54.719,75.923
315.330,165.732,54.719,75.923
317.118,162.498,55.930,77.603
314.236,163.808,55.930,77.603
316.070,161.450,55.930,77.603
313.188,163.808,55.930,77.603
315.560,166.483,57.167,79.320
317.434,165.144,57.167,79.320
318.237,167.555,57.167,79.320
319.550,163.065,58.432,81.075
316.743,161.555,57.186,79.346
318.618,159.144,57.186,79.346
317.815,157.805,57.186,79.346
318.618,154.858,57.186,79.346
317.279,150.840,57.186,79.346
317.011,146.286,57.186,79.346
315.136,141.197,57.186,79.346
314.332,134.500,57.186,79.346
316.207,126.731,57.186,79.346
317.011,121.106,57.186,79.346
317.279,115.481,57.186,79.346
318.036,108.211,58.451,81.101
318.857,102.461,58.451,81.101
320.774,96.163,58.451,81.101
323.786,91.509,58.451,81.101
326.250,85.759,58.451,81.101
329.262,80.556,58.451,81.101
332.821,75.902,58.451,81.101
335.833,70.699,58.451,81.101
338.297,65.497,58.451,81.101
342.405,59.747,58.451,81.101
346.512,54.545,58.451,81.101
351.166,49.343,58.451,81.101
356.368,45.783,58.451,81.101
364.309,41.676,58.451,81.101
371.154,37.569,58.451,81.101
378.547,33.462,58.451,81.101
386.487,28.807,58.451,81.101
392.784,24.153,58.451,81.101
400.725,20.593,58.451,81.101
411.112,20.139,57.205,79.372
418.542,21.763,58.470,81.128
426.485,23.132,58.470,81.128
434.976,26.693,58.470,81.128
444.014,30.253,58.470,81.128
453.600,33.266,58.470,81.128
463.734,40.661,58.470,81.128
475.875,49.141,59.764,82.923
481.894,54.323,61.086,84.757
487.903,60.332,61.086,84.757
489.899,68.004,62.438,86.633
490.726,75.239,63.819,88.549
487.437,82.115,63.819,88.549
483.551,88.991,63.819,88.549
480.861,94.671,63.819,88.549
479.366,99.155,63.819,88.549
476.077,104.237,63.819,88.549
472.191,111.113,63.819,88.549
467.707,116.195,63.819,88.549
465.016,120.679,63.819,88.549
462.326,126.957,63.819,88.549
460.233,130.844,63.819,88.549
459.934,135.926,63.819,88.549
461.429,142.204,63.819,88.549
461.728,148.482,63.819,88.549
463.223,155.357,63.819,88.549
463.521,161.037,63.819,88.549
465.614,165.522,63.819,88.549
466.511,170.604,63.819,88.549
466.810,175.088,63.819,88.549
470.098,177.181,63.819,88.549
471.593,179.273,63.819,88.549
474.284,180.768,63.819,88.549
477.572,181.067,63.819,88.549
479.067,181.964,63.819,88.549
479.964,181.665,63.819,88.549
480.263,182.562,63.819,88.549
478.768,182.263,63.819,88.549
480.263,180.768,63.819,88.549
479.366,179.273,63.819,88.549
478.469,177.779,63.819,88.549
476.376,173.892,63.819,88.549
476.077,170.604,63.819,88.549
477.572,166.717,63.819,88.549
478.417,160.465,65.231,90.509
478.012,154.075,66.675,92.511
480.191,146.894,68.150,94.558
481.787,141.467,68.150,94.558
483.383,134.764,68.150,94.558
485.618,128.060,68.150,94.558
485.299,122.633,68.150,94.558
486.895,117.206,68.150,94.558
486.576,113.056,68.150,94.558
486.257,109.544,68.150,94.558
487.214,104.756,68.150,94.558
486.895,100.606,68.150,94.558
487.214,95.817,68.150,94.558
488.811,90.390,68.150,94.558
485.937,83.048,68.150,94.558
482.426,78.898,68.150,94.558
478.914,74.748,68.150,94.558
474.764,69.959,68.150,94.558
469.976,65.809,68.150,94.558
464.549,59.744,68.150,94.558
456.839,53.729,69.658,96.650
444.897,46.905,71.199,98.788
429.231,42.698,72.774,100.974
417.849,42.789,71.222,98.821
412.178,41.788,71.222,98.821
403.612,39.305,69.703,96.713
396.102,36.366,69.703,96.713
387.939,32.121,69.703,96.713
378.470,29.183,69.703,96.713
365.083,25.591,69.703,96.713
355.615,22.653,69.703,96.713
344.187,19.061,69.703,96.713
334.718,17.428,69.703,96.713
327.208,17.102,69.703,96.713
319.045,16.122,69.703,96.713
310.882,16.449,69.703,96.713
304.026,16.775,69.703,96.713
300.048,16.862,68.217,94.651
293.338,17.182,68.217,94.651
286.627,16.223,68.217,94.651
281.834,16.543,68.217,94.651
277.680,16.223,68.217,94.651
271.609,15.265,68.217,94.651
264.898,16.223,68.217,94.651
260.744,15.904,68.217,94.651
259.146,17.502,68.217,94.651
258.188,20.377,68.217,94.651
258.507,24.532,68.217,94.651
256.909,28.047,68.217,94.651
255.312,31.562,68.217,94.651
250.518,33.159,68.217,94.651
245.725,36.035,68.217,94.651
241.571,38.911,68.217,94.651
236.778,42.426,68.217,94.651
231.653,44.975,66.762,92.632
224.460,47.165,66.762,92.632
218.518,50.605,66.762,92.632
221.943,55.511,65.338,90.657
218.576,57.041,65.338,90.657
217.046,62.857,65.338,90.657
211.231,66.835,65.338,90.657
213.373,71.426,65.338,90.657
214.904,76.629,65.338,90.657
214.598,81.220,65.338,90.657
212.455,86.424,65.338,90.657
214.598,91.015,65.338,90.657
216.733,94.775,66.784,92.663
214.543,98.216,66.784,92.663
216.733,103.534,66.784,92.663
211.414,158.906,66.784,92.663
213.597,164.697,68.262,94.713
213.917,166.935,68.262,94.713
213.597,165.337,68.262,94.713
212.637,161.819,68.262,94.713
213.597,162.779,68.262,94.713
212.637,159.901,68.262,94.713
213.597,162.139,68.262,94.713
213.277,162.459,68.262,94.713
213.597,159.581,68.262,94.713
212.637,161.819,68.262,94.713
212.957,160.860,68.262,94.713
213.917,161.819,68.262,94.713
212.957,162.779,68.262,94.713
213.917,164.377,68.262,94.713
212.957,165.337,68.262,94.713
214.556,166.935,68.262,94.713
212.806,166.883,69.772,96.808
214.440,165.902,69.772,96.808
212.152,164.268,69.772,96.808
213.133,164.595,69.772,96.808
212.806,164.922,69.772,96.808
214.440,163.941,69.772,96.808
212.152,164.268,69.772,96.808
213.841,164.355,68.284,94.744
213.644,163.208,66.828,92.724
213.331,165.399,66.828,92.724
214.216,164.698,68.306,94.775
213.128,163.317,69.818,96.872
213.374,163.264,71.362,99.015
212.931,162.515,72.941,101.206
213.188,162.459,74.555,103.445
212.725,162.402,76.205,105.734
211.512,161.602,77.891,108.073
211.877,161.237,77.891,108.073
210.782,161.602,77.891,108.073
211.147,161.967,77.891,108.073
211.512,162.332,77.891,108.073
211.877,161.967,77.891,108.073
211.512,161.602,77.891,108.073
211.877,161.237,77.891,108.073
212.242,161.602,77.891,108.073
212.607,160.508,77.891,108.073
211.512,160.143,77.891,108.073
212.607,160.508,77.891,108.073
210.052,158.683,77.891,108.073
210.417,159.048,77.891,108.073
210.782,159.413,77.891,108.073
209.688,160.508,77.891,108.073
210.052,159.413,77.891,108.073
211.938,160.917,76.230,105.769
212.295,160.560,76.230,105.769
212.652,161.631,76.230,105.769
211.581,161.274,76.230,105.769
211.938,162.345,76.230,105.769
212.295,162.703,76.230,105.769
212.652,162.345,76.230,105.769
212.295,163.417,76.230,105.769
212.652,163.774,76.230,105.769
212.295,163.417,76.230,105.769
212.652,163.774,76.230,105.769
213.009,163.417,76.230,105.769
213.366,164.488,76.230,105.769
213.009,164.131,76.230,105.769
212.652,163.774,76.230,105.769
212.295,163.417,76.230,105.769
212.652,164.488,76.230,105.769
212.295,164.131,76.230,105.769
212.652,163.060,76.230,105.769
212.295,164.131,76.230,105.769
212.652,163.060,76.230,105.769
213.009,164.131,76.230,105.769
212.652,163.774,76.230,105.769
212.295,163.417,76.230,105.769
212.652,163.774,76.230,105.769
212.295,163.417,76.230,105.769
212.652,164.488,76.230,105.769
212.295,164.131,76.230,105.769
212.652,163.060,76.230,105.769
212.295,164.131,76.230,105.769
212.652,163.060,76.230,105.769
212.295,163.417,76.230,105.769
212.652,163.774,76.230,105.769
211.581,162.703,76.230,105.769
211.938,163.060,76.230,105.769
212.295,163.417,76.230,105.769
213.366,164.488,76.230,105.769
213.009,164.131,76.230,105.769
212.652,163.774,76.230,105.769
212.295,163.417,76.230,105.769
212.652,163.774,76.230,105.769
212.295,162.703,76.230,105.769
212.652,163.060,76.230,105.769
212.295,163.417,76.230,105.769
212.652,163.774,76.230,105.769
212.295,163.417,76.230,105.769
212.652,163.060,76.230,105.769
213.009,163.417,76.230,105.769
213.366,163.774,76.230,105.769
213.723,163.417,76.230,105.769
212.652,164.488,76.230,105.769
212.295,164.845,76.230,105.769
212.652,163.060,76.230,105.769
213.009,164.845,76.230,105.769
211.224,162.345,76.230,105.769
213.009,163.417,76.230,105.769
213.366,164.488,76.230,105.769
213.723,164.845,76.230,105.769
211.938,163.060,76.230,105.769
213.009,164.131,76.230,105.769
213.366,164.488,76.230,105.769
213.723,164.845,76.230,105.769
211.938,162.345,76.230,105.769
212.295,163.417,76.230,105.769
212.652,164.488,76.230,105.769
211.581,164.845,76.230,105.769
210.510,163.060,76.230,105.769
210.153,162.703,76.230,105.769
208.939,163.385,77.916,108.109
206.184,163.325,79.640,110.501
293.106,188.320,79.640,110.501
285.645,189.033,81.402,112.945
272.299,187.126,81.402,112.945
264.292,188.270,81.402,112.945
257.810,190.939,81.402,112.945
251.327,189.033,81.402,112.945
242.910,187.388,83.203,115.444
235.505,184.659,83.203,115.444
228.519,184.595,85.044,117.999
221.747,181.807,85.044,117.999
216.259,180.088,86.926,120.609
212.595,178.052,86.926,120.609
211.373,176.831,86.926,120.609
214.214,175.074,88.849,123.278
217.127,173.825,88.849,123.278
221.705,172.577,88.849,123.278
227.199,171.645,90.815,126.005
232.815,168.044,92.824,128.793
241.077,168.479,92.824,128.793
250.208,168.044,92.824,128.793
257.600,170.218,92.824,128.793
264.991,168.914,92.824,128.793
272.383,168.479,92.824,128.793
278.905,166.305,92.824,128.793
273.818,167.136,94.878,131.643
268.041,168.469,94.878,131.643
263.764,165.629,96.977,134.555
262.401,164.267,96.977,134.555
263.764,161.087,96.977,134.555
260.584,157.907,96.977,134.555
261.946,153.818,96.977,134.555
261.492,150.638,96.977,134.555
263.764,148.367,96.977,134.555
261.492,143.370,96.977,134.555
263.764,139.282,96.977,134.555
259.675,136.102,96.977,134.555
262.855,132.013,96.977,134.555
264.139,127.226,99.122,137.532
265.532,123.976,99.122,137.532
267.807,119.082,101.316,140.575
271.129,117.658,101.316,140.575
274.451,113.387,101.316,140.575
278.747,108.385,103.557,143.685
286.023,103.049,103.557,143.685
283.598,100.624,103.557,143.685
285.053,97.228,103.557,143.685
285.538,94.802,103.557,143.685
287.964,93.347,103.557,143.685
287.479,90.922,103.557,143.685
286.023,89.466,103.557,143.685
288.449,89.952,103.557,143.685
284.083,90.437,103.557,143.685
290.389,88.981,103.557,143.685
286.994,92.377,103.557,143.685
295.240,90.922,103.557,143.685
300.552,91.051,101.349,140.621
302.926,93.425,101.349,140.621
304.350,94.849,101.349,140.621
307.719,97.721,99.187,137.623
311.911,101.428,97.072,134.688
316.891,105.932,95.002,131.815
321.764,110.340,92.976,129.004
324.813,114.260,92.976,129.004
328.733,119.051,92.976,129.004
332.663,122.525,90.993,126.253
337.330,127.569,89.053,123.561
342.753,130.489,89.053,123.561
346.508,134.243,89.053,123.561
349.428,137.163,89.053,123.561
352.348,140.918,89.053,123.561
353.599,145.506,89.053,123.561
352.538,151.247,87.154,120.926
351.314,154.921,87.154,120.926
348.456,161.045,87.154,120.926
343.965,165.535,87.154,120.926
338.658,171.659,87.154,120.926
333.685,178.064,85.295,118.347
328.490,184.057,85.295,118.347
322.497,190.051,85.295,118.347
316.090,196.319,83.476,115.823
309.442,202.184,83.476,115.823
302.795,206.486,83.476,115.823
298.493,209.223,83.476,115.823
295.756,212.742,83.476,115.823
297.023,217.369,81.696,113.353
295.875,220.813,81.696,113.353
297.023,222.727,81.696,113.353
298.937,223.875,81.696,113.353
300.850,224.258,81.696,113.353
302.763,226.171,81.696,113.353
305.442,228.850,81.696,113.353
306.590,229.233,81.696,113.353
306.208,229.615,81.696,113.353
305.825,229.998,81.696,113.353
305.442,229.615,81.696,113.353
306.590,229.998,81.696,113.353
305.442,229.615,81.696,113.353
306.590,229.998,81.696,113.353
305.442,229.615,81.696,113.353
306.590,229.998,81.696,113.353
306.208,229.615,81.696,113.353
305.825,229.998,81.696,113.353
305.442,228.850,81.696,113.353
306.590,229.233,81.696,113.353
306.208,229.615,81.696,113.353
305.825,229.998,81.696,113.353
305.442,228.850,81.696,113.353
306.590,229.233,81.696,113.353
306.208,229.615,81.696,113.353
305.825,229.998,81.696,113.353
305.442,229.615,81.696,113.353
306.590,229.998,81.696,113.353
306.208,228.850,81.696,113.353
305.825,229.233,81.696,113.353
305.442,229.615,81.696,113.353
306.590,229.998,81.696,113.353
306.208,229.615,81.696,113.353
305.825,229.998,81.696,113.353
305.442,228.850,81.696,113.353
306.590,229.233,81.696,113.353
306.208,229.615,81.696,113.353
305.825,229.998,81.696,113.353
305.442,229.615,81.696,113.353
306.590,229.998,81.696,113.353
306.208,229.615,81.696,113.353
305.825,229.998,81.696,113.353
305.442,229.615,81.696,113.353
305.825,229.998,81.696,113.353
304.677,229.615,81.696,113.353
305.825,229.998,81.696,113.353
305.442,229.615,81.696,113.353
306.590,229.998,81.696,113.353
306.208,229.615,81.696,113.353
305.825,229.998,81.696,113.353
304.677,229.615,81.696,113.353
305.825,229.998,81.696,113.353
305.442,229.615,81.696,113.353
306.590,229.998,81.696,113.353
306.208,229.615,81.696,113.353
305.825,229.998,81.696,113.353
305.442,228.850,81.696,113.353
306.590,229.233,81.696,113.353
306.208,229.615,81.696,113.353
305.825,229.998,81.696,113.353
305.442,229.615,81.696,113.353
306.590,229.998,81.696,113.353
306.208,229.615,81.696,113.353
305.825,229.998,81.696,113.353
305.442,229.615,81.696,113.353
306.590,229.998,81.696,113.353
306.208,229.615,81.696,113.353
305.825,229.998,81.696,113.353
305.442,229.615,81.696,113.353
306.590,229.998,81.696,113.353
306.208,229.615,81.696,113.353
305.825,229.998,81.696,113.353
305.442,229.615,81.696,113.353
306.590,229.998,81.696,113.353
306.208,228.850,81.696,113.353
305.825,229.233,81.696,113.353
305.442,229.615,81.696,113.353
306.590,229.998,81.696,113.353
306.208,229.615,81.696,113.353
305.825,229.998,81.696,113.353
305.442,229.615,81.696,113.353
306.590,229.998,81.696,113.353
305.442,229.615,81.696,113.353
306.590,229.998,81.696,113.353
306.208,229.615,81.696,113.353
305.825,229.998,81.696,113.353
305.442,228.850,81.696,113.353
306.590,229.233,81.696,113.353
306.208,229.615,81.696,113.353
305.825,229.998,81.696,113.353
305.442,229.615,81.696,113.353
306.590,229.998,81.696,113.353
306.208,228.850,81.696,113.353
305.825,229.233,81.696,113.353
305.442,229.615,81.696,113.353
306.590,229.998,81.696,113.353
306.208,228.850,81.696,113.353
305.825,229.233,81.696,113.353
305.442,229.615,81.696,113.353
306.590,229.998,81.696,113.353
306.208,228.850,81.696,113.353
305.825,229.233,81.696,113.353
305.442,229.615,81.696,113.353
306.590,229.998,81.696,113.353
305.442,229.615,81.696,113.353
306.590,229.998,81.696,113.353
306.208,228.850,81.696,113.353
305.825,229.233,81.696,113.353
305.442,229.615,81.696,113.353
306.590,229.998,81.696,113.353
306.208,228.850,81.696,113.353
305.825,229.233,81.696,113.353
305.442,229.615,81.696,113.353
306.590,229.998,81.696,113.353
306.208,228.850,81.696,113.353
305.060,229.233,81.696,113.353
306.208,229.615,81.696,113.353
305.825,229.998,81.696,113.353
305.442,228.850,81.696,113.353
306.590,229.233,81.696,113.353
306.208,229.615,81.696,113.353
305.825,229.998,81.696,113.353
304.677,228.850,81.696,113.353
305.825,229.233,81.696,113.353
305.442,229.615,81.696,113.353
306.590,229.998,81.696,113.353
306.208,228.850,81.696,113.353
305.825,229.233,81.696,113.353
305.442,229.615,81.696,113.353
306.590,229.998,81.696,113.353
306.208,228.850,81.696,113.353
305.825,229.233,81.696,113.353
305.442,229.615,81.696,113.353
306.590,229.998,81.696,113.353
306.208,228.850,81.696,113.353
305.825,229.233,81.696,113.353
305.442,229.615,81.696,113.353
306.590,229.998,81.696,113.353
306.208,228.850,81.696,113.353
305.825,229.233,81.696,113.353
305.442,229.615,81.696,113.353
305.825,228.467,81.696,113.353
304.677,225.788,81.696,113.353
302.763,223.875,81.696,113.353
301.615,220.431,81.696,113.353
301.998,217.752,81.696,113.353
300.850,215.073,81.696,113.353
301.233,210.863,81.696,113.353
303.146,205.888,81.696,113.353
305.862,200.826,79.954,110.936
309.963,196.594,78.249,108.570
314.684,191.746,76.580,106.255
320.064,186.365,76.580,106.255
326.880,180.984,76.580,106.255
332.261,174.886,76.580,106.255
337.642,169.505,76.580,106.255
343.740,164.124,76.580,106.255
349.839,159.461,76.580,106.255
356.654,153.363,76.580,106.255
364.188,149.417,76.580,106.255
373.156,144.036,76.580,106.255
381.406,139.372,76.580,106.255
388.940,136.144,76.580,106.255
397.190,132.915,76.580,106.255
405.441,128.969,76.580,106.255
414.409,127.176,76.580,106.255
422.122,126.372,78.275,108.606
429.822,124.539,78.275,108.606
436.055,125.639,78.275,108.606
442.289,128.206,78.275,108.606
448.522,130.039,78.275,108.606
452.555,133.339,78.275,108.606
457.322,135.906,78.275,108.606
462.088,139.206,78.275,108.606
465.388,141.039,78.275,108.606
468.688,144.339,78.275,108.606
471.988,146.905,78.275,108.606
475.288,150.939,78.275,108.606
477.855,154.239,78.275,108.606
479.688,157.539,78.275,108.606
480.788,161.572,78.275,108.606
483.355,165.605,78.275,108.606
485.921,168.905,78.275,108.606
487.755,172.205,78.275,108.606
491.063,173.717,76.605,106.290
494.301,177.963,74.972,104.023
498.147,180.087,73.373,101.805
497.803,181.806,73.373,101.805
496.085,184.212,73.373,101.805
494.548,188.279,71.808,99.634
492.866,188.615,71.808,99.634
490.512,188.952,71.808,99.634
487.484,189.288,71.808,99.634
485.130,188.952,71.808,99.634
482.775,189.288,71.808,99.634
481.093,186.933,71.808,99.634
479.411,187.270,71.808,99.634
477.057,185.588,71.808,99.634
476.047,184.579,71.808,99.634
475.841,184.020,70.277,97.509
474.195,183.691,70.277,97.509
473.865,184.020,70.277,97.509
472.878,182.374,70.277,97.509
474.524,181.386,70.277,97.509
474.195,179.740,70.277,97.509
476.499,177.436,70.277,97.509
477.487,174.473,70.277,97.509
478.474,172.827,70.277,97.509
479.462,171.181,70.277,97.509
481.766,170.852,70.277,97.509
482.095,169.206,70.277,97.509
483.083,168.877,70.277,97.509
482.095,167.889,70.277,97.509
480.449,166.902,70.277,97.509
477.487,165.914,70.277,97.509
475.182,164.927,70.277,97.509
472.878,163.281,70.277,97.509
469.915,162.951,70.277,97.509
467.611,161.305,70.277,97.509
465.965,159.659,70.277,97.509
464.977,158.013,70.277,97.509
465.965,155.709,70.277,97.509
467.611,156.038,70.277,97.509
468.598,153.075,70.277,97.509
469.586,154.721,70.277,97.509
470.573,155.051,70.277,97.509
471.561,153.405,70.277,97.509
472.549,155.709,70.277,97.509
473.536,152.746,70.277,97.509
473.865,150.442,70.277,97.509
474.113,151.754,71.832,99.667
473.776,149.399,71.832,99.667
476.132,147.716,71.832,99.667
477.814,147.380,71.832,99.667
480.161,148.023,73.421,101.872
483.257,147.679,73.421,101.872
482.088,147.622,75.046,104.126
478.704,147.564,76.706,106.429
476.189,148.642,76.706,106.429
470.799,148.283,76.706,106.429
464.691,149.361,76.706,106.429
457.864,148.283,76.706,106.429
449.933,148.224,78.403,108.784
443.689,148.591,78.403,108.784
438.630,150.817,80.138,111.191
436.753,150.442,80.138,111.191
434.126,148.565,80.138,111.191
431.498,149.691,80.138,111.191
390.743,150.515,78.429,108.820
383.028,151.617,78.429,108.820
382.094,151.007,76.756,106.499
382.453,153.524,76.756,106.499
382.813,154.602,76.756,106.499
381.015,154.243,76.756,106.499
381.375,156.040,76.756,106.499
379.074,158.216,75.119,104.228
379.426,159.975,75.119,104.228
376.496,163.461,73.517,102.005
372.708,166.560,73.517,102.005
375.119,171.037,73.517,102.005
434.007,168.626,73.517,102.005
435.040,172.414,73.517,102.005
431.252,174.825,73.517,102.005
424.709,177.924,73.517,102.005
412.656,181.024,73.517,102.005
398.536,182.057,73.517,102.005
383.728,181.024,73.517,102.005
368.920,180.679,73.517,102.005
356.178,181.713,73.517,102.005
343.436,182.746,73.517,102.005
332.760,184.468,73.517,102.005
322.300,184.411,75.144,104.262
313.500,184.763,75.144,104.262
304.700,184.411,75.144,104.262
297.308,181.947,75.144,104.262
289.916,181.595,75.144,104.262
281.116,181.947,75.144,104.262
275.537,178.968,76.807,106.569
271.580,176.449,76.807,106.569
267.371,176.390,78.506,108.927
265.532,170.874,78.506,108.927
266.571,170.050,80.243,111.337
268.451,163.660,80.243,111.337
271.833,159.526,80.243,111.337
276.720,154.639,80.243,111.337
281.606,149.753,80.243,111.337
288.748,143.363,80.243,111.337
298.897,134.718,80.243,111.337
306.039,126.824,80.243,111.337
313.181,119.682,80.243,111.337
318.067,112.541,80.243,111.337
319.946,106.151,80.243,111.337
320.322,99.009,80.243,111.337
321.450,91.867,80.243,111.337
321.074,85.477,80.243,111.337
317.691,79.839,80.243,111.337
315.812,74.952,80.243,111.337
313.181,70.818,80.243,111.337
309.046,65.931,80.243,111.337
304.911,61.045,80.243,111.337
300.025,55.407,80.243,111.337
295.138,49.768,80.243,111.337
288.748,47.137,80.243,111.337
283.862,46.761,80.243,111.337
280.479,47.137,80.243,111.337
277.096,49.017,80.243,111.337
274.465,50.144,80.243,111.337
274.233,52.418,78.532,108.963
276.073,54.258,78.532,108.963
275.705,56.097,78.532,108.963
279.016,57.201,78.532,108.963
280.119,57.568,78.532,108.963
285.566,61.212,76.857,106.639
291.686,65.892,76.857,106.639
297.807,71.293,76.857,106.639
304.647,78.133,76.857,106.639
312.928,84.974,76.857,106.639
320.488,91.094,76.857,106.639
327.328,99.374,76.857,106.639
334.169,108.375,76.857,106.639
341.729,117.375,76.857,106.639
347.130,127.096,76.857,106.639
353.376,136.001,78.557,108.998
360.368,144.465,78.557,108.998
365.888,151.457,78.557,108.998
367.728,157.713,78.557,108.998
366.624,163.232,78.557,108.998
364.048,170.224,78.557,108.998
357.056,175.008,78.557,108.998
349.328,176.848,78.557,108.998
343.809,178.688,78.557,108.998
336.817,177.584,78.557,108.998
329.089,176.480,78.557,108.998
323.188,175.159,76.882,106.674
313.941,174.561,75.243,104.399
307.949,174.209,75.243,104.399
302.662,173.151,75.243,104.399
296.671,167.864,75.243,104.399
294.203,161.168,75.243,104.399
293.851,160.110,75.243,104.399
299.843,161.168,75.243,104.399
303.015,159.405,75.243,104.399
304.777,156.233,75.243,104.399
309.359,155.176,75.243,104.399
311.860,153.232,73.638,102.173
314.308,150.664,72.068,99.994
316.671,146.950,72.068,99.994
318.415,145.088,70.531,97.861
320.728,142.775,70.531,97.861
319.076,141.784,70.531,97.861
317.424,140.793,70.531,97.861
315.772,140.463,70.531,97.861
310.816,138.811,70.531,97.861
306.521,139.141,70.531,97.861
301.565,136.828,70.531,97.861
296.610,137.159,70.531,97.861
292.315,137.489,70.531,97.861
288.680,136.498,70.531,97.861
285.707,134.846,70.531,97.861
284.055,133.855,70.531,97.861
288.350,131.542,70.531,97.861
293.306,129.229,70.531,97.861
297.601,126.917,70.531,97.861
297.270,128.569,70.531,97.861
296.940,127.578,70.531,97.861
296.610,127.908,70.531,97.861
296.940,126.917,70.531,97.861
295.288,126.586,70.531,97.861
294.297,126.256,70.531,97.861
297.915,126.344,69.027,95.775
298.238,127.961,69.027,95.775
300.502,126.991,69.027,95.775
303.412,125.374,69.027,95.775
303.088,125.697,69.027,95.775
302.765,125.374,69.027,95.775
303.088,126.344,69.027,95.775
303.412,125.374,69.027,95.775
305.028,124.404,69.027,95.775
304.058,124.081,69.027,95.775
305.675,122.464,69.027,95.775
305.352,122.141,69.027,95.775
305.675,121.171,69.027,95.775
305.998,121.494,69.027,95.775
305.028,122.464,69.027,95.775
305.998,123.434,69.027,95.775
306.322,123.757,69.027,95.775
306.645,123.434,69.027,95.775
307.615,123.757,69.027,95.775
307.292,123.434,69.027,95.775
308.909,124.404,69.027,95.775
309.879,125.374,69.027,95.775
310.202,125.051,69.027,95.775
309.232,124.727,69.027,95.775
310.202,124.404,69.027,95.775
309.879,125.374,69.027,95.775
311.495,125.051,69.027,95.775
310.525,124.727,69.027,95.775
310.849,123.757,69.027,95.775
311.819,124.081,69.027,95.775
311.495,123.757,69.027,95.775
310.525,123.434,69.027,95.775
310.849,123.757,69.027,95.775
310.525,122.141,69.027,95.775
310.202,121.171,69.027,95.775
308.585,120.201,69.027,95.775
308.262,119.231,69.027,95.775
305.998,118.907,69.027,95.775
305.028,117.290,69.027,95.775
304.058,117.614,69.027,95.775
303.088,116.644,69.027,95.775
302.118,118.261,69.027,95.775
301.148,119.231,69.027,95.775
300.178,118.907,69.027,95.775
299.208,118.584,69.027,95.775
298.885,117.614,69.027,95.775
299.208,115.350,69.027,95.775
297.592,115.027,69.027,95.775
297.268,114.057,69.027,95.775
296.945,113.734,69.027,95.775
299.855,112.764,69.027,95.775
300.825,112.440,69.027,95.775
303.088,112.764,69.027,95.775
304.058,111.147,69.027,95.775
305.028,111.470,69.027,95.775
306.645,110.500,69.027,95.775
308.262,108.884,69.027,95.775
309.232,107.267,69.027,95.775
311.495,106.943,69.027,95.775
314.405,106.620,69.027,95.775
317.962,105.003,69.027,95.775
322.166,105.327,69.027,95.775
325.076,105.650,69.027,95.775
329.279,105.973,69.027,95.775
332.836,106.943,69.027,95.775
337.039,108.560,69.027,95.775
341.243,110.824,69.027,95.775
346.093,111.794,69.027,95.775
350.296,112.764,69.027,95.775
355.146,113.087,69.027,95.775
358.703,114.704,69.027,95.775
362.907,116.320,69.027,95.775
367.110,117.290,69.027,95.775
371.313,116.967,69.027,95.775
376.164,116.644,69.027,95.775
379.090,116.591,70.554,97.894
382.081,117.222,72.115,100.059
384.438,118.569,73.711,102.273
384.697,119.228,75.341,104.536
387.168,120.287,75.341,104.536
387.520,118.523,75.341,104.536
388.518,118.465,77.008,106.849
388.157,118.825,77.008,106.849
387.796,119.186,77.008,106.849
388.157,118.825,77.008,106.849
386.353,119.186,77.008,106.849
385.993,117.382,77.008,106.849
386.353,117.743,77.008,106.849
385.271,118.104,77.008,106.849
384.911,117.743,77.008,106.849
387.436,118.825,77.008,106.849
385.632,119.907,77.008,106.849
388.157,120.268,77.008,106.849
389.239,119.907,77.008,106.849
392.486,120.990,77.008,106.849
395.732,122.793,77.008,106.849
398.258,123.875,77.008,106.849
400.783,124.958,77.008,106.849
404.029,126.040,77.008,106.849
407.276,127.844,77.008,106.849
410.522,130.369,77.008,106.849
415.284,132.555,78.712,109.213
418.622,135.555,80.454,111.629
422.767,138.193,80.454,111.629
424.651,139.323,80.454,111.629
424.934,140.825,82.234,114.099
423.779,143.522,82.234,114.099
423.269,144.258,84.053,116.624
421.930,145.827,85.913,119.204
419.113,147.839,85.913,119.204
416.296,149.047,85.913,119.204
413.479,148.644,85.913,119.204
410.662,149.852,85.913,119.204
406.789,148.951,87.814,121.841
400.619,147.716,87.814,121.841
393.626,147.305,87.814,121.841
387.029,147.415,85.941,119.243
382.901,146.746,84.108,116.700
378.861,144.573,82.315,114.211
373.849,143.416,82.315,114.211
369.607,140.717,82.315,114.211
365.366,139.560,82.315,114.211
361.124,137.632,82.315,114.211
357.654,134.162,82.315,114.211
354.955,130.692,82.315,114.211
351.485,130.306,82.315,114.211
352.642,127.607,82.315,114.211
350.918,129.196,80.559,111.776
353.559,127.310,80.559,111.776
