164.000,121.000,27.000,24.000
164.100,120.298,27.000,24.000
164.401,120.799,27.000,24.000
165.104,119.896,27.000,24.000
165.004,120.398,27.000,24.000
165.706,120.900,27.000,24.000
166.408,119.796,27.000,24.000
166.509,120.097,27.000,24.000
167.011,120.398,27.000,24.000
166.709,121.100,27.000,24.000
167.412,120.398,27.000,24.000
167.111,121.100,27.000,24.000
167.613,121.401,27.000,24.000
168.516,121.903,27.000,24.000
168.415,121.201,27.000,24.000
168.315,120.699,27.000,24.000
168.616,120.197,27.000,24.000
169.319,121.100,27.000,24.000
169.419,121.000,27.000,24.000
169.720,120.498,27.000,24.000
170.222,121.401,27.000,24.000
170.121,121.702,27.000,24.000
170.623,120.799,27.000,24.000
171.326,121.301,27.000,24.000
171.025,122.004,27.000,24.000
171.125,121.502,27.000,24.000
171.225,120.799,27.000,24.000
171.125,120.097,27.000,24.000
170.824,119.394,27.000,24.000
171.727,118.491,27.000,24.000
171.627,119.595,27.000,24.000
171.125,119.495,27.000,24.000
170.422,120.799,27.000,24.000
170.723,121.502,27.000,24.000
170.824,120.799,27.000,24.000
170.723,121.702,27.000,24.000
170.422,121.602,27.000,24.000
169.519,120.298,27.000,24.000
170.021,121.401,27.000,24.000
168.917,120.298,27.000,24.000
170.021,120.599,27.000,24.000
169.118,119.896,27.000,24.000
169.018,120.799,27.000,24.000
169.118,122.104,27.000,24.000
169.018,123.408,27.000,24.000
168.516,124.512,27.000,24.000
169.218,124.010,27.000,24.000
168.516,124.312,27.000,24.000
168.817,125.014,27.000,24.000
169.118,123.709,27.000,24.000
168.215,123.208,27.000,24.000
167.914,124.111,27.000,24.000
169.018,123.408,27.000,24.000
167.914,123.709,27.000,24.000
169.018,122.606,27.000,24.000
167.914,122.505,27.000,24.000
168.817,122.204,27.000,24.000
169.118,123.308,27.000,24.000
168.014,124.211,27.000,24.000
168.114,124.111,27.000,24.000
168.215,124.010,27.000,24.000
168.114,123.709,27.000,24.000
168.215,124.813,27.000,24.000
168.114,123.509,27.000,24.000
167.613,122.405,27.000,24.000
168.716,123.910,27.000,24.000
168.415,122.606,27.000,24.000
168.516,121.903,27.000,24.000
168.014,121.803,27.000,24.000
167.914,122.505,27.000,24.000
169.018,121.803,27.000,24.000
167.914,122.305,27.000,24.000
168.817,123.810,27.000,24.000
168.716,124.312,27.000,24.000
168.616,124.211,27.000,24.000
168.516,123.509,27.000,24.000
168.415,122.606,27.000,24.000
168.716,123.308,27.000,24.000
169.419,124.010,27.000,24.000
168.716,123.107,27.000,24.000
169.620,122.606,27.000,24.000
169.921,122.505,27.000,24.000
170.422,123.007,27.000,24.000
169.720,123.509,27.000,24.000
170.422,122.204,27.000,24.000
170.322,122.907,27.000,24.000
170.222,122.806,27.000,24.000
170.322,123.308,27.000,24.000
170.422,124.010,27.000,24.000
170.523,123.107,27.000,24.000
171.025,124.010,27.000,24.000
170.322,123.308,27.000,24.000
171.025,122.806,27.000,24.000
171.125,122.104,27.000,24.000
171.025,122.806,27.000,24.000
171.727,122.505,27.000,24.000
172.429,122.806,27.000,24.000
171.928,122.907,27.000,24.000
172.831,123.609,27.000,24.000
173.132,123.509,27.000,24.000
172.429,122.806,27.000,24.000
173.333,123.509,27.000,24.000
172.831,123.007,27.000,24.000
173.935,123.910,27.000,24.000
174.236,123.208,27.000,24.000
174.336,124.312,27.000,24.000
174.637,124.813,27.000,24.000
174.938,123.709,27.000,24.000
176.042,122.606,27.000,24.000
174.938,121.903,27.000,24.000
176.042,122.606,27.000,24.000
175.340,122.907,27.000,24.000
176.042,123.208,27.000,24.000
175.741,123.107,27.000,24.000
176.845,123.408,27.000,24.000
177.146,123.910,27.000,24.000
176.042,123.810,27.000,24.000
176.343,124.312,27.000,24.000
176.243,124.813,27.000,24.000
175.942,123.910,27.000,24.000
176.845,123.408,27.000,24.000
176.142,123.509,27.000,24.000
175.440,122.003,27.000,24.000
175.942,122.706,27.000,24.000
176.443,123.609,27.000,24.000
175.340,122.706,27.000,24.000
175.039,123.007,27.000,24.000
175.340,124.111,27.000,24.000
174.838,124.813,27.000,24.000
175.540,125.114,27.000,24.000
174.637,125.215,27.000,24.000
175.139,125.716,27.000,24.000
174.236,125.215,27.000,24.000
174.738,124.713,27.000,24.000
174.838,123.408,27.000,24.000
175.540,124.312,27.000,24.000
174.838,123.609,27.000,24.000
175.340,123.107,27.000,24.000
174.436,123.007,27.000,24.000
174.938,123.509,27.000,24.000
175.641,122.606,27.000,24.000
174.938,123.709,27.000,24.000
175.239,122.806,27.000,24.000
174.336,121.702,27.000,24.000
174.637,121.401,27.000,24.000
174.336,122.104,27.000,24.000
175.495,121.296,26.424,23.488
174.218,122.180,26.424,23.488
175.102,121.492,26.424,23.488
174.807,122.376,26.424,23.488
174.316,122.867,26.424,23.488
173.432,121.590,26.424,23.488
174.316,123.064,26.424,23.488
173.629,122.769,26.424,23.488
174.120,122.474,26.424,23.488
174.611,123.751,26.424,23.488
173.530,125.224,26.424,23.488
173.825,125.519,26.424,23.488
173.923,126.010,26.424,23.488
174.218,124.537,26.424,23.488
174.512,125.224,26.424,23.488
173.432,124.144,26.424,23.488
173.923,123.849,26.424,23.488
174.611,123.555,26.424,23.488
173.530,124.242,26.424,23.488
173.629,124.340,26.424,23.488
173.530,124.831,26.424,23.488
173.236,124.733,26.424,23.488
173.727,126.206,26.424,23.488
173.039,126.108,26.424,23.488
173.923,125.421,26.424,23.488
173.039,126.501,26.424,23.488
172.745,125.421,26.424,23.488
172.843,124.733,26.424,23.488
172.548,126.010,26.424,23.488
172.254,124.733,26.424,23.488
173.334,124.046,26.424,23.488
172.057,122.769,26.424,23.488
173.334,122.671,26.424,23.488
172.057,123.751,26.424,23.488
173.137,123.064,26.424,23.488
172.254,121.787,26.424,23.488
172.745,121.099,26.424,23.488
171.861,121.590,26.424,23.488
172.352,122.082,26.424,23.488
171.272,121.198,26.424,23.488
172.155,122.082,26.424,23.488
171.664,121.590,26.424,23.488
170.780,122.082,26.424,23.488
171.075,120.805,26.424,23.488
171.173,120.510,26.424,23.488
170.682,121.198,26.424,23.488
169.995,120.314,26.424,23.488
170.289,119.233,26.424,23.488
169.209,118.546,26.424,23.488
170.289,119.626,26.424,23.488
168.816,119.921,26.424,23.488
169.307,119.233,26.424,23.488
168.227,119.135,26.424,23.488
169.307,119.233,26.424,23.488
168.031,118.350,26.424,23.488
168.522,117.073,26.424,23.488
167.245,116.385,26.424,23.488
168.325,116.876,26.424,23.488
167.048,116.189,26.424,23.488
167.736,116.680,26.424,23.488
166.852,117.367,26.424,23.488
166.950,117.466,26.424,23.488
166.656,117.957,26.424,23.488
166.165,118.448,26.424,23.488
167.048,118.939,26.424,23.488
166.165,118.644,26.424,23.488
166.852,120.314,26.424,23.488
165.968,121.001,26.424,23.488
166.263,121.492,26.424,23.488
165.772,123.358,26.424,23.488
165.281,124.242,26.424,23.488
165.968,124.930,26.424,23.488
165.084,124.439,26.424,23.488
164.790,125.126,26.424,23.488
164.102,124.242,26.424,23.488
164.986,124.340,26.424,23.488
164.102,123.260,26.424,23.488
163.807,122.180,26.424,23.488
163.120,122.867,26.424,23.488
163.807,121.983,26.424,23.488
162.727,122.671,26.424,23.488
163.022,122.965,26.424,23.488
162.531,121.492,26.424,23.488
161.647,122.573,26.424,23.488
162.727,121.885,26.424,23.488
162.433,120.412,26.424,23.488
162.138,120.707,26.424,23.488
163.415,120.805,26.424,23.488
162.001,119.424,27.009,24.008
162.102,120.930,27.009,24.008
161.801,119.826,27.009,24.008
163.306,119.926,27.009,24.008
162.604,119.023,27.009,24.008
163.106,117.918,27.009,24.008
162.403,117.216,27.009,24.008
163.306,118.119,27.009,24.008
163.005,118.019,27.009,24.008
162.704,118.119,27.009,24.008
163.808,117.015,27.009,24.008
164.110,117.718,27.009,24.008
163.407,117.216,27.009,24.008
163.909,117.115,27.009,24.008
164.611,115.810,27.009,24.008
163.909,115.108,27.009,24.008
165.013,116.011,27.009,24.008
164.310,115.108,27.009,24.008
164.812,114.606,27.009,24.008
165.716,114.505,27.009,24.008
165.615,114.606,27.009,24.008
165.716,114.706,27.009,24.008
166.218,116.212,27.009,24.008
165.515,117.115,27.009,24.008
166.218,116.814,27.009,24.008
165.515,116.312,27.009,24.008
166.218,117.216,27.009,24.008
165.916,115.911,27.009,24.008
167.221,116.413,27.009,24.008
166.519,117.115,27.009,24.008
167.422,116.212,27.009,24.008
167.523,115.911,27.009,24.008
167.824,115.610,27.009,24.008
168.727,116.111,27.009,24.008
168.225,116.413,27.009,24.008
167.523,117.316,27.009,24.008
168.627,116.814,27.009,24.008
169.329,116.714,27.009,24.008
168.510,115.511,27.606,24.539
169.023,116.640,27.606,24.539
169.741,117.563,27.606,24.539
170.049,117.255,27.606,24.539
170.562,116.947,27.606,24.539
169.844,117.255,27.606,24.539
170.972,117.153,27.606,24.539
171.280,118.076,27.606,24.539
170.562,117.358,27.606,24.539
171.691,117.871,27.606,24.539
171.999,116.537,27.606,24.539
172.512,117.666,27.606,24.539
172.204,118.384,27.606,24.539
172.512,117.871,27.606,24.539
172.614,118.384,27.606,24.539
173.127,118.897,27.606,24.539
174.051,118.384,27.606,24.539
174.358,117.666,27.606,24.539
173.435,118.179,27.606,24.539
174.153,119.307,27.606,24.539
175.487,118.794,27.606,24.539
174.358,118.076,27.606,24.539
174.871,118.794,27.606,24.539
175.590,117.871,27.606,24.539
175.487,119.205,27.606,24.539
176.000,119.923,27.606,24.539
176.308,118.384,27.606,24.539
175.179,118.897,27.606,24.539
176.513,117.358,27.606,24.539
175.590,118.281,27.606,24.539
176.103,118.384,27.606,24.539
176.821,118.692,27.606,24.539
176.103,120.231,27.606,24.539
176.821,119.307,27.606,24.539
176.103,119.820,27.606,24.539
176.616,119.512,27.606,24.539
175.897,120.641,27.606,24.539
176.821,120.538,27.606,24.539
176.308,120.231,27.606,24.539
175.795,119.102,27.606,24.539
176.513,119.615,27.606,24.539
175.795,120.333,27.606,24.539
176.513,120.641,27.606,24.539
175.795,121.359,27.606,24.539
176.513,121.051,27.606,24.539
175.590,121.154,27.606,24.539
175.897,121.667,27.606,24.539
176.000,121.770,27.606,24.539
176.513,121.257,27.606,24.539
175.795,121.564,27.606,24.539
175.897,121.667,27.606,24.539
176.205,121.154,27.606,24.539
175.077,120.025,27.606,24.539
176.205,121.564,27.606,24.539
175.077,121.462,27.606,24.539
176.000,120.333,27.606,24.539
175.487,119.615,27.606,24.539
174.769,119.512,27.606,24.539
175.692,120.436,27.606,24.539
174.974,119.718,27.606,24.539
175.282,119.615,27.606,24.539
173.805,119.876,28.217,25.082
174.959,119.142,28.217,25.082
173.805,120.295,28.217,25.082
174.540,120.820,28.217,25.082
173.386,119.876,28.217,25.082
173.910,121.029,28.217,25.082
172.547,121.344,28.217,25.082
172.862,121.449,28.217,25.082
172.547,120.925,28.217,25.082
171.813,121.449,28.217,25.082
172.127,121.344,28.217,25.082
170.974,120.610,28.217,25.082
170.240,119.666,28.217,25.082
170.345,119.351,28.217,25.082
170.449,120.715,28.217,25.082
169.296,120.400,28.217,25.082
168.981,121.764,28.217,25.082
167.618,120.610,28.217,25.082
168.352,121.134,28.217,25.082
166.989,120.400,28.217,25.082
165.835,121.344,28.217,25.082
166.989,120.820,28.217,25.082
165.415,120.086,28.217,25.082
165.647,119.699,28.842,25.637
164.468,119.163,28.842,25.637
165.433,120.986,28.842,25.637
164.897,120.664,28.842,25.637
164.361,120.342,28.842,25.637
165.111,119.592,28.842,25.637
164.147,119.271,28.842,25.637
164.683,118.735,28.842,25.637
164.147,120.342,28.842,25.637
164.897,119.378,28.842,25.637
163.718,118.627,28.842,25.637
164.039,119.163,28.842,25.637
164.790,120.128,28.842,25.637
164.468,119.592,28.842,25.637
165.433,119.056,28.842,25.637
165.326,119.807,28.842,25.637
165.647,119.271,28.842,25.637
164.897,118.520,28.842,25.637
165.433,118.413,28.842,25.637
166.183,117.663,28.842,25.637
165.647,119.271,28.842,25.637
164.897,118.949,28.842,25.637
165.862,119.699,28.842,25.637
165.540,118.520,28.842,25.637
166.505,117.984,28.842,25.637
165.755,119.378,28.842,25.637
165.862,118.842,28.842,25.637
165.969,119.163,28.842,25.637
165.433,119.914,28.842,25.637
166.826,119.378,28.842,25.637
165.729,119.650,29.480,26.204
166.715,119.541,29.480,26.204
166.605,119.431,29.480,26.204
166.715,118.664,29.480,26.204
167.263,118.554,29.480,26.204
166.715,117.349,29.480,26.204
167.263,118.774,29.480,26.204
166.715,119.321,29.480,26.204
167.482,120.527,29.480,26.204
167.592,119.541,29.480,26.204
167.701,118.993,29.480,26.204
168.030,120.198,29.480,26.204
167.044,121.403,29.480,26.204
167.592,120.636,29.480,26.204
167.920,120.088,29.480,26.204
166.934,121.294,29.480,26.204
167.482,122.499,29.480,26.204
168.249,120.855,29.480,26.204
167.482,121.622,29.480,26.204
168.030,120.198,29.480,26.204
167.044,121.184,29.480,26.204
167.592,120.417,29.480,26.204
167.920,119.431,29.480,26.204
166.715,120.855,29.480,26.204
167.920,121.622,29.480,26.204
166.934,120.636,29.480,26.204
167.482,122.061,29.480,26.204
168.030,120.855,29.480,26.204
167.044,120.965,29.480,26.204
167.811,121.951,29.480,26.204
167.482,121.184,29.480,26.204
168.687,120.198,29.480,26.204
167.920,121.184,29.480,26.204
167.811,120.636,29.480,26.204
168.139,120.527,29.480,26.204
168.687,120.417,29.480,26.204
169.235,120.308,29.480,26.204
168.906,121.732,29.480,26.204
168.578,120.965,29.480,26.204
169.783,121.951,29.480,26.204
168.578,121.184,29.480,26.204
169.783,122.389,29.480,26.204
168.578,121.184,29.480,26.204
170.002,120.198,29.480,26.204
168.797,121.184,29.480,26.204
168.906,122.389,29.480,26.204
169.235,122.718,29.480,26.204
168.906,121.294,29.480,26.204
168.359,121.841,29.480,26.204
169.345,121.513,29.480,26.204
168.578,121.184,29.480,26.204
169.564,122.608,29.480,26.204
168.578,121.622,29.480,26.204
169.345,121.294,29.480,26.204
168.578,122.937,29.480,26.204
169.564,122.170,29.480,26.204
168.578,122.937,29.480,26.204
168.906,122.608,29.480,26.204
167.701,122.061,29.480,26.204
167.943,121.884,30.132,26.784
166.332,120.310,30.799,27.376
167.133,122.256,30.799,27.376
166.103,122.141,30.799,27.376
166.218,122.256,30.799,27.376
166.103,121.226,30.799,27.376
165.073,122.485,30.799,27.376
164.272,122.141,30.799,27.376
164.615,122.485,30.799,27.376
163.356,121.455,30.799,27.376
164.386,121.111,30.799,27.376
163.356,122.828,30.799,27.376
163.241,122.256,30.799,27.376
162.440,123.286,30.799,27.376
161.868,123.172,30.799,27.376
161.295,123.057,30.799,27.376
161.868,122.714,30.799,27.376
159.983,121.580,31.480,27.982
160.100,122.165,31.480,27.982
159.515,122.048,31.480,27.982
158.462,123.335,31.480,27.982
157.750,122.661,32.176,28.601
156.913,122.302,32.176,28.601
156.554,122.661,32.176,28.601
155.477,123.020,32.176,28.601
154.640,122.183,32.176,28.601
154.282,122.063,32.176,28.601
154.401,122.183,32.176,28.601
154.042,121.824,32.176,28.601
152.074,120.887,32.888,29.234
150.568,120.944,33.616,29.881
150.845,119.706,34.360,30.542
149.440,119.068,34.360,30.542
148.546,120.472,34.360,30.542
148.163,119.068,34.360,30.542
148.546,120.472,34.360,30.542
146.886,120.345,34.360,30.542
146.758,118.940,34.360,30.542
145.353,118.557,34.360,30.542
144.459,119.451,34.360,30.542
144.842,120.600,34.360,30.542
144.715,119.962,34.360,30.542
143.310,120.600,34.360,30.542
144.204,119.195,34.360,30.542
143.055,120.089,34.360,30.542
143.182,119.962,34.360,30.542
142.033,120.600,34.360,30.542
142.161,119.962,34.360,30.542
142.033,120.345,34.360,30.542
141.394,119.195,34.360,30.542
139.990,119.578,34.360,30.542
141.139,119.195,34.360,30.542
140.756,120.855,34.360,30.542
139.862,120.217,34.360,30.542
139.990,119.323,34.360,30.542
139.096,118.174,34.360,30.542
139.734,119.323,34.360,30.542
138.330,118.174,34.360,30.542
136.925,119.578,34.360,30.542
137.819,119.195,34.360,30.542
136.669,120.089,34.360,30.542
136.031,120.728,34.360,30.542
136.414,119.834,34.360,30.542
134.754,120.728,34.360,30.542
134.882,120.600,34.360,30.542
133.839,120.925,35.120,31.218
134.753,119.750,35.120,31.218
133.578,120.141,35.120,31.218
132.241,120.202,35.897,31.908
130.875,120.265,36.691,32.614
131.012,119.310,36.691,32.614
129.784,119.446,36.691,32.614
129.648,119.037,36.691,32.614
129.512,119.719,36.691,32.614
129.103,119.310,36.691,32.614
127.603,119.719,36.691,32.614
127.739,118.765,36.691,32.614
96.510,112.628,36.691,32.614
95.981,114.422,35.909,31.919
96.649,114.822,35.909,31.919
95.448,113.621,35.909,31.919
96.731,114.604,35.143,31.238
95.817,113.690,35.143,31.238
97.073,114.401,34.394,30.572
96.178,114.017,34.394,30.572
96.050,115.935,34.394,30.572
95.922,115.040,34.394,30.572
96.050,115.679,34.394,30.572
95.155,114.273,34.394,30.572
96.050,113.889,34.394,30.572
95.155,115.040,34.394,30.572
95.539,114.912,34.394,30.572
94.304,114.129,33.660,29.920
94.929,115.255,33.660,29.920
94.444,114.248,32.942,29.282
94.566,115.595,32.942,29.282
93.220,114.003,32.942,29.282
93.342,115.105,32.942,29.282
92.867,114.355,32.240,28.658
92.987,114.475,32.240,28.658
93.107,113.396,32.240,28.658
92.268,114.475,32.240,28.658
92.388,115.793,32.240,28.658
91.549,116.392,32.240,28.658
90.950,115.553,32.240,28.658
91.070,116.152,32.240,28.658
90.471,117.470,32.240,28.658
89.392,116.871,32.240,28.658
89.159,117.985,31.552,28.046
89.510,117.399,31.552,28.046
89.056,116.907,30.879,27.448
89.717,117.310,30.221,26.863
89.281,116.839,29.576,26.290
89.831,116.949,29.576,26.290
88.769,118.606,28.946,25.730
89.737,119.359,28.946,25.730
89.320,118.908,28.328,25.181
89.215,118.171,28.328,25.181
88.573,119.094,28.955,25.738
88.811,117.804,29.596,26.307
87.229,118.084,30.251,26.889
87.944,117.203,30.920,27.484
111.090,120.118,31.604,28.092
110.862,121.148,32.303,28.714
110.982,120.308,32.303,28.714
109.255,120.862,33.018,29.349
107.744,119.901,33.749,29.999
108.281,120.740,34.495,30.662
105.638,119.736,35.258,31.341
105.384,118.165,36.039,32.034
105.402,117.116,36.836,32.743
104.001,115.760,37.651,33.467
102.858,116.987,38.484,34.208
102.581,116.460,39.335,34.965
101.691,116.831,40.206,35.738
101.091,115.661,41.095,36.529
100.938,116.119,41.095,36.529
101.396,117.799,41.095,36.529
100.149,115.969,42.004,37.337
100.306,115.188,42.004,37.337
99.837,115.969,42.004,37.337
100.930,115.188,42.004,37.337
100.462,115.969,42.004,37.337
99.993,115.500,42.004,37.337
101.086,114.720,42.004,37.337
99.369,114.876,42.004,37.337
100.149,115.344,42.004,37.337
98.875,112.826,42.934,38.163
99.354,114.900,42.934,38.163
99.513,114.102,42.934,38.163
99.992,113.624,42.934,38.163
98.556,112.826,42.934,38.163
98.077,113.304,42.934,38.163
99.513,112.826,42.934,38.163
99.034,114.900,42.934,38.163
98.556,114.421,42.934,38.163
97.758,114.900,42.934,38.163
98.237,115.060,42.934,38.163
98.715,114.581,42.934,38.163
97.917,114.102,42.934,38.163
98.396,113.943,42.934,38.163
98.556,113.145,42.934,38.163
97.439,113.943,42.934,38.163
98.123,114.017,43.884,39.008
96.981,113.528,43.884,39.008
97.470,114.343,43.884,39.008
97.307,113.854,43.884,39.008
97.144,113.691,43.884,39.008
97.307,113.202,43.884,39.008
97.144,112.386,43.884,39.008
96.655,111.897,43.884,39.008
95.839,113.039,43.884,39.008
96.981,111.897,43.884,39.008
96.818,113.691,43.884,39.008
96.002,113.202,43.884,39.008
96.492,112.060,43.884,39.008
96.655,113.202,43.884,39.008
95.513,112.060,43.884,39.008
96.981,111.571,43.884,39.008
95.513,112.060,43.884,39.008
96.655,111.244,43.884,39.008
94.861,113.039,43.884,39.008
96.002,112.223,43.884,39.008
95.839,113.039,43.884,39.008
95.024,112.223,43.884,39.008
96.165,113.039,43.884,39.008
96.329,112.223,43.884,39.008
95.187,112.386,43.884,39.008
96.002,111.571,43.884,39.008
95.513,112.060,43.884,39.008
96.329,111.244,43.884,39.008
95.513,112.386,43.884,39.008
95.676,111.571,43.884,39.008
94.208,112.386,43.884,39.008
95.676,111.571,43.884,39.008
94.208,113.039,43.884,39.008
94.698,111.571,43.884,39.008
94.208,111.734,43.884,39.008
95.024,113.202,43.884,39.008
94.208,111.734,43.884,39.008
95.024,113.202,43.884,39.008
93.882,111.408,43.884,39.008
94.371,112.549,43.884,39.008
94.861,111.734,43.884,39.008
93.719,112.549,43.884,39.008
93.882,112.060,43.884,39.008
93.719,111.571,43.884,39.008
93.230,112.712,43.884,39.008
93.719,112.223,43.884,39.008
92.577,111.734,43.884,39.008
93.393,113.854,43.884,39.008
93.882,114.017,43.884,39.008
92.088,113.202,43.884,39.008
93.230,112.386,43.884,39.008
92.414,114.180,43.884,39.008
93.230,113.365,43.884,39.008
92.740,114.180,43.884,39.008
91.925,114.343,43.884,39.008
92.414,113.528,43.884,39.008
91.925,115.322,43.884,39.008
91.436,114.180,43.884,39.008
91.925,114.996,43.884,39.008
90.783,115.159,43.884,39.008
90.946,114.670,43.884,39.008
91.109,115.485,43.884,39.008
90.946,115.648,43.884,39.008
89.804,114.180,43.884,39.008
89.641,113.691,43.884,39.008
89.478,115.159,43.884,39.008
90.294,114.343,43.884,39.008
89.478,114.506,43.884,39.008
89.641,114.996,43.884,39.008
88.173,115.159,43.884,39.008
88.989,114.343,43.884,39.008
88.826,114.833,43.884,39.008
88.010,115.322,43.884,39.008
88.500,115.485,43.884,39.008
89.315,115.648,43.884,39.008
88.173,115.159,43.884,39.008
87.684,114.670,43.884,39.008
87.195,115.811,43.884,39.008
88.337,116.301,43.884,39.008
87.847,116.790,43.884,39.008
87.032,116.627,43.884,39.008
87.847,115.811,43.884,39.008
87.032,117.932,43.884,39.008
87.521,117.442,43.884,39.008
88.337,116.301,43.884,39.008
86.869,114.833,43.884,39.008
87.032,114.343,43.884,39.008
87.195,115.159,43.884,39.008
87.032,115.648,43.884,39.008
87.195,115.485,43.884,39.008
86.706,115.648,43.884,39.008
85.890,115.811,43.884,39.008
86.706,115.974,43.884,39.008
85.890,116.464,43.884,39.008
86.379,115.974,43.884,39.008
86.869,116.464,43.884,39.008
85.401,114.343,43.884,39.008
86.869,112.875,43.884,39.008
85.401,114.017,43.884,39.008
86.869,113.528,43.884,39.008
85.727,114.343,43.884,39.008
86.216,113.528,43.884,39.008
86.706,114.017,43.884,39.008
85.564,113.202,43.884,39.008
86.379,112.712,43.884,39.008
87.195,113.854,43.884,39.008
86.379,113.039,43.884,39.008
87.195,112.223,43.884,39.008
86.706,113.039,43.884,39.008
86.216,112.549,43.884,39.008
87.032,113.365,43.884,39.008
86.542,113.202,43.884,39.008
87.358,112.712,43.884,39.008
87.847,113.528,43.884,39.008
86.379,113.365,43.884,39.008
87.521,112.549,43.884,39.008
87.684,113.691,43.884,39.008
86.216,114.180,43.884,39.008
87.684,113.039,43.884,39.008
87.195,112.549,43.884,39.008
88.010,112.386,43.884,39.008
88.173,111.571,43.884,39.008
88.337,113.691,43.884,39.008
88.826,113.528,43.884,39.008
87.684,113.039,43.884,39.008
88.500,112.223,43.884,39.008
89.315,112.712,43.884,39.008
89.478,113.528,43.884,39.008
90.294,113.691,43.884,39.008
89.478,114.506,43.884,39.008
90.946,113.691,43.884,39.008
89.804,113.528,43.884,39.008
90.620,112.712,43.884,39.008
89.804,112.549,43.884,39.008
90.620,113.691,43.884,39.008
90.457,113.202,43.884,39.008
91.925,112.712,43.884,39.008
90.457,113.528,43.884,39.008
91.599,112.712,43.884,39.008
90.457,114.833,43.884,39.008
91.925,114.670,43.884,39.008
91.436,114.180,43.884,39.008
92.577,113.039,43.884,39.008
91.436,112.549,43.884,39.008
92.903,113.691,43.884,39.008
91.762,114.506,43.884,39.008
92.577,114.017,43.884,39.008
91.762,113.528,43.884,39.008
92.903,113.365,43.884,39.008
92.088,113.202,43.884,39.008
93.230,113.691,43.884,39.008
93.393,114.833,43.884,39.008
93.882,114.670,43.884,39.008
92.740,114.180,43.884,39.008
93.230,113.691,43.884,39.008
94.371,113.528,43.884,39.008
94.534,114.017,43.884,39.008
94.698,113.202,43.884,39.008
93.230,114.017,43.884,39.008
94.698,113.528,43.884,39.008
93.230,114.670,43.884,39.008
94.698,114.833,43.884,39.008
93.556,114.670,43.884,39.008
95.024,114.833,43.884,39.008
94.208,114.996,43.884,39.008
95.350,115.811,43.884,39.008
95.513,114.343,43.884,39.008
96.329,114.180,43.884,39.008
95.513,113.691,43.884,39.008
96.655,115.811,43.884,39.008
94.861,115.974,43.884,39.008
96.002,116.137,43.884,39.008
95.513,113.691,43.884,39.008
96.981,113.854,43.884,39.008
95.513,114.343,43.884,39.008
97.307,113.854,43.884,39.008
96.165,114.670,43.884,39.008
97.307,114.833,43.884,39.008
97.470,115.974,43.884,39.008
97.960,115.159,43.884,39.008
96.818,114.343,43.884,39.008
97.633,115.159,43.884,39.008
97.796,115.322,43.884,39.008
98.286,115.159,43.884,39.008
98.775,114.670,43.884,39.008
97.633,114.506,43.884,39.008
98.449,116.301,43.884,39.008
99.264,115.485,43.884,39.008
99.427,115.974,43.884,39.008
98.938,114.833,43.884,39.008
99.101,113.691,43.884,39.008
99.264,115.159,43.884,39.008
99.427,114.670,43.884,39.008
99.264,115.485,43.884,39.008
98.775,114.996,43.884,39.008
98.286,114.506,43.884,39.008
99.427,114.670,43.884,39.008
98.286,114.506,43.884,39.008
99.101,114.670,43.884,39.008
97.960,115.159,43.884,39.008
98.123,114.017,43.884,39.008
98.286,113.202,43.884,39.008
98.449,113.691,43.884,39.008
98.612,114.833,43.884,39.008
96.818,114.996,43.884,39.008
98.286,115.159,43.884,39.008
97.470,114.017,43.884,39.008
98.286,113.202,43.884,39.008
97.470,114.670,43.884,39.008
98.286,115.159,43.884,39.008
97.144,114.670,43.884,39.008
97.633,114.180,43.884,39.008
96.165,114.670,43.884,39.008
97.633,114.506,43.884,39.008
96.165,114.343,43.884,39.008
96.981,113.528,43.884,39.008
96.492,114.343,43.884,39.008
97.307,113.528,43.884,39.008
95.839,114.670,43.884,39.008
95.024,114.833,43.884,39.008
95.839,115.648,43.884,39.008
95.350,116.464,43.884,39.008
97.547,115.779,42.948,38.176
98.664,114.981,42.948,38.176
99.463,113.864,42.948,38.176
99.622,115.620,42.948,38.176
97.866,114.821,42.948,38.176
97.707,115.620,42.948,38.176
96.909,114.502,42.948,38.176
97.387,114.981,42.948,38.176
98.186,114.502,42.948,38.176
97.387,116.258,42.948,38.176
97.547,115.779,42.948,38.176
96.749,116.577,42.948,38.176
97.547,116.098,42.948,38.176
97.707,115.300,42.948,38.176
97.547,114.821,42.948,38.176
97.068,115.620,42.948,38.176
97.866,115.779,42.948,38.176
97.388,115.620,42.948,38.176
97.866,115.141,42.948,38.176
97.388,114.981,42.948,38.176
97.866,114.183,42.948,38.176
97.555,116.282,42.032,37.362
98.024,115.501,42.032,37.362
96.930,114.408,42.032,37.362
98.024,115.501,42.032,37.362
96.930,114.408,42.032,37.362
97.399,115.501,42.032,37.362
96.930,114.408,42.032,37.362
98.024,115.501,42.032,37.362
96.305,114.720,42.032,37.362
96.774,115.501,42.032,37.362
97.243,114.720,42.032,37.362
96.149,115.189,42.032,37.362
96.305,117.220,42.032,37.362
96.462,116.126,42.032,37.362
97.243,115.658,42.032,37.362
96.774,114.564,42.032,37.362
96.930,114.095,42.032,37.362
97.399,116.439,42.032,37.362
96.618,114.720,42.032,37.362
97.086,113.939,42.032,37.362
95.993,115.658,42.032,37.362
96.462,114.564,42.032,37.362
96.618,114.720,42.032,37.362
96.462,114.564,42.032,37.362
96.305,113.783,42.032,37.362
96.774,116.126,42.032,37.362
96.618,115.345,42.032,37.362
97.086,114.252,42.032,37.362
96.305,116.282,42.032,37.362
96.462,115.501,42.032,37.362
96.618,114.720,42.032,37.362
97.086,113.939,42.032,37.362
95.993,114.408,42.032,37.362
96.462,113.627,42.032,37.362
96.930,116.282,42.032,37.362
96.774,117.063,42.032,37.362
96.930,115.970,42.032,37.362
96.462,115.501,42.032,37.362
96.305,115.345,42.032,37.362
95.837,116.439,42.032,37.362
97.243,115.658,42.032,37.362
95.837,116.751,42.032,37.362
96.930,116.282,42.032,37.362
96.774,118.001,42.032,37.362
95.993,117.220,42.032,37.362
95.212,116.751,42.032,37.362
95.368,119.094,42.032,37.362
95.837,118.938,42.032,37.362
95.993,117.845,42.032,37.362
95.212,116.751,42.032,37.362
95.680,116.282,42.032,37.362
95.524,117.376,42.032,37.362
95.056,116.282,42.032,37.362
94.899,118.626,42.032,37.362
95.680,117.845,42.032,37.362
96.149,119.251,42.032,37.362
95.056,118.782,42.032,37.362
95.212,119.563,42.032,37.362
95.056,118.782,42.032,37.362
94.899,119.251,42.032,37.362
96.305,118.469,42.032,37.362
95.212,117.063,42.032,37.362
94.431,118.157,42.032,37.362
94.899,118.313,42.032,37.362
95.056,119.094,42.032,37.362
93.650,118.313,42.032,37.362
94.431,118.157,42.032,37.362
93.962,118.626,42.032,37.362
95.056,117.845,42.032,37.362
93.650,118.313,42.032,37.362
94.431,118.157,42.032,37.362
93.962,117.688,42.032,37.362
95.056,116.907,42.032,37.362
93.650,116.751,42.032,37.362
94.743,117.220,42.032,37.362
94.899,117.063,42.032,37.362
95.368,117.845,42.032,37.362
93.962,117.688,42.032,37.362
95.056,117.845,42.032,37.362
93.650,117.376,42.032,37.362
95.056,118.157,42.032,37.362
93.650,118.313,42.032,37.362
95.056,117.220,42.032,37.362
93.650,116.751,42.032,37.362
95.368,116.282,42.032,37.362
94.587,117.688,42.032,37.362
95.993,116.282,42.032,37.362
94.587,115.814,42.032,37.362
95.993,116.907,42.032,37.362
94.899,116.126,42.032,37.362
96.930,116.595,42.032,37.362
96.461,115.814,42.032,37.362
97.243,115.658,42.032,37.362
96.149,117.376,42.032,37.362
96.930,116.282,42.032,37.362
97.711,116.439,42.032,37.362
97.243,115.658,42.032,37.362
98.024,117.376,42.032,37.362
96.930,116.282,42.032,37.362
98.649,118.001,42.032,37.362
98.180,117.532,42.032,37.362
98.961,117.063,42.032,37.362
99.742,118.782,42.032,37.362
99.586,118.001,42.032,37.362
99.742,117.532,42.032,37.362
100.523,118.001,42.032,37.362
99.430,118.469,42.032,37.362
100.523,118.313,42.032,37.362
99.742,120.032,42.032,37.362
100.523,118.938,42.032,37.362
100.055,118.782,42.032,37.362
100.523,118.626,42.032,37.362
100.367,117.532,42.032,37.362
101.148,117.688,42.032,37.362
100.055,117.845,42.032,37.362
100.836,119.251,42.032,37.362
101.617,117.532,42.032,37.362
101.148,117.063,42.032,37.362
100.679,117.845,42.032,37.362
101.773,117.063,42.032,37.362
101.617,116.907,42.032,37.362
101.461,116.751,42.032,37.362
101.929,116.595,42.032,37.362
102.710,116.439,42.032,37.362
101.304,116.595,42.032,37.362
102.398,116.126,42.032,37.362
101.304,117.845,42.032,37.362
102.710,116.439,42.032,37.362
102.554,116.907,42.032,37.362
102.085,116.126,42.032,37.362
102.242,116.907,42.032,37.362
102.398,116.439,42.032,37.362
102.554,115.658,42.032,37.362
102.710,115.814,42.032,37.362
102.866,115.658,42.032,37.362
103.335,116.126,42.032,37.362
101.617,117.845,42.032,37.362
102.710,117.376,42.032,37.362
101.617,118.469,42.032,37.362
102.398,118.626,42.032,37.362
100.992,118.157,42.032,37.362
100.365,119.527,42.962,38.188
101.802,118.089,42.962,38.188
99.726,118.888,42.962,38.188
100.524,119.048,42.962,38.188
99.087,117.930,42.962,38.188
100.205,119.048,42.962,38.188
98.768,118.569,42.962,38.188
97.970,120.644,42.962,38.188
98.449,120.804,42.962,38.188
97.650,119.686,42.962,38.188
95.894,118.569,42.962,38.188
95.734,120.644,42.962,38.188
94.936,119.846,42.962,38.188
94.457,121.602,42.962,38.188
95.575,120.165,42.962,38.188
93.499,119.686,42.962,38.188
94.297,121.443,42.962,38.188
93.179,120.644,42.962,38.188
93.020,119.527,42.962,38.188
92.541,120.644,42.962,38.188
91.742,119.846,42.962,38.188
91.583,121.283,42.962,38.188
90.784,119.846,42.962,38.188
91.263,121.283,42.962,38.188
91.742,120.165,42.962,38.188
89.986,120.325,42.962,38.188
91.104,120.485,42.962,38.188
89.800,118.903,43.912,39.033
88.984,120.045,43.912,39.033
90.126,118.903,43.912,39.033
88.984,120.371,43.912,39.033
89.147,119.229,43.912,39.033
88.658,119.066,43.912,39.033
87.515,118.576,43.912,39.033
88.984,120.045,43.912,39.033
87.189,118.250,43.912,39.033
88.005,119.392,43.912,39.033
87.189,118.903,43.912,39.033
88.331,119.719,43.912,39.033
86.862,118.903,43.912,39.033
86.699,118.413,43.912,39.033
86.862,117.923,43.912,39.033
86.373,118.413,43.912,39.033
87.515,117.923,43.912,39.033
86.699,117.760,43.912,39.033
85.883,118.903,43.912,39.033
86.373,118.413,43.912,39.033
86.536,119.229,43.912,39.033
87.025,117.760,43.912,39.033
85.557,118.576,43.912,39.033
86.046,117.434,43.912,39.033
86.209,117.923,43.912,39.033
86.373,119.719,43.912,39.033
85.883,119.229,43.912,39.033
85.393,119.392,43.912,39.033
86.536,118.903,43.912,39.033
85.203,118.301,44.884,39.897
84.703,117.134,44.884,39.897
86.204,118.301,44.884,39.897
84.703,119.803,44.884,39.897
86.204,118.635,44.884,39.897
84.703,118.135,44.884,39.897
85.871,119.636,44.884,39.897
86.371,120.136,44.884,39.897
85.203,121.304,44.884,39.897
86.038,122.138,44.884,39.897
86.872,121.638,44.884,39.897
86.038,121.137,44.884,39.897
87.205,120.637,44.884,39.897
85.370,121.137,44.884,39.897
86.538,121.304,44.884,39.897
86.371,121.137,44.884,39.897
86.538,121.638,44.884,39.897
86.705,120.804,44.884,39.897
86.538,120.637,44.884,39.897
87.038,120.804,44.884,39.897
87.539,122.305,44.884,39.897
86.371,123.139,44.884,39.897
87.205,121.638,44.884,39.897
85.704,119.803,44.884,39.897
87.205,118.969,44.884,39.897
86.038,120.136,44.884,39.897
87.539,119.302,44.884,39.897
86.371,120.470,44.884,39.897
86.538,119.636,44.884,39.897
86.371,119.136,44.884,39.897
86.872,120.303,44.884,39.897
86.371,119.803,44.884,39.897
85.203,119.302,44.884,39.897
86.371,120.804,44.884,39.897
85.871,119.970,44.884,39.897
86.705,119.469,44.884,39.897
85.537,119.636,44.884,39.897
85.704,118.468,44.884,39.897
86.204,120.637,44.884,39.897
84.369,118.802,44.884,39.897
85.203,117.968,44.884,39.897
84.369,117.467,44.884,39.897
85.203,119.636,44.884,39.897
84.036,118.468,44.884,39.897
85.537,119.970,44.884,39.897
84.036,118.468,44.884,39.897
85.203,119.636,44.884,39.897
83.702,118.135,44.884,39.897
84.870,119.302,44.884,39.897
84.369,119.469,44.884,39.897
83.869,118.969,44.884,39.897
84.703,118.802,44.884,39.897
83.202,117.968,44.884,39.897
83.702,118.468,44.884,39.897
83.869,120.303,44.884,39.897
84.369,119.469,44.884,39.897
82.201,118.301,44.884,39.897
83.368,117.801,44.884,39.897
82.201,117.634,44.884,39.897
82.701,119.136,44.884,39.897
83.869,118.301,44.884,39.897
82.701,119.469,44.884,39.897
82.868,118.635,44.884,39.897
82.368,117.801,44.884,39.897
82.868,117.301,44.884,39.897
83.368,118.468,44.884,39.897
81.867,117.634,44.884,39.897
83.035,117.134,44.884,39.897
83.202,118.635,44.884,39.897
81.367,117.134,44.884,39.897
82.201,118.301,44.884,39.897
80.699,116.800,44.884,39.897
82.201,118.301,44.884,39.897
81.033,117.801,44.884,39.897
82.201,117.301,44.884,39.897
80.366,118.802,44.884,39.897
81.200,117.968,44.884,39.897
80.699,119.469,44.884,39.897
81.867,118.969,44.884,39.897
80.699,118.468,44.884,39.897
81.533,118.301,44.884,39.897
81.033,119.136,44.884,39.897
82.201,118.301,44.884,39.897
80.366,119.136,44.884,39.897
81.200,118.635,44.884,39.897
80.032,118.135,44.884,39.897
81.867,119.970,44.884,39.897
79.813,119.701,45.877,40.780
81.006,118.167,45.877,40.780
80.154,119.019,45.877,40.780
81.347,118.849,45.877,40.780
80.495,118.337,45.877,40.780
81.688,117.144,45.877,40.780
79.813,116.632,45.877,40.780
81.006,118.849,45.877,40.780
80.836,119.019,45.877,40.780
79.983,120.213,45.877,40.780
81.518,118.337,45.877,40.780
82.029,119.531,45.877,40.780
80.836,119.019,45.877,40.780
81.347,120.213,45.877,40.780
82.200,118.337,45.877,40.780
81.347,119.531,45.877,40.780
82.541,119.701,45.877,40.780
82.371,118.849,45.877,40.780
81.859,118.337,45.877,40.780
81.006,117.144,45.877,40.780
82.200,117.655,45.877,40.780
82.712,117.144,45.877,40.780
81.177,116.632,45.877,40.780
82.712,118.508,45.877,40.780
81.177,117.655,45.877,40.780
82.371,119.190,45.877,40.780
83.223,118.337,45.877,40.780
82.029,117.826,45.877,40.780
82.882,119.360,45.877,40.780
82.029,117.485,45.877,40.780
82.882,117.996,45.877,40.780
82.029,118.167,45.877,40.780
83.223,117.996,45.877,40.780
82.712,119.531,45.877,40.780
81.859,119.360,45.877,40.780
82.712,119.190,45.877,40.780
82.541,119.019,45.877,40.780
83.394,121.236,45.877,40.780
82.541,119.019,45.877,40.780
83.394,120.213,45.877,40.780
81.859,117.996,45.877,40.780
82.712,119.531,45.877,40.780
81.518,118.678,45.877,40.780
83.053,119.872,45.877,40.780
81.859,119.019,45.877,40.780
82.371,119.872,45.877,40.780
82.882,119.019,45.877,40.780
81.688,120.554,45.877,40.780
82.541,119.019,45.877,40.780
83.053,120.213,45.877,40.780
81.518,118.678,45.877,40.780
82.712,120.895,45.877,40.780
80.836,119.360,45.877,40.780
82.371,118.508,45.877,40.780
81.859,120.383,45.877,40.780
81.006,119.531,45.877,40.780
82.200,118.678,45.877,40.780
81.006,117.826,45.877,40.780
81.518,119.019,45.877,40.780
82.371,118.167,45.877,40.780
81.177,119.019,45.877,40.780
81.688,119.531,45.877,40.780
80.836,118.678,45.877,40.780
81.688,119.190,45.877,40.780
80.495,118.337,45.877,40.780
82.029,118.508,45.877,40.780
80.495,119.701,45.877,40.780
81.688,120.213,45.877,40.780
80.495,119.701,45.877,40.780
82.371,119.190,45.877,40.780
81.177,117.996,45.877,40.780
82.371,120.554,45.877,40.780
81.859,120.042,45.877,40.780
81.006,121.577,45.877,40.780
81.859,120.383,45.877,40.780
81.006,119.872,45.877,40.780
81.859,120.042,45.877,40.780
82.029,121.918,45.877,40.780
81.177,121.065,45.877,40.780
82.371,122.259,45.877,40.780
82.541,120.383,45.877,40.780
83.053,121.236,45.877,40.780
81.859,120.042,45.877,40.780
82.029,121.577,45.877,40.780
82.541,120.383,45.877,40.780
83.394,120.895,45.877,40.780
82.541,121.406,45.877,40.780
83.394,120.213,45.877,40.780
82.200,119.360,45.877,40.780
83.735,121.236,45.877,40.780
82.541,120.042,45.877,40.780
84.076,121.236,45.877,40.780
82.882,118.678,45.877,40.780
83.735,117.826,45.877,40.780
83.564,119.360,45.877,40.780
83.394,118.508,45.877,40.780
84.928,119.701,45.877,40.780
83.053,119.190,45.877,40.780
84.246,120.383,45.877,40.780
85.099,119.872,45.877,40.780
83.905,121.065,45.877,40.780
84.758,120.213,45.877,40.780
84.587,119.019,45.877,40.780
84.417,119.872,45.877,40.780
85.610,118.337,45.877,40.780
83.735,117.485,45.877,40.780
85.269,119.019,45.877,40.780
85.440,120.554,45.877,40.780
85.951,119.360,45.877,40.780
84.417,119.190,45.877,40.780
85.610,119.019,45.877,40.780
84.417,120.554,45.877,40.780
86.292,120.383,45.877,40.780
85.440,120.895,45.877,40.780
86.292,121.065,45.877,40.780
85.781,121.918,45.877,40.780
85.610,121.065,45.877,40.780
86.122,122.259,45.877,40.780
86.974,120.383,45.877,40.780
86.122,120.554,45.877,40.780
87.315,121.406,45.877,40.780
86.804,119.872,45.877,40.780
86.292,121.065,45.877,40.780
87.827,122.259,45.877,40.780
86.292,120.724,45.877,40.780
87.827,122.259,45.877,40.780
86.292,120.383,45.877,40.780
87.827,119.872,45.877,40.780
86.292,120.724,45.877,40.780
87.827,120.213,45.877,40.780
86.633,119.360,45.877,40.780
87.145,120.213,45.877,40.780
87.997,119.019,45.877,40.780
86.804,120.895,45.877,40.780
87.997,120.042,45.877,40.780
87.145,119.190,45.877,40.780
88.679,119.019,45.877,40.780
87.145,120.554,45.877,40.780
88.679,120.383,45.877,40.780
87.486,119.531,45.877,40.780
89.020,119.019,45.877,40.780
87.827,118.849,45.877,40.780
88.338,119.701,45.877,40.780
89.191,118.167,45.877,40.780
87.997,117.314,45.877,40.780
87.486,119.531,45.877,40.780
88.679,120.042,45.877,40.780
87.145,120.895,45.877,40.780
88.679,120.383,45.877,40.780
86.804,119.190,45.877,40.780
87.656,119.701,45.877,40.780
86.463,119.872,45.877,40.780
88.338,119.360,45.877,40.780
87.145,118.508,45.877,40.780
87.656,119.360,45.877,40.780
86.122,118.508,45.877,40.780
87.656,119.701,45.877,40.780
86.122,118.849,45.877,40.780
87.315,118.678,45.877,40.780
87.827,120.213,45.877,40.780
86.292,119.019,45.877,40.780
87.827,120.895,45.877,40.780
85.951,119.360,45.877,40.780
87.145,119.531,45.877,40.780
86.292,120.042,45.877,40.780
87.145,120.213,45.877,40.780
85.951,119.360,45.877,40.780
86.463,118.849,45.877,40.780
86.974,120.383,45.877,40.780
85.440,119.190,45.877,40.780
86.974,119.019,45.877,40.780
85.440,121.236,45.877,40.780
86.974,119.360,45.877,40.780
85.440,118.849,45.877,40.780
86.974,120.042,45.877,40.780
85.440,118.849,45.877,40.780
86.633,119.019,45.877,40.780
84.758,120.554,45.877,40.780
86.292,119.360,45.877,40.780
85.781,118.849,45.877,40.780
85.610,120.042,45.877,40.780
85.440,118.849,45.877,40.780
86.633,121.065,45.877,40.780
84.758,121.236,45.877,40.780
85.269,119.701,45.877,40.780
86.122,120.554,45.877,40.780
84.928,119.360,45.877,40.780
85.781,120.213,45.877,40.780
84.587,118.678,45.877,40.780
84.758,120.554,45.877,40.780
85.610,119.360,45.877,40.780
84.758,120.213,45.877,40.780
85.269,119.019,45.877,40.780
85.781,120.554,45.877,40.780
84.928,121.406,45.877,40.780
85.781,121.577,45.877,40.780
84.587,120.724,45.877,40.780
85.781,120.213,45.877,40.780
84.587,119.019,45.877,40.780
85.440,120.895,45.877,40.780
86.633,120.042,45.877,40.780
84.758,119.531,45.877,40.780
85.610,119.360,45.877,40.780
84.417,119.190,45.877,40.780
86.292,119.019,45.877,40.780
85.440,120.213,45.877,40.780
86.292,119.360,45.877,40.780
85.440,120.213,45.877,40.780
85.463,118.877,46.892,41.682
84.243,118.006,46.892,41.682
84.417,118.180,46.892,41.682
84.243,119.051,46.892,41.682
84.417,118.180,46.892,41.682
84.940,118.006,46.892,41.682
84.766,116.786,46.892,41.682
84.940,117.657,46.892,41.682
85.114,118.877,46.892,41.682
83.894,118.354,46.892,41.682
85.463,119.923,46.892,41.682
84.243,117.657,46.892,41.682
84.766,118.529,46.892,41.682
85.289,118.006,46.892,41.682
84.069,117.483,46.892,41.682
84.592,119.051,46.892,41.682
84.766,118.180,46.892,41.682
85.637,117.657,46.892,41.682
84.417,117.134,46.892,41.682
84.592,115.914,46.892,41.682
84.766,115.391,46.892,41.682
84.940,116.960,46.892,41.682
84.766,115.391,46.892,41.682
84.243,117.309,46.892,41.682
83.372,116.437,46.892,41.682
83.894,117.657,46.892,41.682
84.766,119.226,46.892,41.682
83.546,118.006,46.892,41.682
83.372,118.180,46.892,41.682
83.197,119.051,46.892,41.682
82.674,117.831,46.892,41.682
83.546,116.960,46.892,41.682
82.674,117.134,46.892,41.682
82.849,116.960,46.892,41.682
83.023,117.831,46.892,41.682
82.500,117.657,46.892,41.682
81.280,119.226,46.892,41.682
81.106,118.006,46.892,41.682
80.932,118.877,46.892,41.682
81.803,118.006,46.892,41.682
80.583,118.877,46.892,41.682
80.757,117.657,46.892,41.682
80.234,118.877,46.892,41.682
79.712,117.657,46.892,41.682
80.234,118.529,46.892,41.682
79.014,117.309,46.892,41.682
80.234,117.483,46.892,41.682
78.317,116.611,46.892,41.682
78.840,117.831,46.892,41.682
79.014,116.960,46.892,41.682
78.492,117.134,46.892,41.682
77.969,116.611,46.892,41.682
78.143,117.831,46.892,41.682
76.575,115.914,46.892,41.682
77.097,115.740,46.892,41.682
75.877,116.960,46.892,41.682
76.749,119.226,46.892,41.682
76.226,119.749,46.892,41.682
74.657,119.226,46.892,41.682
75.877,119.051,46.892,41.682
75.355,118.529,46.892,41.682
74.135,119.051,46.892,41.682
72.915,117.134,46.892,41.682
74.135,116.960,46.892,41.682
72.566,117.483,46.892,41.682
73.089,118.006,46.892,41.682
72.217,117.831,46.892,41.682
72.392,118.354,46.892,41.682
72.217,119.574,46.892,41.682
70.997,119.749,46.892,41.682
72.337,120.025,45.892,40.793
71.826,120.537,45.892,40.793
70.632,119.684,45.892,40.793
70.802,120.878,45.892,40.793
70.291,120.707,45.892,40.793
70.802,119.172,45.892,40.793
69.608,117.637,45.892,40.793
69.438,118.490,45.892,40.793
70.632,119.002,45.892,40.793
68.414,118.831,45.892,40.793
69.267,118.319,45.892,40.793
68.414,116.443,45.892,40.793
67.562,116.273,45.892,40.793
66.709,116.443,45.892,40.793
66.538,115.249,45.892,40.793
67.391,116.102,45.892,40.793
66.197,116.955,45.892,40.793
65.344,116.784,45.892,40.793
66.197,116.273,45.892,40.793
64.662,115.079,45.892,40.793
63.809,116.614,45.892,40.793
64.662,115.761,45.892,40.793
63.468,116.273,45.892,40.793
64.662,114.055,45.892,40.793
63.127,114.567,45.892,40.793
62.956,113.714,45.892,40.793
63.468,114.226,45.892,40.793
63.980,114.737,45.892,40.793
62.445,114.908,45.892,40.793
62.615,115.761,45.892,40.793
61.080,115.590,45.892,40.793
62.720,114.546,44.913,39.923
61.886,113.377,44.913,39.923
62.720,114.880,44.913,39.923
61.886,114.379,44.913,39.923
62.386,113.544,44.913,39.923
61.218,112.709,44.913,39.923
60.717,114.212,44.913,39.923
61.218,115.046,44.913,39.923
60.383,114.546,44.913,39.923
59.882,113.377,44.913,39.923
61.385,113.210,44.913,39.923
60.216,112.709,44.913,39.923
59.715,113.544,44.913,39.923
60.216,112.709,44.913,39.923
58.714,112.876,44.913,39.923
59.882,113.043,44.913,39.923
59.382,113.210,44.913,39.923
58.881,112.709,44.913,39.923
59.715,111.875,44.913,39.923
58.881,113.043,44.913,39.923
58.714,112.542,44.913,39.923
58.881,111.374,44.913,39.923
58.714,112.542,44.913,39.923
57.879,111.708,44.913,39.923
58.046,113.210,44.913,39.923
57.545,113.043,44.913,39.923
57.378,112.542,44.913,39.923
57.212,113.043,44.913,39.923
56.711,112.209,44.913,39.923
57.879,113.711,44.913,39.923
57.045,112.542,44.913,39.923
56.210,111.708,44.913,39.923
56.711,113.544,44.913,39.923
56.878,112.376,44.913,39.923
57.045,114.212,44.913,39.923
55.876,113.043,44.913,39.923
56.711,113.544,44.913,39.923
55.876,112.042,44.913,39.923
56.043,112.876,44.913,39.923
56.210,111.374,44.913,39.923
55.041,111.875,44.913,39.923
55.876,112.376,44.913,39.923
54.708,113.210,44.913,39.923
53.873,112.709,44.913,39.923
54.374,112.209,44.913,39.923
53.539,112.709,44.913,39.923
53.706,111.875,44.913,39.923
53.873,112.376,44.913,39.923
53.372,112.876,44.913,39.923
52.204,111.708,44.913,39.923
52.371,112.209,44.913,39.923
52.204,113.043,44.913,39.923
52.037,111.541,44.913,39.923
53.539,111.708,44.913,39.923
52.371,112.209,44.913,39.923
51.536,113.043,44.913,39.923
52.037,112.542,44.913,39.923
52.871,112.709,44.913,39.923
51.703,113.210,44.913,39.923
52.204,114.713,44.913,39.923
51.035,113.210,44.913,39.923
52.204,114.045,44.913,39.923
50.701,113.544,44.913,39.923
52.204,113.043,44.913,39.923
51.035,114.212,44.913,39.923
52.204,114.045,44.913,39.923
50.701,113.210,44.913,39.923
51.202,114.379,44.913,39.923
50.034,113.210,44.913,39.923
51.536,114.045,44.913,39.923
50.367,112.876,44.913,39.923
50.201,113.377,44.913,39.923
49.700,113.544,44.913,39.923
51.202,113.043,44.913,39.923
49.700,112.542,44.913,39.923
50.868,111.374,44.913,39.923
50.034,113.544,44.913,39.923
50.868,112.042,44.913,39.923
50.034,113.544,44.913,39.923
50.534,112.376,44.913,39.923
49.366,113.210,44.913,39.923
50.201,112.709,44.913,39.923
49.366,111.207,44.913,39.923
50.534,112.042,44.913,39.923
50.034,110.873,44.913,39.923
51.202,111.374,44.913,39.923
49.700,112.209,44.913,39.923
51.202,111.374,44.913,39.923
50.034,112.542,44.913,39.923
51.202,110.706,44.913,39.923
49.700,109.872,44.913,39.923
51.202,110.706,44.913,39.923
50.034,109.872,44.913,39.923
51.536,110.706,44.913,39.923
50.367,111.875,44.913,39.923
51.202,111.374,44.913,39.923
50.701,111.875,44.913,39.923
51.536,110.372,44.913,39.923
50.701,111.541,44.913,39.923
51.870,110.039,44.913,39.923
51.703,111.541,44.913,39.923
51.202,111.374,44.913,39.923
51.035,112.876,44.913,39.923
51.870,111.708,44.913,39.923
51.703,112.209,44.913,39.923
51.202,112.376,44.913,39.923
50.701,112.876,44.913,39.923
51.536,112.376,44.913,39.923
51.035,112.876,44.913,39.923
51.536,112.376,44.913,39.923
51.035,113.210,44.913,39.923
51.536,113.377,44.913,39.923
50.701,113.210,44.913,39.923
51.202,113.043,44.913,39.923
50.367,112.209,44.913,39.923
51.202,112.709,44.913,39.923
50.367,112.542,44.913,39.923
51.202,112.042,44.913,39.923
50.701,112.876,44.913,39.923
51.536,113.043,44.913,39.923
50.367,111.875,44.913,39.923
51.536,113.043,44.913,39.923
51.035,111.875,44.913,39.923
52.204,112.709,44.913,39.923
50.367,111.875,44.913,39.923
51.536,113.043,44.913,39.923
51.369,111.541,44.913,39.923
50.868,110.706,44.913,39.923
52.037,111.207,44.913,39.923
51.870,112.042,44.913,39.923
51.369,111.541,44.913,39.923
51.202,112.042,44.913,39.923
51.035,112.876,44.913,39.923
52.871,112.376,44.913,39.923
52.037,113.878,44.913,39.923
52.871,112.376,44.913,39.923
52.037,113.210,44.913,39.923
52.871,112.376,44.913,39.923
51.703,112.876,44.913,39.923
52.871,111.708,44.913,39.923
52.037,112.209,44.913,39.923
53.205,112.709,44.913,39.923
51.703,111.875,44.913,39.923
53.539,112.709,44.913,39.923
52.037,112.209,44.913,39.923
53.873,113.377,44.913,39.923
52.371,112.542,44.913,39.923
53.539,112.042,44.913,39.923
52.704,113.210,44.913,39.923
53.873,112.709,44.913,39.923
53.038,111.207,44.913,39.923
54.207,111.374,44.913,39.923
52.371,110.205,44.913,39.923
54.207,111.708,44.913,39.923
52.704,110.205,44.913,39.923
54.541,112.042,44.913,39.923
53.372,110.539,44.913,39.923
53.205,110.039,44.913,39.923
54.708,111.541,44.913,39.923
53.873,110.039,44.913,39.923
55.375,111.875,44.913,39.923
54.207,111.374,44.913,39.923
55.375,111.541,44.913,39.923
54.541,109.037,44.913,39.923
56.043,110.873,44.913,39.923
55.208,109.705,44.913,39.923
55.041,110.873,44.913,39.923
57.212,111.708,44.913,39.923
55.041,110.205,44.913,39.923
57.212,111.708,44.913,39.923
55.709,110.539,44.913,39.923
57.545,110.706,44.913,39.923
56.711,111.207,44.913,39.923
58.213,111.708,44.913,39.923
56.711,110.873,44.913,39.923
58.547,112.042,44.913,39.923
57.378,112.542,44.913,39.923
56.544,111.040,44.913,39.923
57.712,112.876,44.913,39.923
57.212,111.374,44.913,39.923
56.711,112.209,44.913,39.923
57.879,111.374,44.913,39.923
57.378,112.209,44.913,39.923
56.878,112.042,44.913,39.923
58.714,112.542,44.913,39.923
57.212,110.706,44.913,39.923
56.377,109.872,44.913,39.923
57.545,111.040,44.913,39.923
57.045,110.539,44.913,39.923
56.210,110.039,44.913,39.923
57.045,110.205,44.913,39.923
55.876,110.039,44.913,39.923
57.045,109.538,44.913,39.923
55.876,111.040,44.913,39.923
57.045,110.205,44.913,39.923
55.542,111.040,44.913,39.923
55.375,109.872,44.913,39.923
55.208,110.039,44.913,39.923
55.041,109.872,44.913,39.923
56.210,110.706,44.913,39.923
54.708,111.207,44.913,39.923
55.876,112.709,44.913,39.923
55.042,111.875,44.913,39.923
55.876,113.043,44.913,39.923
54.708,111.541,44.913,39.923
56.210,113.043,44.913,39.923
56.528,112.986,43.956,39.072
57.018,112.823,43.956,39.072
57.329,112.452,43.018,38.238
57.489,112.932,43.018,38.238
57.649,112.132,43.018,38.238
56.530,112.612,43.018,38.238
57.329,112.132,43.018,38.238
57.169,111.333,43.018,38.238
57.329,110.214,43.018,38.238
57.809,110.374,43.018,38.238
57.010,110.853,43.018,38.238
57.809,111.973,43.018,38.238
57.010,111.813,43.018,38.238
57.809,113.252,43.018,38.238
57.010,112.452,43.018,38.238
57.489,112.612,43.018,38.238
58.289,114.051,43.018,38.238
57.809,112.932,43.018,38.238
57.329,114.051,43.018,38.238
58.129,113.252,43.018,38.238
57.649,114.371,43.018,38.238
57.169,113.252,43.018,38.238
58.289,114.051,43.018,38.238
58.129,113.891,43.018,38.238
58.289,113.092,43.018,38.238
58.129,113.891,43.018,38.238
60.847,112.772,43.018,38.238
60.687,110.693,43.018,38.238
60.709,107.782,43.970,39.085
61.199,106.638,43.970,39.085
60.055,107.782,43.970,39.085
59.738,107.519,44.943,39.949
59.761,105.864,45.937,40.833
59.076,106.653,46.954,41.737
58.203,106.478,46.954,41.737
57.679,108.747,46.954,41.737
58.552,107.874,46.954,41.737
57.679,109.096,46.954,41.737
58.552,108.223,46.954,41.737
58.726,107.700,46.954,41.737
58.552,107.525,46.954,41.737
34.663,104.774,45.952,40.847
33.013,104.057,44.972,39.975
34.852,104.893,44.972,39.975
33.682,104.057,44.972,39.975
34.852,104.893,44.972,39.975
35.019,106.063,44.972,39.975
33.849,104.559,44.972,39.975
35.687,104.392,44.972,39.975
36.523,105.896,44.972,39.975
35.875,104.872,44.013,39.123
36.366,105.363,44.013,39.123
35.731,107.199,43.075,38.289
35.571,105.758,43.075,38.289
35.411,106.559,43.075,38.289
37.259,105.887,42.156,37.472
37.102,106.670,42.156,37.472
37.259,107.767,42.156,37.472
38.464,107.714,41.257,36.673
38.004,108.787,41.257,36.673
36.317,109.860,41.257,36.673
35.244,110.014,41.257,36.673
36.855,108.176,42.170,37.484
37.639,107.393,42.170,37.484
37.635,108.850,41.271,36.685
37.928,108.502,40.391,35.903
38.678,108.952,40.391,35.903
61.947,116.608,40.391,35.903
62.097,115.257,40.391,35.903
62.247,116.308,40.391,35.903
61.496,114.657,40.391,35.903
61.346,116.008,40.391,35.903
61.496,115.557,40.391,35.903
61.346,116.008,40.391,35.903
61.496,116.458,40.391,35.903
61.203,116.696,39.529,35.137
62.232,117.137,39.529,35.137
61.791,116.108,39.529,35.137
61.350,116.843,39.529,35.137
61.066,117.216,40.404,35.915
61.516,117.066,40.404,35.915
61.536,115.890,41.298,36.709
60.602,115.962,42.211,37.521
60.131,114.236,42.211,37.521
60.288,114.393,42.211,37.521
60.131,115.491,42.211,37.521
59.501,115.564,43.145,38.351
60.945,115.083,43.145,38.351
58.970,116.156,44.100,39.200
56.952,113.852,45.076,40.067
58.124,114.690,45.076,40.067
56.952,113.852,45.076,40.067
56.279,113.583,46.073,40.954
55.766,112.384,46.073,40.954
57.307,113.925,46.073,40.954
55.766,112.726,46.073,40.954
57.307,112.898,46.073,40.954
56.108,113.754,46.073,40.954
56.622,112.898,46.073,40.954
58.163,112.384,46.073,40.954
58.334,113.240,46.073,40.954
58.163,113.411,46.073,40.954
56.964,112.213,46.073,40.954
55.766,111.356,46.073,40.954
56.279,110.158,46.073,40.954
55.423,109.644,46.073,40.954
55.446,108.303,47.092,41.860
55.780,110.267,46.088,40.967
55.266,110.096,46.088,40.967
54.752,109.925,46.088,40.967
56.636,111.466,46.088,40.967
56.465,111.980,46.088,40.967
56.636,111.466,46.088,40.967
56.465,112.323,46.088,40.967
55.609,112.494,46.088,40.967
55.437,111.295,46.088,40.967
54.581,111.124,46.088,40.967
56.122,111.295,46.088,40.967
55.266,111.809,46.088,40.967
55.095,110.953,46.088,40.967
57.072,112.545,45.105,40.094
55.898,111.036,45.105,40.094
55.731,110.533,45.105,40.094
56.569,110.701,45.105,40.094
55.731,110.533,45.105,40.094
55.898,110.701,45.105,40.094
55.731,111.204,45.105,40.094
56.234,110.366,45.105,40.094
56.737,111.539,45.105,40.094
56.234,111.707,45.105,40.094
57.072,111.539,45.105,40.094
56.234,112.713,45.105,40.094
55.731,112.210,45.105,40.094
55.563,112.713,45.105,40.094
55.396,113.216,45.105,40.094
56.904,112.713,45.105,40.094
55.188,111.747,46.103,40.981
54.674,111.919,46.103,40.981
56.901,112.090,46.103,40.981
56.730,111.919,46.103,40.981
56.559,112.090,46.103,40.981
55.702,111.233,46.103,40.981
55.531,110.719,46.103,40.981
55.017,108.834,46.103,40.981
54.160,109.349,46.103,40.981
55.359,110.891,46.103,40.981
56.559,110.377,46.103,40.981
56.387,112.261,46.103,40.981
57.244,113.461,46.103,40.981
56.387,113.290,46.103,40.981
56.901,113.804,46.103,40.981
58.101,113.632,46.103,40.981
57.244,113.118,46.103,40.981
57.073,113.975,46.103,40.981
57.244,112.090,46.103,40.981
56.387,110.548,46.103,40.981
58.958,109.006,46.103,40.981
58.101,108.492,46.103,40.981
58.615,109.348,46.103,40.981
58.444,108.492,46.103,40.981
58.615,109.348,46.103,40.981
58.786,109.863,46.103,40.981
59.986,108.663,46.103,40.981
57.520,107.676,47.123,41.887
58.746,108.202,47.123,41.887
57.870,108.027,47.123,41.887
60.498,109.253,47.123,41.887
59.272,108.027,47.123,41.887
61.198,109.253,47.123,41.887
59.622,108.027,47.123,41.887
58.746,108.902,47.123,41.887
60.673,109.428,47.123,41.887
59.797,108.202,47.123,41.887
59.972,109.078,47.123,41.887
58.396,108.552,47.123,41.887
61.724,109.778,47.123,41.887
61.198,110.654,47.123,41.887
61.023,109.778,47.123,41.887
59.797,109.603,47.123,41.887
60.673,109.428,47.123,41.887
61.682,111.056,46.118,40.994
61.167,109.856,46.118,40.994
60.653,110.713,46.118,40.994
61.853,110.199,46.118,40.994
63.501,112.123,45.135,40.120
62.327,110.949,45.135,40.120
63.837,111.788,45.135,40.120
62.998,112.626,45.135,40.120
63.501,112.123,45.135,40.120
62.998,112.626,45.135,40.120
64.172,113.801,45.135,40.120
64.675,113.297,45.135,40.120
64.172,112.459,45.135,40.120
65.011,111.955,45.135,40.120
64.843,110.781,45.135,40.120
66.018,112.626,45.135,40.120
66.185,113.465,45.135,40.120
66.689,113.297,45.135,40.120
65.850,114.136,45.135,40.120
66.353,112.962,45.135,40.120
66.521,113.801,45.135,40.120
66.353,114.639,45.135,40.120
67.192,114.472,45.135,40.120
67.024,114.639,45.135,40.120
66.856,113.465,45.135,40.120
67.024,113.633,45.135,40.120
66.856,113.465,45.135,40.120
65.682,112.626,45.135,40.120
64.843,113.465,45.135,40.120
65.346,113.297,45.135,40.120
65.514,113.801,45.135,40.120
64.675,113.633,45.135,40.120
65.850,114.472,45.135,40.120
67.139,115.708,44.172,39.264
66.819,115.335,43.230,38.427
68.364,114.661,42.308,37.608
66.949,116.076,42.308,37.608
67.421,115.605,42.308,37.608
68.327,115.551,41.406,36.806
67.249,117.244,41.406,36.806
68.327,117.705,41.406,36.806
66.942,116.628,41.406,36.806
69.015,117.169,40.523,36.021
67.960,118.223,40.523,36.021
68.412,118.976,40.523,36.021
67.057,117.922,40.523,36.021
69.376,120.193,39.659,35.252
69.089,119.575,38.813,34.501
69.521,117.988,38.813,34.501
70.531,116.401,38.813,34.501
69.353,116.169,39.672,35.264
68.762,116.238,40.550,36.044
69.214,116.991,40.550,36.044
70.269,117.142,40.550,36.044
68.611,116.991,40.550,36.044
69.364,116.841,40.550,36.044
69.385,116.598,41.447,36.842
68.615,116.136,41.447,36.842
69.077,117.214,41.447,36.842
69.231,116.752,41.447,36.842
70.309,117.214,41.447,36.842
68.923,116.136,41.447,36.842
70.001,115.982,41.447,36.842
69.539,114.596,41.447,36.842
69.385,115.366,41.447,36.842
69.847,116.752,41.447,36.842
69.693,115.366,41.447,36.842
69.231,116.752,41.447,36.842
70.309,115.674,41.447,36.842
69.539,115.520,41.447,36.842
70.001,117.214,41.447,36.842
70.771,116.752,41.447,36.842
70.001,115.058,41.447,36.842
70.155,114.904,41.447,36.842
70.309,114.750,41.447,36.842
69.231,113.979,41.447,36.842
70.309,115.366,41.447,36.842
69.231,115.520,41.447,36.842
70.001,115.058,41.447,36.842
69.847,115.212,41.447,36.842
70.001,115.674,41.447,36.842
69.847,116.444,41.447,36.842
69.385,117.831,41.447,36.842
68.307,117.368,41.447,36.842
68.769,116.290,41.447,36.842
68.615,116.136,41.447,36.842
68.461,116.290,41.447,36.842
68.615,116.444,41.447,36.842
67.536,116.906,41.447,36.842
68.307,115.828,41.447,36.842
67.228,116.290,41.447,36.842
68.307,116.752,41.447,36.842
66.920,115.674,41.447,36.842
67.382,116.136,41.447,36.842
66.304,116.290,41.447,36.842
66.458,116.752,41.447,36.842
67.228,115.982,41.447,36.842
67.998,115.212,41.447,36.842
66.920,115.674,41.447,36.842
67.074,115.828,41.447,36.842
68.153,115.982,41.447,36.842
67.690,116.136,41.447,36.842
68.461,116.906,41.447,36.842
67.690,116.444,41.447,36.842
69.077,118.447,41.447,36.842
70.155,117.368,41.447,36.842
70.617,116.906,41.447,36.842
69.539,115.828,41.447,36.842
70.925,115.058,41.447,36.842
70.771,115.520,41.447,36.842
70.925,116.598,41.447,36.842
71.387,117.060,41.447,36.842
71.233,118.447,41.447,36.842
72.004,119.525,41.447,36.842
72.158,118.139,41.447,36.842
72.620,117.060,41.447,36.842
72.466,118.139,41.447,36.842
73.544,117.985,41.447,36.842
73.390,118.447,41.447,36.842
74.574,118.097,40.563,36.056
74.424,117.042,40.563,36.056
74.273,118.097,40.563,36.056
74.725,118.248,40.563,36.056
75.177,119.303,40.563,36.056
75.630,118.248,40.563,36.056
75.177,117.494,40.563,36.056
75.931,117.042,40.563,36.056
74.700,118.051,41.461,36.854
74.238,119.438,41.461,36.854
74.392,120.208,41.461,36.854
73.622,121.595,41.461,36.854
75.009,119.592,41.461,36.854
76.490,117.163,40.576,36.068
75.435,117.917,40.576,36.068
75.284,120.179,40.576,36.068
75.304,120.875,41.474,36.866
74.842,120.721,41.474,36.866
75.921,119.950,41.474,36.866
75.767,119.488,41.474,36.866
75.921,119.334,41.474,36.866
75.459,117.946,41.474,36.866
76.644,116.705,40.590,36.080
75.286,115.347,40.590,36.080
74.532,115.196,40.590,36.080
75.286,114.744,40.590,36.080
73.928,114.291,40.590,36.080
74.682,115.046,40.590,36.080
73.928,113.990,40.590,36.080
74.984,114.140,40.590,36.080
73.928,113.990,40.590,36.080
73.777,113.235,40.590,36.080
73.023,114.593,40.590,36.080
74.079,113.537,40.590,36.080
73.325,113.990,40.590,36.080
73.174,113.537,40.590,36.080
73.626,113.688,40.590,36.080
72.872,114.140,40.590,36.080
73.023,113.990,40.590,36.080
73.174,113.839,40.590,36.080
73.023,112.783,40.590,36.080
72.872,112.632,40.590,36.080
73.023,112.179,40.590,36.080
73.174,112.934,40.590,36.080
72.721,113.084,40.590,36.080
73.174,112.028,40.590,36.080
74.334,113.140,39.724,35.310
73.128,111.677,40.603,36.092
73.581,112.432,40.603,36.092
72.827,113.488,40.603,36.092
72.977,113.035,40.603,36.092
73.430,113.186,40.603,36.092
71.572,112.630,41.501,36.890
72.343,111.242,41.501,36.890
71.263,112.939,41.501,36.890
71.109,112.168,41.501,36.890
72.890,112.710,40.616,36.103
72.437,112.257,40.616,36.103
71.204,112.327,41.515,36.902
72.391,111.977,40.630,36.115
72.678,113.090,39.763,35.345
73.417,112.351,39.763,35.345
72.087,111.317,39.763,35.345
72.826,113.533,39.763,35.345
71.792,112.499,39.763,35.345
71.939,111.464,39.763,35.345
71.496,110.430,39.763,35.345
69.983,111.419,40.643,36.127
70.436,110.966,40.643,36.127
69.681,110.512,40.643,36.127
70.436,109.757,40.643,36.127
69.077,111.117,40.643,36.127
70.529,110.192,39.776,35.357
69.015,112.101,40.656,36.139
69.469,111.346,40.656,36.139
68.411,112.706,40.656,36.139
68.562,111.346,40.656,36.139
67.807,112.706,40.656,36.139
68.260,111.648,40.656,36.139
68.713,110.288,40.656,36.139
67.655,112.554,40.656,36.139
67.807,111.194,40.656,36.139
67.051,113.159,40.656,36.139
66.900,112.403,40.656,36.139
67.353,111.950,40.656,36.139
66.598,111.497,40.656,36.139
66.749,112.252,40.656,36.139
66.296,114.519,40.656,36.139
66.447,113.159,40.656,36.139
66.296,111.799,40.656,36.139
65.238,113.763,40.656,36.139
65.691,112.403,40.656,36.139
65.238,114.670,40.656,36.139
66.982,113.744,39.789,35.368
65.161,115.041,40.670,36.151
66.219,114.285,40.670,36.151
64.556,115.041,40.670,36.151
65.010,113.983,40.670,36.151
65.589,113.348,39.802,35.380
66.329,112.313,39.802,35.380
64.406,113.940,39.802,35.380
65.145,114.680,39.802,35.380
64.572,114.059,38.954,34.625
64.427,116.231,38.954,34.625
64.572,114.928,38.954,34.625
64.427,116.520,38.954,34.625
64.572,114.638,38.954,34.625
63.848,115.072,38.954,34.625
63.993,116.086,38.954,34.625
65.106,115.757,38.123,33.887
64.010,117.348,37.310,33.164
64.981,116.654,37.310,33.164
64.176,116.607,36.514,32.457
65.126,115.657,36.514,32.457
64.599,116.396,35.736,31.765
65.108,117.630,34.973,31.088
65.105,117.586,34.228,30.425
65.838,119.504,33.498,29.776
66.795,119.222,32.783,29.141
66.430,118.613,32.783,29.141
66.064,118.003,32.783,29.141
67.161,117.151,32.783,29.141
66.688,118.988,32.084,28.519
67.285,118.392,32.084,28.519
66.927,118.034,32.084,28.519
68.303,117.763,31.400,27.911
66.951,118.623,30.730,27.316
68.207,118.509,30.730,27.316
68.093,119.080,30.730,27.316
69.121,119.651,30.730,27.316
68.898,120.273,30.075,26.733
70.188,119.804,29.434,26.163
69.204,119.694,29.434,26.163
70.467,119.657,28.806,25.605
71.216,120.192,28.806,25.605
70.253,121.798,28.806,25.605
71.901,121.143,28.192,25.059
71.168,120.619,28.192,25.059
70.225,120.095,28.192,25.059
72.040,119.857,27.591,24.525
71.528,121.395,27.591,24.525
44.148,116.986,27.591,24.525
45.891,117.498,27.591,24.525
45.691,116.870,27.002,24.002
45.302,117.997,26.426,23.490
46.815,117.206,25.863,22.989
46.718,117.494,25.863,22.989
47.828,118.573,25.311,22.499
47.282,117.997,24.771,22.019
48.167,117.611,24.243,21.550
47.818,118.970,23.726,21.090
48.836,120.129,23.220,20.640
48.335,120.100,22.725,20.200
47.743,121.029,22.725,20.200
49.044,120.023,22.240,19.769
49.998,120.792,21.766,19.348
51.050,120.387,21.766,19.348
51.778,119.821,21.766,19.348
50.996,121.821,21.302,18.935
51.452,122.557,20.848,18.531
51.749,121.784,20.403,18.136
52.735,121.253,20.403,18.136
52.053,120.419,20.403,18.136
51.522,121.404,20.403,18.136
52.659,122.542,20.403,18.136
52.735,123.376,20.403,18.136
52.508,122.845,20.403,18.136
52.833,122.094,20.855,18.537
52.135,121.551,20.855,18.537
52.988,123.179,20.855,18.537
53.995,123.256,20.855,18.537
53.763,124.884,20.855,18.537
54.460,124.032,20.855,18.537
55.313,123.799,20.855,18.537
55.012,124.669,20.410,18.142
55.847,123.986,20.410,18.142
55.316,124.821,20.410,18.142
56.605,125.807,20.410,18.142
57.895,126.641,20.410,18.142
58.040,125.884,19.975,17.755
57.817,125.216,19.975,17.755
57.594,125.736,19.975,17.755
59.005,125.216,19.975,17.755
59.821,125.587,19.975,17.755
60.821,125.419,19.549,17.377
60.960,126.094,19.132,17.006
61.458,127.161,19.132,17.006
62.097,126.237,19.132,17.006
62.918,126.349,18.724,16.643
63.990,127.399,18.324,16.288
63.786,127.058,18.324,16.288
65.216,125.764,18.324,16.288
65.556,125.560,18.324,16.288
66.306,124.402,18.324,16.288
66.918,125.560,18.324,16.288
67.442,126.850,17.934,15.941
68.725,126.313,17.551,15.601
68.791,125.726,17.551,15.601
69.639,125.008,17.551,15.601
70.392,126.118,17.177,15.268
71.006,128.065,16.811,14.943
71.318,127.753,16.811,14.943
71.256,128.815,16.811,14.943
71.943,129.127,16.811,14.943
72.544,128.624,16.452,14.624
73.339,129.908,16.452,14.624
73.400,129.480,16.452,14.624
74.072,128.563,16.452,14.624
74.969,127.449,16.816,14.948
75.781,126.887,16.816,14.948
75.418,126.143,16.458,14.629
75.969,126.571,16.458,14.629
76.886,126.387,16.458,14.629
77.529,127.177,16.822,14.953
78.217,127.240,16.822,14.953
78.939,127.701,16.463,14.634
79.734,128.374,16.463,14.634
80.163,128.190,16.463,14.634
80.836,128.986,16.463,14.634
81.509,129.292,16.463,14.634
82.059,128.374,16.463,14.634
82.977,127.334,16.463,14.634
82.916,126.416,16.463,14.634
83.686,126.698,16.827,14.958
84.529,126.556,16.468,14.639
100.871,126.985,16.468,14.639
101.544,127.536,16.468,14.639
102.218,126.985,16.468,14.639
103.278,127.908,16.117,14.326
103.817,127.009,16.117,14.326
104.971,127.797,15.773,14.021
105.498,127.152,15.773,14.021
106.612,126.742,15.773,14.021
107.257,125.628,15.773,14.021
107.785,124.397,15.773,14.021
107.670,124.829,15.437,13.722
108.996,125.252,15.108,13.429
109.389,125.869,15.108,13.429
110.362,126.608,14.786,13.143
110.467,127.331,14.470,12.863
111.399,128.245,14.162,12.588
112.504,127.772,14.162,12.588
112.451,128.667,14.162,12.588
112.609,129.140,14.162,12.588
113.504,128.772,14.162,12.588
113.767,129.035,14.162,12.588
114.346,128.982,14.162,12.588
115.136,128.298,14.162,12.588
115.610,128.982,14.162,12.588
115.031,130.509,14.162,12.588
115.740,130.389,13.860,12.320
116.306,129.926,13.860,12.320
116.358,129.153,13.860,12.320
115.894,129.823,13.860,12.320
116.461,131.523,13.860,12.320
116.306,130.750,13.860,12.320
116.152,129.668,13.860,12.320
115.997,128.277,13.860,12.320
116.873,127.505,13.860,12.320
117.027,127.762,13.860,12.320
116.828,128.043,13.564,12.057
116.475,126.581,13.564,12.057
115.819,126.328,13.564,12.057
116.273,126.984,13.564,12.057
115.980,127.647,13.275,11.800
115.240,127.992,13.275,11.800
115.290,128.634,13.275,11.800
115.142,129.078,13.275,11.800
114.796,128.535,13.275,11.800
116.819,129.670,13.275,11.800
115.980,135.442,13.275,11.800
114.747,134.505,13.275,11.800
114.994,134.653,13.275,11.800
113.859,132.235,13.275,11.800
114.106,128.140,13.275,11.800
113.439,126.126,12.992,11.548
113.777,128.202,12.992,11.548
112.666,129.216,12.992,11.548
112.231,128.492,12.992,11.548
112.763,127.671,12.992,11.548
111.942,127.913,12.992,11.548
112.087,126.995,12.992,11.548
112.231,126.174,12.992,11.548
112.473,126.802,12.992,11.548
112.714,126.368,12.992,11.548
111.604,125.740,12.992,11.548
111.362,126.174,12.992,11.548
111.893,126.512,12.992,11.548
111.266,125.885,12.992,11.548
111.700,126.319,12.992,11.548
111.073,125.498,12.992,11.548
111.121,125.354,12.992,11.548
111.169,127.140,12.992,11.548
110.831,127.864,12.992,11.548
110.493,127.237,12.992,11.548
111.121,126.126,12.992,11.548
110.590,126.368,12.992,11.548
110.252,126.126,12.992,11.548
110.590,127.237,12.992,11.548
109.962,126.802,12.992,11.548
109.817,127.430,12.992,11.548
109.769,127.671,12.992,11.548
109.624,128.492,12.992,11.548
109.189,128.444,12.992,11.548
109.817,127.816,12.992,11.548
109.286,128.251,12.992,11.548
110.010,127.044,12.992,11.548
110.155,127.864,12.992,11.548
110.300,128.396,12.992,11.548
110.445,127.961,12.992,11.548
110.010,128.589,12.992,11.548
109.479,128.444,12.992,11.548
110.397,128.396,12.992,11.548
110.445,128.347,12.992,11.548
110.879,128.589,12.992,11.548
110.445,128.058,12.992,11.548
111.169,128.975,12.992,11.548
110.638,128.154,12.992,11.548
110.397,127.720,12.992,11.548
111.121,127.188,12.992,11.548
110.879,127.816,12.992,11.548
110.541,127.285,12.992,11.548
110.203,127.140,12.992,11.548
111.121,127.671,12.992,11.548
111.459,128.106,12.992,11.548
111.604,128.540,12.992,11.548
111.073,128.106,12.992,11.548
111.700,128.637,12.992,11.548
111.362,128.202,12.992,11.548
112.087,128.444,12.992,11.548
111.845,127.526,12.992,11.548
112.087,126.706,12.992,11.548
112.425,126.078,12.992,11.548
113.149,126.899,12.992,11.548
113.294,126.464,12.992,11.548
113.632,126.899,12.992,11.548
113.004,127.816,12.992,11.548
113.728,128.058,12.992,11.548
113.970,128.299,12.992,11.548
114.501,127.382,12.992,11.548
115.129,126.947,12.992,11.548
115.274,127.864,12.992,11.548
115.515,127.526,12.992,11.548
114.791,127.285,12.992,11.548
115.225,126.464,12.992,11.548
115.467,126.126,12.992,11.548
116.288,126.850,12.992,11.548
116.046,126.416,12.992,11.548
116.191,126.367,12.992,11.548
116.529,126.899,12.992,11.548
115.708,127.526,12.992,11.548
115.950,126.802,12.992,11.548
115.805,127.623,12.992,11.548
115.563,128.154,12.992,11.548
115.998,128.975,12.992,11.548
116.432,129.313,12.992,11.548
116.964,127.623,12.992,11.548
116.143,127.188,12.992,11.548
116.674,128.009,12.992,11.548
116.143,127.864,12.992,11.548
116.867,128.589,12.992,11.548
116.915,128.154,12.992,11.548
117.060,128.685,12.992,11.548
117.205,127.961,12.992,11.548
117.833,127.333,12.992,11.548
117.398,126.802,12.992,11.548
117.929,127.333,12.992,11.548
117.688,127.188,12.992,11.548
117.736,128.106,12.992,11.548
117.784,128.540,12.992,11.548
117.736,128.106,12.992,11.548
118.074,129.313,12.992,11.548
118.509,128.782,12.992,11.548
117.881,128.927,12.992,11.548
118.412,129.072,12.992,11.548
119.233,129.506,12.992,11.548
119.281,129.458,12.992,11.548
119.523,129.216,12.992,11.548
118.798,129.651,12.992,11.548
119.136,128.927,12.992,11.548
119.861,129.554,12.992,11.548
119.523,129.216,12.992,11.548
119.957,130.424,12.992,11.548
120.199,129.699,12.992,11.548
120.633,129.651,12.992,11.548
119.812,129.023,12.992,11.548
119.861,128.396,12.992,11.548
120.006,128.830,12.992,11.548
120.150,129.748,12.992,11.548
120.392,129.410,12.992,11.548
120.537,128.685,12.992,11.548
119.523,128.734,12.992,11.548
119.185,129.072,12.992,11.548
119.812,129.699,12.992,11.548
119.281,128.782,12.992,11.548
119.619,129.216,12.992,11.548
118.895,129.651,12.992,11.548
118.847,128.927,12.992,11.548
118.509,129.458,12.992,11.548
118.074,128.637,12.992,11.548
118.509,128.589,12.992,11.548
117.784,128.540,12.992,11.548
118.122,128.106,12.992,11.548
118.364,127.768,12.992,11.548
118.412,128.589,12.992,11.548
118.171,129.120,12.992,11.548
117.833,129.844,12.992,11.548
117.205,128.251,12.992,11.548
117.833,127.913,12.992,11.548
117.438,128.536,13.279,11.804
117.784,129.375,13.279,11.804
117.932,128.536,13.279,11.804
116.896,128.191,13.279,11.804
116.550,127.648,13.279,11.804
117.192,127.302,13.279,11.804
117.241,128.142,13.279,11.804
116.501,127.796,13.279,11.804
116.748,128.635,13.279,11.804
117.192,128.191,13.279,11.804
116.353,128.438,13.279,11.804
116.698,127.895,13.279,11.804
117.044,127.352,13.279,11.804
116.205,128.586,13.279,11.804
116.869,128.474,12.996,11.552
116.242,127.942,12.996,11.552
116.773,128.474,12.996,11.552
115.978,127.795,13.284,11.808
116.548,128.634,13.000,11.556
116.016,128.296,13.000,11.556
116.451,127.571,13.000,11.556
116.982,128.103,13.000,11.556
116.451,128.634,13.000,11.556
116.982,128.973,13.000,11.556
116.354,128.924,13.000,11.556
116.693,129.842,13.000,11.556
116.064,130.567,13.000,11.556
116.306,130.325,13.000,11.556
116.644,130.760,13.000,11.556
116.113,131.485,13.000,11.556
116.451,131.244,13.000,11.556
116.982,130.229,13.000,11.556
116.064,129.794,13.000,11.556
116.499,130.325,13.000,11.556
116.741,130.567,13.000,11.556
115.823,131.582,13.000,11.556
116.287,132.590,12.723,11.309
115.214,132.023,13.005,11.560
115.622,132.447,13.292,11.815
115.869,132.002,13.292,11.815
114.931,131.459,13.292,11.815
115.079,130.915,13.292,11.815
115.086,130.221,13.586,12.077
115.237,130.574,13.586,12.077
114.783,129.817,13.586,12.077
114.999,130.574,13.887,12.344
115.360,130.419,13.887,12.344
114.483,131.193,13.887,12.344
114.225,130.832,13.887,12.344
113.863,130.058,13.887,12.344
114.431,129.903,13.887,12.344
113.760,130.780,13.887,12.344
114.018,131.864,13.887,12.344
114.483,131.297,13.887,12.344
113.812,131.245,13.887,12.344
114.070,130.677,13.887,12.344
113.296,131.555,13.887,12.344
113.657,131.503,13.887,12.344
113.709,131.761,13.887,12.344
113.930,131.464,14.194,12.617
113.139,130.778,14.194,12.617
113.719,130.092,14.194,12.617
112.927,130.778,14.194,12.617
113.086,130.409,14.194,12.617
113.244,130.989,14.194,12.617
113.086,131.675,14.194,12.617
112.611,130.884,14.194,12.617
111.925,131.253,14.194,12.617
112.400,130.356,14.194,12.617
112.558,130.936,14.194,12.617
111.556,130.673,14.194,12.617
111.714,130.198,14.194,12.617
111.239,129.512,14.194,12.617
111.820,129.987,14.194,12.617
111.239,129.617,14.194,12.617
111.714,130.092,14.194,12.617
111.028,130.567,14.194,12.617
111.503,129.881,14.194,12.617
110.501,130.673,14.194,12.617
110.026,129.881,14.194,12.617
110.501,130.250,14.194,12.617
109.815,130.409,14.194,12.617
110.079,130.778,14.194,12.617
110.237,129.987,14.194,12.617
109.868,130.462,14.194,12.617
109.393,130.198,14.194,12.617
109.868,130.989,14.194,12.617
109.182,131.464,14.194,12.617
109.446,130.778,14.194,12.617
108.654,130.303,14.194,12.617
108.812,130.567,14.194,12.617
109.076,131.253,14.194,12.617
109.446,130.778,14.194,12.617
108.654,131.886,14.194,12.617
108.918,132.466,14.194,12.617
109.182,131.780,14.194,12.617
109.517,131.258,14.508,12.896
109.895,132.067,14.508,12.896
109.302,131.689,14.508,12.896
110.003,131.635,14.508,12.896
110.057,130.395,14.508,12.896
110.542,130.017,14.508,12.896
111.135,130.287,14.508,12.896
111.405,131.312,14.508,12.896
111.998,131.905,14.508,12.896
111.513,131.743,14.508,12.896
112.429,132.013,14.508,12.896
112.915,131.635,14.508,12.896
112.753,131.258,14.508,12.896
113.130,131.743,14.508,12.896
113.831,131.366,14.508,12.896
113.885,131.312,14.508,12.896
114.586,131.150,14.508,12.896
115.041,130.616,14.829,13.182
115.868,131.222,14.829,13.182
116.143,131.167,14.829,13.182
115.758,131.442,14.829,13.182
116.474,130.836,14.829,13.182
117.080,131.332,14.829,13.182
118.017,131.497,14.829,13.182
118.403,131.663,14.829,13.182
118.568,131.608,14.829,13.182
118.954,131.001,14.829,13.182
119.671,131.277,14.829,13.182
120.167,130.781,14.829,13.182
119.781,131.608,14.829,13.182
120.498,131.332,14.829,13.182
120.883,131.828,14.829,13.182
121.463,131.396,15.157,13.473
121.704,130.721,15.493,13.771
121.762,129.973,15.493,13.771
122.165,130.030,15.493,13.771
122.798,130.894,15.493,13.771
122.395,130.836,15.493,13.771
122.798,130.318,15.493,13.771
123.316,129.685,15.493,13.771
123.374,130.664,15.493,13.771
123.777,131.297,15.493,13.771
124.295,130.549,15.493,13.771
124.123,130.376,15.493,13.771
124.871,130.664,15.493,13.771
125.389,130.491,15.493,13.771
124.986,130.318,15.493,13.771
125.965,130.145,15.493,13.771
126.483,130.088,15.493,13.771
126.656,131.758,15.493,13.771
126.829,131.700,15.493,13.771
127.232,131.297,15.493,13.771
127.981,132.046,15.493,13.771
128.384,133.485,15.493,13.771
127.750,134.003,15.493,13.771
128.384,134.176,15.493,13.771
127.865,133.082,15.493,13.771
128.729,134.061,15.493,13.771
129.017,133.773,15.493,13.771
129.650,133.025,15.493,13.771
129.823,132.622,15.493,13.771
129.881,131.988,15.493,13.771
130.169,132.852,15.493,13.771
130.226,132.103,15.493,13.771
130.629,131.355,15.493,13.771
129.801,129.948,15.836,14.076
129.977,129.771,15.836,14.076
130.036,129.359,15.836,14.076
129.624,130.242,15.836,14.076
130.154,130.772,15.836,14.076
130.566,130.007,15.836,14.076
129.997,130.667,15.498,13.776
130.662,130.092,15.167,13.482
126.205,117.685,14.844,13.195
125.247,119.049,14.527,12.913
125.870,121.424,14.218,12.638
125.564,120.795,13.914,12.368
124.865,121.575,13.618,12.105
124.863,119.899,13.327,11.847
124.671,120.455,13.043,11.594
124.778,119.572,13.332,11.850
124.991,119.698,13.627,12.113
125.838,131.177,13.928,12.381
126.201,132.160,13.928,12.381
125.456,131.540,14.236,12.654
125.134,132.113,14.551,12.934
125.141,132.363,14.873,13.221
124.975,132.861,14.873,13.221
125.583,133.469,14.873,13.221
125.086,132.750,14.873,13.221
124.478,131.810,14.873,13.221
125.086,130.981,14.873,13.221
125.141,130.373,14.873,13.221
124.754,130.539,14.873,13.221
125.583,130.705,14.873,13.221
125.706,130.272,15.202,13.513
126.065,129.946,15.539,13.812
126.238,130.813,15.539,13.812
125.372,130.755,15.539,13.812
126.099,129.823,15.882,14.118
126.512,129.882,15.882,14.118
127.161,129.705,15.882,14.118
127.537,130.223,16.234,14.430
127.884,129.969,15.888,14.122
127.589,129.792,15.888,14.122
127.884,129.497,15.888,14.122
128.534,130.619,15.888,14.122
129.184,131.741,15.888,14.122
129.361,132.981,15.888,14.122
130.010,133.749,15.888,14.122
130.069,132.390,15.888,14.122
130.246,132.095,15.888,14.122
130.500,130.775,16.239,14.435
130.439,129.145,16.239,14.435
130.379,128.240,16.239,14.435
131.284,127.455,16.239,14.435
130.862,127.033,16.239,14.435
131.163,127.938,16.239,14.435
131.586,127.757,16.239,14.435
131.043,128.421,16.239,14.435
131.802,127.573,16.598,14.754
132.195,128.113,16.966,15.081
131.123,127.672,16.966,15.081
130.808,128.870,16.966,15.081
131.753,128.681,16.966,15.081
131.500,127.794,17.341,15.414
131.694,128.117,17.341,15.414
132.016,128.955,17.341,15.414
131.049,129.664,17.341,15.414
130.985,129.986,17.341,15.414
131.178,128.890,17.341,15.414
131.243,128.181,17.341,15.414
131.436,127.730,17.341,15.414
131.243,128.826,17.341,15.414
130.920,127.859,17.341,15.414
130.340,126.892,17.341,15.414
130.662,126.570,17.341,15.414
130.469,127.794,17.341,15.414
130.018,127.086,17.341,15.414
129.051,126.248,17.341,15.414
129.422,127.095,16.971,15.086
128.476,126.275,16.971,15.086
128.747,126.697,17.347,15.419
127.909,127.665,17.347,15.419
126.812,127.987,17.347,15.419
127.393,127.536,17.347,15.419
126.684,129.534,17.347,15.419
126.232,130.630,17.347,15.419
125.394,131.468,17.347,15.419
125.716,130.630,17.347,15.419
125.781,130.179,17.347,15.419
125.201,129.470,17.347,15.419
124.363,130.050,17.347,15.419
124.814,129.599,17.347,15.419
124.878,128.761,17.347,15.419
123.395,129.212,17.347,15.419
123.718,129.018,17.347,15.419
124.040,129.470,17.347,15.419
123.073,129.534,17.347,15.419
123.395,130.243,17.347,15.419
123.589,130.953,17.347,15.419
123.138,131.533,17.347,15.419
123.331,131.984,17.347,15.419
122.460,133.081,16.977,15.091
122.901,132.134,16.977,15.091
123.595,131.188,16.977,15.091
122.775,131.756,16.977,15.091
123.217,131.188,16.977,15.091
122.270,129.610,16.977,15.091
122.586,130.178,16.977,15.091
122.396,130.367,16.977,15.091
122.586,131.566,16.977,15.091
122.775,132.134,16.977,15.091
123.090,132.576,16.977,15.091
122.270,132.891,16.977,15.091
122.586,133.585,16.977,15.091
123.027,132.639,16.977,15.091
123.429,131.752,17.352,15.424
122.806,132.352,16.982,15.095
123.374,131.910,16.982,15.095
123.437,132.352,16.982,15.095
122.869,131.910,16.982,15.095
123.437,132.352,16.982,15.095
122.869,132.920,16.982,15.095
123.437,133.488,16.982,15.095
122.995,132.541,16.982,15.095
123.563,131.720,16.982,15.095
122.869,132.288,16.982,15.095
123.184,132.604,16.982,15.095
122.238,133.803,16.982,15.095
122.679,134.498,16.982,15.095
122.869,133.425,16.982,15.095
123.184,132.730,16.982,15.095
122.238,133.172,16.982,15.095
122.679,133.614,16.982,15.095
122.743,133.551,16.982,15.095
122.932,133.614,16.982,15.095
122.995,132.793,16.982,15.095
122.427,132.478,16.982,15.095
122.111,131.531,16.982,15.095
121.670,131.847,16.982,15.095
122.238,132.415,16.982,15.095
121.543,131.973,16.982,15.095
121.985,131.405,16.982,15.095
122.427,131.973,16.982,15.095
121.733,131.152,16.982,15.095
122.301,131.847,16.982,15.095
121.480,132.667,16.982,15.095
121.882,131.649,17.358,15.429
120.785,132.488,17.358,15.429
121.157,131.968,16.988,15.100
120.841,131.526,16.988,15.100
121.283,132.347,16.988,15.100
120.336,132.158,16.988,15.100
120.273,131.589,16.988,15.100
120.210,132.536,16.988,15.100
119.515,131.968,16.988,15.100
119.957,131.400,16.988,15.100
120.399,132.599,16.988,15.100
119.199,133.168,16.988,15.100
118.884,132.347,16.988,15.100
119.199,131.905,16.988,15.100
118.379,131.716,16.988,15.100
118.694,132.157,16.988,15.100
119.010,131.337,16.988,15.100
117.810,131.905,16.988,15.100
118.631,131.716,16.988,15.100
118.442,132.031,16.988,15.100
118.757,130.958,16.988,15.100
118.947,130.390,16.988,15.100
119.010,130.832,16.988,15.100
117.937,131.526,16.988,15.100
119.010,131.715,16.988,15.100
118.189,131.274,16.988,15.100
118.631,130.958,16.988,15.100
119.199,131.526,16.988,15.100
118.631,132.852,16.988,15.100
119.326,133.420,16.988,15.100
118.884,132.094,16.988,15.100
119.831,131.021,16.988,15.100
120.399,130.579,16.988,15.100
119.704,131.274,16.988,15.100
120.273,131.589,16.988,15.100
120.336,132.031,16.988,15.100
120.399,131.337,16.988,15.100
120.841,131.905,16.988,15.100
121.535,132.473,16.988,15.100
121.472,131.779,16.988,15.100
121.535,131.842,16.988,15.100
122.104,131.652,16.988,15.100
121.535,130.579,16.988,15.100
122.230,130.011,16.988,15.100
122.546,129.190,16.988,15.100
123.114,130.263,16.988,15.100
122.546,130.705,16.988,15.100
123.366,129.884,16.988,15.100
123.935,129.064,16.988,15.100
124.756,128.495,16.988,15.100
125.071,129.443,16.988,15.100
124.629,129.506,16.988,15.100
125.450,129.948,16.988,15.100
126.018,130.390,16.988,15.100
126.208,129.948,16.988,15.100
126.650,130.011,16.988,15.100
127.218,129.443,16.988,15.100
126.902,130.390,16.988,15.100
127.976,129.821,16.988,15.100
128.544,130.263,16.988,15.100
128.481,129.443,16.988,15.100
128.418,129.127,16.988,15.100
128.733,129.821,16.988,15.100
129.340,131.017,16.626,14.778
129.649,130.461,16.626,14.778
130.082,130.893,16.626,14.778
129.402,130.337,16.626,14.778
130.205,131.635,16.626,14.778
129.773,131.573,16.626,14.778
129.711,132.623,16.626,14.778
129.773,131.697,16.626,14.778
129.958,131.635,16.626,14.778
130.144,131.449,16.626,14.778
130.329,132.623,16.626,14.778
130.447,132.364,16.271,14.463
129.782,131.941,16.271,14.463
130.447,132.606,16.271,14.463
129.903,132.183,16.271,14.463
129.785,132.395,15.924,14.155
130.317,133.638,15.924,14.155
130.613,133.461,15.924,14.155
129.844,132.928,15.924,14.155
130.258,133.224,15.924,14.155
130.436,132.810,15.924,14.155
130.850,132.395,15.924,14.155
129.844,132.336,15.924,14.155
130.021,133.342,15.924,14.155
130.317,132.691,15.924,14.155
130.495,132.632,15.924,14.155
130.081,132.336,15.924,14.155
129.666,132.632,15.924,14.155
129.323,132.041,15.585,13.853
129.265,132.563,15.585,13.853
129.207,132.621,15.585,13.853
129.612,132.447,15.585,13.853
129.091,132.736,15.585,13.853
129.381,133.026,15.585,13.853
128.628,133.895,15.585,13.853
128.685,132.910,15.585,13.853
128.280,132.041,15.585,13.853
127.875,131.288,15.585,13.853
128.396,130.767,15.585,13.853
127.990,131.404,15.585,13.853
128.396,130.883,15.585,13.853
127.643,131.172,15.585,13.853
127.932,130.072,15.585,13.853
127.875,131.172,15.585,13.853
127.353,129.493,15.585,13.853
126.600,129.782,15.585,13.853
127.006,130.304,15.585,13.853
127.295,129.551,15.585,13.853
126.426,129.145,15.585,13.853
126.253,128.856,15.585,13.853
125.847,129.956,15.585,13.853
126.253,129.782,15.585,13.853
125.384,130.072,15.585,13.853
125.442,129.435,15.585,13.853
125.036,128.682,15.585,13.853
125.442,128.971,15.585,13.853
125.036,128.566,15.585,13.853
125.558,127.929,15.585,13.853
124.805,128.103,15.585,13.853
125.094,126.886,15.585,13.853
125.384,127.639,15.585,13.853
124.399,127.002,15.585,13.853
124.341,127.755,15.585,13.853
124.399,127.118,15.585,13.853
123.994,126.017,15.585,13.853
124.515,127.118,15.585,13.853
123.762,126.249,15.585,13.853
124.283,127.002,15.585,13.853
123.415,128.334,15.585,13.853
123.588,127.350,15.585,13.853
123.878,127.060,15.585,13.853
123.936,127.581,15.585,13.853
123.762,127.176,15.585,13.853
123.936,126.075,15.585,13.853
123.762,125.438,15.585,13.853
123.472,124.917,15.585,13.853
122.951,125.322,15.585,13.853
123.472,124.222,15.585,13.853
122.604,124.396,15.585,13.853
122.777,123.990,15.585,13.853
122.835,124.975,15.585,13.853
122.777,125.264,15.585,13.853
122.024,123.932,15.585,13.853
122.430,125.264,15.585,13.853
121.445,124.627,15.585,13.853
121.040,125.380,15.585,13.853
121.213,124.396,15.585,13.853
120.113,124.917,15.585,13.853
120.634,126.017,15.585,13.853
120.113,126.770,15.585,13.853
120.287,127.523,15.585,13.853
119.186,127.118,15.585,13.853
119.476,127.060,15.585,13.853
118.375,128.392,15.585,13.853
117.970,129.145,15.585,13.853
118.028,129.435,15.585,13.853
117.738,130.535,15.585,13.853
116.869,130.825,15.585,13.853
116.927,131.346,15.585,13.853
116.406,130.593,15.585,13.853
115.537,131.694,15.585,13.853
115.247,132.447,15.585,13.853
114.494,132.389,15.585,13.853
114.205,132.215,15.585,13.853
114.610,131.462,15.585,13.853
113.626,132.447,15.585,13.853
113.104,132.273,15.585,13.853
113.394,131.636,15.585,13.853
112.062,131.810,15.585,13.853
112.467,132.331,15.585,13.853
111.598,131.462,15.585,13.853
111.540,131.404,15.585,13.853
110.903,131.578,15.585,13.853
111.193,131.057,15.585,13.853
111.367,131.578,15.585,13.853
110.150,129.551,15.585,13.853
110.440,128.913,15.585,13.853
109.339,129.203,15.585,13.853
109.281,128.218,15.585,13.853
108.528,127.581,15.585,13.853
108.818,127.292,15.585,13.853
108.992,126.655,15.585,13.853
108.818,127.639,15.585,13.853
108.297,127.234,15.585,13.853
107.428,126.365,15.585,13.853
107.486,126.539,15.585,13.853
107.312,126.133,15.585,13.853
107.254,126.307,15.585,13.853
106.501,126.944,15.585,13.853
106.791,127.813,15.585,13.853
106.964,127.755,15.585,13.853
106.907,127.465,15.585,13.853
106.617,126.597,15.585,13.853
105.864,126.307,15.585,13.853
106.154,127.060,15.585,13.853
106.443,127.929,15.585,13.853
105.343,127.408,15.585,13.853
104.705,126.539,15.585,13.853
105.227,127.292,15.585,13.853
104.358,127.465,15.585,13.853
104.532,127.060,15.585,13.853
104.010,126.770,15.585,13.853
104.532,126.249,15.585,13.853
104.242,125.264,15.585,13.853
103.721,124.975,15.585,13.853
104.126,125.959,15.585,13.853
104.068,125.438,15.585,13.853
104.358,125.033,15.585,13.853
103.373,125.670,15.585,13.853
103.084,125.264,15.585,13.853
103.489,125.322,15.585,13.853
103.084,126.191,15.585,13.853
103.373,126.365,15.585,13.853
102.504,126.655,15.585,13.853
102.331,126.133,15.585,13.853
102.620,125.612,15.585,13.853
102.910,126.597,15.585,13.853
103.199,127.234,15.585,13.853
103.605,126.249,15.585,13.853
102.620,126.655,15.585,13.853
102.794,127.060,15.585,13.853
103.128,127.822,15.252,13.558
102.844,127.312,15.252,13.558
103.280,127.948,14.927,13.268
103.557,128.558,14.927,13.268
102.914,128.646,14.609,12.985
103.332,128.942,14.297,12.709
104.129,129.951,14.297,12.709
104.288,131.067,14.297,12.709
104.492,131.868,13.992,12.438
104.440,130.568,13.992,12.438
104.804,130.100,13.992,12.438
105.168,129.944,13.992,12.438
104.465,130.428,13.694,12.172
105.025,130.275,13.694,12.172
104.974,131.344,13.694,12.172
104.581,131.719,13.402,11.913
104.730,131.968,13.402,11.913
105.017,132.719,13.116,11.659
105.024,131.124,13.406,11.917
105.073,130.575,13.406,11.917
104.976,131.519,13.120,11.662
104.147,132.250,13.120,11.662
104.154,131.160,13.411,11.921
104.204,130.612,13.411,11.921
104.683,131.652,13.125,11.666
104.049,132.286,13.125,11.666
103.347,131.701,13.415,11.924
103.397,131.651,13.415,11.924
103.646,131.402,13.415,11.924
103.098,131.253,13.415,11.924
103.447,131.502,13.415,11.924
102.798,131.951,13.415,11.924
103.147,132.599,13.415,11.924
103.397,132.449,13.415,11.924
102.749,132.200,13.415,11.924
102.998,132.150,13.415,11.924
103.147,132.599,13.415,11.924
103.496,132.250,13.415,11.924
102.469,131.238,13.712,12.188
102.927,130.984,13.712,12.188
102.774,130.729,13.712,12.188
102.418,130.474,13.712,12.188
102.876,130.729,13.712,12.188
102.112,130.780,13.712,12.188
102.469,130.423,13.712,12.188
102.861,130.995,13.419,11.928
103.010,132.142,13.419,11.928
103.359,131.394,13.419,11.928
102.312,131.344,13.419,11.928
102.062,130.796,13.419,11.928
102.711,131.244,13.419,11.928
102.861,129.499,13.419,11.928
102.212,128.850,13.419,11.928
102.596,129.699,13.133,11.674
102.805,129.114,13.424,11.932
102.900,129.674,13.138,11.678
103.144,129.723,13.138,11.678
102.239,129.036,13.428,11.936
102.888,128.487,13.428,11.936
103.079,129.529,13.142,11.682
102.513,130.453,12.862,11.433
103.114,128.492,13.146,11.685
102.577,128.932,13.146,11.685
102.919,128.492,13.146,11.685
103.331,128.819,13.437,11.944
102.656,129.957,13.150,11.689
101.728,116.907,13.150,11.689
101.444,116.325,12.870,11.440
101.166,116.309,12.596,11.196
101.706,117.286,12.327,10.957
101.529,117.800,12.064,10.724
101.268,117.007,11.807,10.495
101.098,116.484,11.555,10.271
101.485,116.269,11.555,10.271
102.043,116.398,11.555,10.271
101.545,115.804,11.309,10.052
101.301,116.114,11.067,9.838
101.300,116.338,10.831,9.628
101.663,116.136,10.831,9.628
100.817,116.901,10.831,9.628
100.536,115.734,10.831,9.628
101.059,115.532,10.831,9.628
100.455,116.217,10.831,9.628
100.066,116.746,10.600,9.423
100.342,116.943,10.600,9.423
99.199,116.037,10.600,9.423
99.654,116.631,10.374,9.222
99.616,116.053,10.374,9.222
99.269,116.631,10.374,9.222
98.613,115.667,10.374,9.222
98.574,115.860,10.374,9.222
97.919,115.744,10.374,9.222
97.186,115.552,10.374,9.222
96.916,114.973,10.374,9.222
96.261,115.706,10.374,9.222
96.531,115.282,10.374,9.222
96.184,116.014,10.374,9.222
95.683,116.516,10.374,9.222
95.490,116.323,10.374,9.222
95.220,117.595,10.374,9.222
94.873,116.940,10.374,9.222
94.217,116.438,10.374,9.222
94.102,115.706,10.374,9.222
93.755,116.438,10.374,9.222
94.179,116.014,10.374,9.222
93.600,116.670,10.374,9.222
93.253,116.014,10.374,9.222
93.061,116.361,10.374,9.222
92.559,116.246,10.374,9.222
92.906,115.976,10.374,9.222
91.480,116.323,10.374,9.222
91.981,116.284,10.374,9.222
91.171,116.863,10.374,9.222
90.670,116.053,10.374,9.222
90.169,115.629,10.374,9.222
89.668,115.976,10.374,9.222
89.913,116.394,10.604,9.426
89.006,116.827,10.604,9.426
88.021,116.394,10.604,9.426
87.272,116.670,10.604,9.426
86.214,117.424,10.839,9.634
86.013,116.820,10.839,9.634
85.248,117.102,10.839,9.634
84.885,117.464,10.839,9.634
83.878,116.941,10.839,9.634
83.193,117.545,10.839,9.634
82.831,116.860,10.839,9.634
81.824,117.787,10.839,9.634
81.058,118.149,10.839,9.634
80.980,118.753,11.078,9.847
80.033,118.135,11.078,9.847
79.184,118.496,11.323,10.065
79.226,118.791,11.323,10.065
78.427,119.254,11.323,10.065
77.206,118.539,11.323,10.065
76.912,117.823,11.323,10.065
76.028,118.370,11.323,10.065
76.208,117.866,11.574,10.288
76.303,117.172,11.830,10.516
75.306,116.736,12.092,10.748
75.498,116.850,12.359,10.986
74.647,116.014,12.633,11.229
74.224,116.061,12.633,11.229
73.520,116.671,12.633,11.229
72.722,117.470,12.633,11.229
72.111,117.423,12.633,11.229
71.783,117.188,12.633,11.229
70.891,116.671,12.633,11.229
70.374,117.282,12.633,11.229
69.388,117.798,12.633,11.229
68.684,118.502,12.633,11.229
68.449,117.798,12.633,11.229
67.651,118.033,12.633,11.229
67.416,116.859,12.633,11.229
67.325,117.758,12.912,11.478
67.630,117.581,13.198,11.732
71.505,118.011,13.490,11.991
71.214,117.897,13.202,11.735
70.645,117.691,12.921,11.485
68.978,117.768,12.645,11.240
68.524,118.205,12.376,11.000
67.193,118.100,12.112,10.766
66.497,118.258,11.853,10.536
64.968,117.734,11.601,10.312
72.082,117.087,11.601,10.312
71.349,117.734,11.601,10.312
71.651,118.467,11.601,10.312
70.918,118.079,11.601,10.312
69.581,118.467,11.601,10.312
69.107,117.820,11.601,10.312
68.218,119.540,11.857,10.540
67.493,120.109,12.120,10.773
68.168,120.515,12.120,10.773
