70.000,51.000,107.000,87.000
71.907,51.381,107.000,87.000
70.475,54.147,104.718,85.145
70.101,54.520,104.718,85.145
70.475,54.147,104.718,85.145
67.862,54.520,104.718,85.145
68.235,54.894,104.718,85.145
67.862,56.013,104.718,85.145
65.249,57.133,104.718,85.145
65.252,55.029,107.035,87.029
64.871,55.411,107.035,87.029
64.489,54.266,107.035,87.029
62.582,52.359,107.035,87.029
65.252,52.740,107.035,87.029
64.108,51.596,107.035,87.029
64.489,51.214,107.035,87.029
61.819,51.596,107.035,87.029
62.963,51.214,107.035,87.029
63.345,53.122,107.035,87.029
62.648,53.682,104.753,85.173
61.965,55.670,102.519,83.356
63.061,54.574,102.519,83.356
61.965,54.208,102.519,83.356
60.869,55.304,102.519,83.356
61.234,54.939,102.519,83.356
61.600,54.574,102.519,83.356
61.234,53.477,102.519,83.356
60.138,53.112,102.519,83.356
61.234,54.208,102.519,83.356
59.407,53.112,102.519,83.356
59.773,54.208,102.519,83.356
58.676,53.112,102.519,83.356
60.504,52.747,102.519,83.356
60.869,52.381,102.519,83.356
58.311,51.285,102.519,83.356
60.138,52.381,102.519,83.356
58.311,51.285,102.519,83.356
59.407,52.381,102.519,83.356
59.773,52.016,102.519,83.356
61.218,53.961,100.332,81.579
62.291,52.888,100.332,81.579
61.933,53.246,100.332,81.579
63.006,51.458,100.332,81.579
61.218,52.531,100.332,81.579
63.721,52.888,100.332,81.579
64.079,53.246,100.332,81.579
61.576,52.888,100.332,81.579
64.794,54.676,100.332,81.579
66.209,56.580,98.193,79.839
67.593,57.094,96.099,78.136
66.175,54.453,98.225,79.865
68.909,58.342,96.130,78.162
68.567,57.999,96.130,78.162
67.539,58.342,96.130,78.162
68.567,57.999,96.130,78.162
68.224,59.712,96.130,78.162
68.567,61.425,96.130,78.162
70.582,61.929,94.080,76.495
70.616,65.007,92.074,74.864
71.981,61.795,94.111,76.520
70.974,61.460,94.111,76.520
70.639,61.124,94.111,76.520
71.319,64.850,92.104,74.888
73.883,65.332,90.140,73.291
74.205,63.726,90.140,73.291
72.598,64.047,90.140,73.291
73.562,62.440,90.140,73.291
73.241,62.762,90.140,73.291
73.562,63.083,90.140,73.291
73.241,61.477,90.140,73.291
72.919,61.798,90.140,73.291
73.241,61.477,90.140,73.291
72.919,60.513,90.140,73.291
71.956,60.834,90.140,73.291
73.562,59.870,90.140,73.291
73.241,58.264,90.140,73.291
72.277,59.228,90.140,73.291
73.241,60.191,90.140,73.291
71.634,60.513,90.140,73.291
71.956,61.477,90.140,73.291
72.277,61.798,90.140,73.291
71.956,62.762,90.140,73.291
71.634,62.440,90.140,73.291
71.956,63.404,90.140,73.291
71.634,63.083,90.140,73.291
71.313,63.404,90.140,73.291
70.992,63.726,90.140,73.291
70.670,64.047,90.140,73.291
69.706,62.441,90.140,73.291
70.028,62.119,90.140,73.291
70.992,63.726,90.140,73.291
70.670,64.047,90.140,73.291
69.064,63.726,90.140,73.291
70.670,64.047,90.140,73.291
70.992,62.441,90.140,73.291
69.385,62.762,90.140,73.291
70.992,63.083,90.140,73.291
70.670,61.477,90.140,73.291
72.277,62.441,90.140,73.291
72.598,63.404,90.140,73.291
72.277,61.155,90.140,73.291
73.883,62.119,90.140,73.291
72.277,59.870,90.140,73.291
74.526,60.192,90.140,73.291
74.847,59.228,90.140,73.291
74.526,59.549,90.140,73.291
75.490,59.870,90.140,73.291
76.760,60.961,88.218,71.728
77.704,60.647,88.218,71.728
78.647,61.590,88.218,71.728
78.333,61.276,88.218,71.728
78.647,60.961,88.218,71.728
78.962,61.905,88.218,71.728
78.647,62.219,88.218,71.728
80.219,60.647,88.218,71.728
78.647,60.961,88.218,71.728
80.497,63.848,86.337,70.199
82.307,64.893,84.495,68.702
80.435,64.445,86.365,70.222
80.127,64.137,86.365,70.222
81.667,65.677,86.365,70.222
81.359,65.984,86.365,70.222
81.051,66.292,86.365,70.222
82.590,66.600,86.365,70.222
81.667,66.908,86.365,70.222
82.590,67.216,86.365,70.222
80.677,66.120,88.276,71.776
82.879,67.063,88.276,71.776
82.910,69.952,86.393,70.245
83.834,70.260,86.393,70.245
84.142,70.568,86.393,70.245
85.360,72.207,84.551,68.747
86.264,70.097,84.551,68.747
87.456,72.283,82.748,67.281
90.111,70.808,82.748,67.281
88.636,69.333,82.748,67.281
92.077,70.335,80.983,65.846
91.788,70.624,80.983,65.846
92.654,67.449,80.983,65.846
94.097,68.892,80.983,65.846
92.077,65.717,80.983,65.846
94.675,66.583,80.983,65.846
93.809,63.407,80.983,65.846
97.733,66.613,79.256,64.442
96.320,63.506,79.256,64.442
97.733,64.919,79.256,64.442
98.580,63.506,79.256,64.442
100.787,65.010,77.566,63.068
101.347,66.482,75.912,61.723
102.700,64.588,75.912,61.723
102.971,65.400,75.912,61.723
104.324,65.129,75.912,61.723
104.594,64.858,75.912,61.723
105.406,65.670,75.912,61.723
106.759,65.941,75.912,61.723
107.570,66.752,75.912,61.723
106.759,67.023,75.912,61.723
108.112,67.835,75.912,61.723
109.464,68.105,75.912,61.723
110.276,68.917,75.912,61.723
110.006,69.188,75.912,61.723
110.276,69.458,75.912,61.723
111.629,69.188,75.912,61.723
112.699,71.150,74.293,60.406
114.023,71.415,74.293,60.406
114.288,70.620,74.293,60.406
116.142,70.885,74.293,60.406
115.877,71.150,74.293,60.406
115.903,73.580,72.709,59.118
117.428,74.461,71.158,57.858
116.667,74.207,71.158,57.858
116.413,72.939,71.158,57.858
118.696,74.207,71.158,57.858
117.935,73.953,71.158,57.858
119.711,74.714,71.158,57.858
118.950,74.461,71.158,57.858
119.711,73.700,71.158,57.858
118.950,71.924,71.158,57.858
120.725,71.163,71.158,57.858
120.979,69.895,71.158,57.858
122.247,70.149,71.158,57.858
123.008,69.388,71.158,57.858
123.769,68.120,71.158,57.858
124.022,67.359,71.158,57.858
124.551,64.877,72.732,59.138
124.810,64.618,72.732,59.138
126.106,63.321,72.732,59.138
126.884,62.025,72.732,59.138
127.662,61.248,72.732,59.138
127.921,64.099,72.732,59.138
128.699,61.766,72.732,59.138
129.476,61.507,72.732,59.138
129.736,61.248,72.732,59.138
130.513,59.951,72.732,59.138
130.773,61.766,72.732,59.138
131.298,62.147,71.181,57.877
133.074,61.386,71.181,57.877
134.567,63.714,69.663,56.642
134.815,63.466,69.663,56.642
135.064,62.721,69.663,56.642
136.305,62.473,69.663,56.642
137.050,62.225,69.663,56.642
137.553,65.461,68.178,55.434
139.920,65.350,66.724,54.252
140.633,67.014,66.724,54.252
142.491,66.905,65.301,53.095
143.189,68.069,65.301,53.095
144.353,67.371,65.301,53.095
144.586,69.000,65.301,53.095
145.955,67.996,63.908,51.963
146.183,67.768,63.908,51.963
147.962,68.542,62.546,50.855
148.414,70.588,61.212,49.770
150.378,69.933,61.212,49.770
151.905,71.024,61.212,49.770
152.996,70.806,61.212,49.770
154.523,69.279,61.212,49.770
153.869,70.806,61.212,49.770
155.832,70.152,61.212,49.770
156.923,69.061,61.212,49.770
158.014,71.897,61.212,49.770
158.036,70.535,59.906,48.709
159.958,72.030,59.906,48.709
160.171,72.670,59.906,48.709
161.239,72.457,59.906,48.709
162.306,71.816,59.906,48.709
162.093,71.603,59.906,48.709
163.160,71.816,59.906,48.709
163.605,71.056,61.232,49.787
164.260,70.838,61.232,49.787
165.351,70.183,61.232,49.787
165.570,70.838,61.232,49.787
164.915,71.929,61.232,49.787
166.443,73.457,61.232,49.787
166.224,72.365,61.232,49.787
167.132,72.494,62.587,50.888
167.154,73.682,61.252,49.803
169.119,74.336,61.252,49.803
167.762,70.388,62.607,50.905
168.690,70.056,63.992,52.031
166.799,70.191,65.408,53.182
166.801,68.877,66.855,54.359
167.993,68.162,66.855,54.359
169.184,66.970,66.855,54.359
170.375,67.209,66.855,54.359
170.859,68.477,65.430,53.200
171.092,69.177,65.430,53.200
173.813,69.969,64.034,52.065
172.671,69.741,64.034,52.065
174.726,70.882,64.034,52.065
173.584,70.197,64.034,52.065
174.060,66.543,65.451,53.217
174.760,67.243,65.451,53.217
176.393,65.143,65.451,53.217
177.093,65.376,65.451,53.217
177.326,62.810,65.451,53.217
178.959,64.443,65.451,53.217
178.259,64.677,65.451,53.217
179.892,64.910,65.451,53.217
181.265,66.602,64.055,52.082
179.666,65.460,64.055,52.082
182.178,66.145,64.055,52.082
180.580,64.547,64.055,52.082
181.529,63.734,65.473,53.235
183.163,64.901,65.473,53.235
182.929,65.601,65.473,53.235
181.763,64.901,65.473,53.235
184.796,66.067,65.473,53.235
183.163,66.301,65.473,53.235
184.796,67.468,65.473,53.235
185.030,68.634,65.473,53.235
185.730,69.334,65.473,53.235
186.430,70.501,65.473,53.235
186.197,70.735,65.473,53.235
186.430,69.101,65.473,53.235
186.197,67.934,65.473,53.235
189.819,69.177,64.076,52.099
190.504,65.294,64.076,52.099
190.732,65.522,64.076,52.099
192.331,64.837,64.076,52.099
191.646,64.152,64.076,52.099
192.788,65.294,64.076,52.099
190.420,64.007,65.494,53.252
193.455,65.641,65.494,53.252
195.278,68.234,64.097,52.117
192.308,68.919,64.097,52.117
193.733,66.209,65.515,53.270
194.206,68.803,64.118,52.134
193.520,68.117,64.118,52.134
194.663,66.061,64.118,52.134
194.892,66.289,64.118,52.134
196.677,67.065,62.751,51.022
195.111,64.605,62.751,51.022
196.677,64.829,62.751,51.022
196.900,65.947,62.751,51.022
196.677,67.065,62.751,51.022
197.795,67.289,62.751,51.022
197.571,67.960,62.751,51.022
198.690,69.526,62.751,51.022
198.913,69.749,62.751,51.022
198.690,69.078,62.751,51.022
198.913,67.065,62.751,51.022
200.032,65.947,62.751,51.022
202.045,65.276,62.751,51.022
201.821,64.605,62.751,51.022
202.492,65.276,62.751,51.022
202.268,65.947,62.751,51.022
201.150,67.513,62.751,51.022
201.821,67.736,62.751,51.022
202.939,69.749,62.751,51.022
202.716,69.526,62.751,51.022
202.045,70.197,62.751,51.022
202.047,68.472,64.139,52.151
203.647,71.444,64.139,52.151
203.229,73.542,62.772,51.039
204.160,69.496,64.160,52.168
203.016,70.639,64.160,52.168
204.617,69.496,64.160,52.168
205.962,68.950,62.792,51.055
203.948,69.174,62.792,51.055
206.990,69.502,61.453,49.967
205.895,69.722,61.453,49.967
208.451,71.310,60.143,48.901
210.951,73.278,58.860,47.858
212.420,73.907,58.860,47.858
212.210,73.278,58.860,47.858
211.161,74.746,58.860,47.858
213.469,72.438,58.860,47.858
213.679,73.907,58.860,47.858
214.509,75.833,57.605,46.838
215.321,76.530,56.376,45.839
215.120,75.525,56.376,45.839
213.713,76.530,56.376,45.839
215.924,75.124,56.376,45.839
214.115,73.717,56.376,45.839
215.522,75.525,56.376,45.839
216.526,76.128,56.376,45.839
216.727,73.918,56.376,45.839
217.330,75.726,56.376,45.839
218.335,76.731,56.376,45.839
218.134,76.128,56.376,45.839
218.737,73.918,56.376,45.839
220.143,75.324,56.376,45.839
221.326,76.782,55.174,44.861
220.342,73.438,55.174,44.861
220.932,73.635,55.174,44.861
220.736,73.832,55.174,44.861
220.146,74.422,55.174,44.861
219.331,76.170,56.395,45.854
219.934,79.587,56.395,45.854
220.135,81.798,56.395,45.854
220.336,82.401,56.395,45.854
220.939,81.798,56.395,45.854
221.944,79.185,56.395,45.854
221.743,77.376,56.395,45.854
223.552,73.155,56.395,45.854
224.155,67.727,56.395,45.854
224.356,64.310,56.395,45.854
223.351,61.697,56.395,45.854
223.954,63.908,56.395,45.854
224.155,64.913,56.395,45.854
224.356,66.722,56.395,45.854
224.557,68.531,56.395,45.854
225.160,70.743,56.395,45.854
224.959,72.954,56.395,45.854
224.544,73.906,57.643,46.868
226.393,75.344,57.643,46.868
227.010,74.317,57.643,46.868
227.215,74.934,57.643,46.868
227.420,75.550,57.643,46.868
227.215,73.701,57.643,46.868
227.831,73.906,57.643,46.868
226.804,72.879,57.643,46.868
226.806,70.442,58.918,47.905
226.176,71.912,58.918,47.905
226.806,70.022,58.918,47.905
226.176,71.492,58.918,47.905
226.386,71.702,58.918,47.905
226.596,70.652,58.918,47.905
227.226,71.702,58.918,47.905
226.437,73.225,57.661,46.884
228.439,74.715,56.432,45.884
229.042,75.721,56.432,45.884
227.232,76.324,56.432,45.884
228.238,77.330,56.432,45.884
228.841,79.140,56.432,45.884
227.835,76.928,56.432,45.884
228.841,79.140,56.432,45.884
229.444,80.951,56.432,45.884
229.243,82.761,56.432,45.884
227.433,80.951,56.432,45.884
229.646,82.359,56.432,45.884
228.640,78.939,56.432,45.884
229.646,75.520,56.432,45.884
228.640,76.928,56.432,45.884
230.211,75.284,55.228,44.905
228.046,77.450,55.228,44.905
228.242,80.403,55.228,44.905
227.258,81.387,55.228,44.905
228.242,82.765,55.228,44.905
228.833,80.206,55.228,44.905
227.061,81.190,55.228,44.905
228.046,78.237,55.228,44.905
228.636,77.253,55.228,44.905
227.258,77.450,55.228,44.905
228.636,74.891,55.228,44.905
227.258,72.332,55.228,44.905
229.175,74.139,54.051,43.948
228.212,72.790,54.051,43.948
229.175,74.139,54.051,43.948
228.777,73.852,55.247,44.920
227.793,75.231,55.247,44.920
227.794,72.487,56.469,45.914
226.788,74.701,56.469,45.914
229.136,76.936,55.265,44.935
228.151,77.921,55.265,44.935
226.518,73.950,56.487,45.929
227.122,75.762,56.487,45.929
225.713,73.950,56.487,45.929
227.122,72.138,56.487,45.929
224.907,73.144,56.487,45.929
225.914,71.735,56.487,45.929
225.713,72.742,56.487,45.929
225.511,74.151,56.487,45.929
224.907,75.158,56.487,45.929
223.095,75.359,56.487,45.929
223.297,74.352,56.487,45.929
222.290,73.748,56.487,45.929
223.127,70.525,57.737,46.945
224.410,67.230,59.015,47.984
223.539,65.608,60.320,49.045
222.034,68.833,60.320,49.045
222.679,70.338,60.320,49.045
221.174,70.983,60.320,49.045
221.622,67.094,61.655,50.131
220.523,69.512,61.655,50.131
218.545,70.610,61.655,50.131
217.296,70.933,60.340,49.062
217.745,69.721,61.675,50.147
214.887,70.380,61.675,50.147
215.546,71.040,61.675,50.147
214.447,71.260,61.675,50.147
215.740,72.430,60.360,49.078
215.525,72.645,60.360,49.078
214.450,72.430,60.360,49.078
212.513,73.936,60.360,49.078
211.438,72.000,60.360,49.078
212.083,73.506,60.360,49.078
212.519,75.895,59.073,48.031
211.045,74.421,59.073,48.031
211.677,74.211,59.073,48.031
212.309,75.264,59.073,48.031
212.519,72.526,59.073,48.031
211.888,74.000,59.073,48.031
210.414,73.369,59.073,48.031
211.045,74.421,59.073,48.031
209.993,74.632,59.073,48.031
208.098,75.264,59.073,48.031
208.729,72.948,59.073,48.031
207.676,74.421,59.073,48.031
208.915,75.948,57.813,47.007
208.297,74.506,57.813,47.007
209.739,75.124,57.813,47.007
208.709,72.857,57.813,47.007
210.564,74.712,57.813,47.007
210.358,73.270,57.813,47.007
208.222,73.391,59.092,48.047
206.747,72.338,59.092,48.047
206.749,72.025,60.399,49.110
206.103,73.101,60.399,49.110
205.888,73.316,60.399,49.110
206.103,73.962,60.399,49.110
205.027,72.886,60.399,49.110
206.708,75.277,59.111,48.063
205.655,75.909,59.111,48.063
207.130,77.384,59.111,48.063
206.076,74.224,59.111,48.063
206.708,75.698,59.111,48.063
204.812,76.752,59.111,48.063
205.866,74.856,59.111,48.063
204.812,75.909,59.111,48.063
205.444,76.120,59.111,48.063
205.233,72.959,59.111,48.063
205.866,74.434,59.111,48.063
204.391,75.066,59.111,48.063
205.267,71.693,60.419,49.126
205.482,73.631,60.419,49.126
203.250,71.971,61.756,50.213
204.791,73.071,61.756,50.213
202.966,70.004,63.122,51.324
201.841,72.028,63.122,51.324
202.516,71.353,63.122,51.324
201.391,72.028,63.122,51.324
200.716,73.153,63.122,51.324
200.041,72.478,63.122,51.324
201.364,74.110,61.776,50.229
200.263,74.771,61.776,50.229
201.364,74.991,61.776,50.229
200.704,72.569,61.776,50.229
202.686,74.110,61.776,50.229
201.585,73.009,61.776,50.229
200.924,73.670,61.776,50.229
200.704,73.890,61.776,50.229
200.924,74.550,61.776,50.229
200.264,73.449,61.776,50.229
199.603,74.110,61.776,50.229
202.172,76.131,60.459,49.158
199.370,72.037,60.459,49.158
200.017,72.683,60.459,49.158
198.677,69.233,61.796,50.246
198.897,70.775,61.796,50.246
198.237,70.995,61.796,50.246
198.457,69.453,61.796,50.246
199.118,70.554,61.796,50.246
198.897,71.656,61.796,50.246
199.558,71.876,61.796,50.246
200.219,72.537,61.796,50.246
199.118,70.554,61.796,50.246
201.100,71.656,61.796,50.246
203.082,70.554,61.796,50.246
203.743,72.096,61.796,50.246
200.546,68.570,63.164,51.357
200.771,71.046,63.164,51.357
200.996,71.722,63.164,51.357
199.420,71.046,63.164,51.357
199.889,68.843,64.561,52.494
200.119,69.533,64.561,52.494
198.509,71.604,64.561,52.494
197.078,68.397,65.990,53.655
196.373,70.985,65.990,53.655
196.608,70.750,65.990,53.655
196.843,70.985,65.990,53.655
197.549,71.690,65.990,53.655
199.386,73.396,64.582,52.511
198.695,72.245,64.582,52.511
200.307,72.936,64.582,52.511
199.616,70.864,64.582,52.511
200.767,72.015,64.582,52.511
200.997,73.626,64.582,52.511
199.846,73.856,64.582,52.511
202.088,75.969,63.205,51.391
201.622,72.362,64.604,52.528
202.102,72.976,66.033,53.690
200.455,73.211,66.033,53.690
202.102,73.917,66.033,53.690
201.867,72.740,66.033,53.690
201.631,71.564,66.033,53.690
202.338,73.211,66.033,53.690
200.386,69.443,67.494,54.878
203.656,72.579,66.055,53.708
203.892,73.756,66.055,53.708
203.405,69.498,67.516,54.896
203.165,70.701,67.516,54.896
203.887,70.460,67.516,54.896
203.646,71.182,67.516,54.896
203.887,70.941,67.516,54.896
205.090,69.738,67.516,54.896
206.774,70.460,67.516,54.896
206.053,71.182,67.516,54.896
207.256,70.941,67.516,54.896
205.090,71.182,67.516,54.896
207.089,67.329,69.010,56.111
207.335,69.543,69.010,56.111
206.106,68.805,69.010,56.111
207.335,69.543,69.010,56.111
206.827,65.605,70.537,57.352
208.791,67.912,69.032,56.129
208.545,68.651,69.032,56.129
211.415,69.960,67.560,54.932
211.656,71.165,67.560,54.932
214.466,72.447,66.120,53.761
214.701,72.682,66.120,53.761
213.725,71.354,67.582,54.950
215.727,71.496,69.078,56.166
212.153,69.086,70.606,57.409
215.288,69.235,72.168,58.679
217.297,70.604,70.629,57.428
214.025,71.359,70.629,57.428
215.787,68.590,70.629,57.428
216.039,69.849,70.629,57.428
218.490,72.645,69.123,56.203
217.470,68.189,70.652,57.446
220.240,69.952,70.652,57.446
220.492,71.715,70.652,57.446
221.247,71.966,70.652,57.446
220.492,73.226,70.652,57.446
221.751,74.485,70.652,57.446
223.514,71.715,70.652,57.446
224.269,73.477,70.652,57.446
224.521,74.737,70.652,57.446
225.277,74.988,70.652,57.446
226.536,72.218,70.652,57.446
226.284,73.981,70.652,57.446
229.054,73.729,70.652,57.446
227.795,71.463,70.652,57.446
230.061,73.226,70.652,57.446
229.809,74.485,70.652,57.446
232.076,72.722,70.652,57.446
232.078,73.915,72.216,58.717
233.365,72.628,72.216,58.717
234.137,74.430,72.216,58.717
234.909,73.143,72.216,58.717
235.682,73.915,72.216,58.717
235.684,70.862,73.813,60.016
236.999,71.652,73.813,60.016
235.910,67.985,75.446,61.344
237.792,69.330,75.446,61.344
236.986,69.061,75.446,61.344
238.662,66.429,77.116,62.702
239.805,66.021,78.822,64.089
240.086,65.740,78.822,64.089
242.053,64.897,78.822,64.089
244.581,64.054,78.822,64.089
245.986,63.211,78.822,64.089
247.391,62.930,78.822,64.089
247.110,65.459,78.822,64.089
250.200,64.054,78.822,64.089
244.956,64.802,80.566,65.507
248.860,66.885,78.848,64.110
250.827,66.604,78.848,64.110
252.794,66.885,78.848,64.110
254.761,67.728,78.848,64.110
255.930,66.144,80.592,65.528
251.164,66.313,82.375,66.978
255.568,66.607,82.375,66.978
258.211,65.139,82.375,66.978
254.558,66.530,84.198,68.460
257.259,66.830,84.198,68.460
255.759,67.731,84.198,68.460
256.384,66.662,86.061,69.975
260.372,63.901,86.061,69.975
260.065,66.048,86.061,69.975
257.918,65.742,86.061,69.975
261.292,66.662,86.061,69.975
258.112,67.479,87.965,71.523
260.934,67.166,87.965,71.523
261.247,66.225,87.965,71.523
261.561,65.911,87.965,71.523
262.502,64.971,87.965,71.523
263.442,64.657,87.965,71.523
264.383,64.971,87.965,71.523
264.069,65.911,87.965,71.523
265.637,64.344,87.965,71.523
263.442,65.284,87.965,71.523
267.704,67.558,86.089,69.998
266.170,66.637,86.089,69.998
269.158,67.680,84.253,68.505
267.292,67.233,86.117,70.021
266.985,66.312,86.117,70.021
267.906,66.619,86.117,70.021
268.212,66.926,86.117,70.021
268.519,66.619,86.117,70.021
267.885,66.800,88.023,71.570
266.316,66.486,88.023,71.570
267.885,67.428,88.023,71.570
268.199,68.996,88.023,71.570
267.885,68.055,88.023,71.570
268.826,69.624,88.023,71.570
269.140,68.055,88.023,71.570
