6.000,166.000,42.000,26.000
8.260,166.665,42.000,26.000
10.520,166.266,42.000,26.000
11.450,166.930,42.000,26.000
13.976,166.798,42.000,26.000
15.172,166.930,42.000,26.000
16.900,167.329,42.000,26.000
18.362,167.994,42.000,26.000
20.356,167.861,42.000,26.000
21.819,167.994,42.000,26.000
22.483,168.393,42.000,26.000
24.211,169.057,42.000,26.000
25.142,168.659,42.000,26.000
26.604,168.792,42.000,26.000
27.269,168.924,42.000,26.000
29.263,169.323,42.000,26.000
30.991,169.722,42.000,26.000
32.187,169.057,42.000,26.000
33.915,169.456,42.000,26.000
34.846,170.121,42.000,26.000
36.308,169.988,42.000,26.000
38.302,170.387,42.000,26.000
39.354,169.685,42.929,26.575
41.392,170.908,42.929,26.575
43.158,170.229,42.929,26.575
44.110,170.908,42.929,26.575
45.332,170.501,42.929,26.575
45.844,170.347,43.879,27.163
47.094,171.042,43.879,27.163
48.344,170.347,43.879,27.163
49.594,171.042,43.879,27.163
49.733,170.625,43.879,27.163
50.983,171.597,43.879,27.163
51.955,171.181,43.879,27.163
52.649,171.042,43.879,27.163
53.344,171.181,43.879,27.163
55.149,171.597,43.879,27.163
56.121,172.014,43.879,27.163
56.815,171.042,43.879,27.163
57.788,171.458,43.879,27.163
58.760,171.875,43.879,27.163
59.732,172.014,43.879,27.163
60.704,170.486,43.879,27.163
61.954,171.458,43.879,27.163
63.759,171.042,43.879,27.163
64.731,170.625,43.879,27.163
65.426,171.320,43.879,27.163
67.787,170.625,43.879,27.163
69.314,171.597,43.879,27.163
71.120,171.736,43.879,27.163
72.370,171.597,43.879,27.163
73.342,171.458,43.879,27.163
74.314,171.042,43.879,27.163
75.286,170.625,43.879,27.163
76.814,171.597,43.879,27.163
77.337,170.576,44.850,27.764
78.614,171.286,44.850,27.764
79.324,170.860,44.850,27.764
81.169,171.570,44.850,27.764
82.163,171.428,44.850,27.764
82.873,171.002,44.850,27.764
83.582,171.996,44.850,27.764
83.234,170.069,45.842,28.378
84.539,171.084,45.842,28.378
83.581,170.018,46.856,29.006
83.136,169.870,46.856,29.006
84.767,171.204,46.856,29.006
84.026,170.463,46.856,29.006
82.738,169.680,47.893,29.648
83.496,171.045,47.893,29.648
83.951,171.499,47.893,29.648
82.320,171.329,48.953,30.304
83.095,171.793,48.953,30.304
82.940,170.709,48.953,30.304
83.714,170.554,48.953,30.304
84.489,171.638,48.953,30.304
83.465,170.178,50.036,30.975
84.890,171.286,50.036,30.975
83.148,170.178,50.036,30.975
82.990,170.653,50.036,30.975
84.732,171.762,50.036,30.975
84.890,172.870,50.036,30.975
83.465,171.762,50.036,30.975
83.624,171.286,50.036,30.975
82.906,170.122,51.143,31.660
84.686,172.227,51.143,31.660
83.877,170.770,51.143,31.660
84.686,172.227,51.143,31.660
85.496,172.388,51.143,31.660
84.039,172.550,51.143,31.660
84.848,173.360,51.143,31.660
82.771,171.834,52.274,32.360
83.929,172.992,52.274,32.360
81.806,171.432,53.431,33.076
82.092,172.996,54.613,33.808
81.574,171.095,54.613,33.808
82.092,172.305,54.613,33.808
80.591,171.034,55.821,34.556
80.890,170.102,57.057,35.321
80.446,171.398,58.319,36.102
80.262,170.475,58.319,36.102
80.816,169.183,58.319,36.102
80.262,171.213,58.319,36.102
81.923,169.921,58.319,36.102
80.631,171.213,58.319,36.102
80.446,171.029,58.319,36.102
81.738,172.321,58.319,36.102
81.668,170.198,59.609,36.901
82.611,170.764,59.609,36.901
81.364,169.377,60.928,37.717
83.486,169.955,60.928,37.717
84.835,171.691,60.928,37.717
83.100,169.955,60.928,37.717
81.826,167.737,62.276,38.552
84.388,165.964,62.276,38.552
82.677,167.378,63.654,39.405
84.490,169.191,63.654,39.405
81.486,166.456,65.062,40.277
83.340,165.838,65.062,40.277
84.781,167.279,65.062,40.277
86.223,168.721,65.062,40.277
85.605,166.044,65.062,40.277
85.953,167.521,66.502,41.168
85.873,165.537,67.973,42.079
87.379,167.043,67.973,42.079
87.594,165.967,67.973,42.079
89.530,167.043,67.973,42.079
90.606,166.397,67.973,42.079
92.542,167.903,67.973,42.079
90.228,165.876,69.477,43.010
93.086,167.855,69.477,43.010
93.002,164.869,71.014,43.961
95.474,167.342,71.014,43.961
96.598,165.768,71.014,43.961
96.823,167.342,71.014,43.961
97.203,165.689,72.585,44.934
98.069,164.477,74.191,45.928
99.243,165.651,74.191,45.928
100.417,164.477,74.191,45.928
99.712,165.182,74.191,45.928
100.110,163.943,75.833,46.944
101.014,164.170,77.511,47.983
100.920,162.367,79.226,49.044
102.675,163.119,79.226,49.044
105.935,162.868,79.226,49.044
106.880,162.586,80.978,50.130
105.718,160.702,82.770,51.239
105.074,158.233,84.601,52.372
108.019,160.107,84.601,52.372
110.429,159.304,84.601,52.372
113.375,160.642,84.601,52.372
113.107,158.768,84.601,52.372
114.671,159.022,86.473,53.531
113.998,155.307,88.386,54.715
110.409,153.250,90.342,55.926
113.554,154.680,90.342,55.926
112.124,153.250,90.342,55.926
111.838,156.395,90.342,55.926
96.684,149.247,90.342,55.926
94.682,150.677,90.342,55.926
96.472,148.242,88.415,54.733
99.849,152.572,90.372,55.944
117.869,154.574,90.372,55.944
148.473,151.427,90.372,55.944
141.323,156.862,90.372,55.944
139.893,158.292,90.372,55.944
137.318,154.574,90.372,55.944
149.034,158.203,88.444,54.751
145.395,154.004,88.444,54.751
140.636,153.164,88.444,54.751
157.498,157.795,86.558,53.584
158.319,161.904,86.558,53.584
159.689,159.987,86.558,53.584
160.511,161.356,86.558,53.584
156.995,158.206,88.473,54.769
156.888,155.566,90.431,55.981
160.037,155.852,90.431,55.981
161.468,159.001,90.431,55.981
162.326,159.287,90.431,55.981
162.040,159.001,90.431,55.981
162.899,158.142,90.431,55.981
164.902,159.573,90.431,55.981
165.761,159.287,90.431,55.981
168.337,161.290,90.431,55.981
165.852,160.968,92.432,57.220
168.168,158.210,94.477,58.486
172.653,160.304,94.477,58.486
175.020,158.105,96.567,59.780
180.216,160.245,96.567,59.780
183.904,156.730,98.704,61.102
189.215,155.792,98.704,61.102
192.985,156.089,100.887,62.454
198.163,153.742,103.120,63.836
201.753,152.110,103.120,63.836
204.038,153.742,103.120,63.836
207.628,154.721,103.120,63.836
210.565,153.742,103.120,63.836
210.239,152.110,103.120,63.836
208.607,149.825,103.120,63.836
209.586,151.457,103.120,63.836
211.870,148.520,103.120,63.836
210.239,148.846,103.120,63.836
207.954,145.909,103.120,63.836
204.364,142.971,103.120,63.836
200.121,140.034,103.120,63.836
193.224,138.989,105.401,65.248
190.222,140.657,105.401,65.248
185.249,135.436,107.733,66.692
181.498,131.003,107.733,66.692
185.249,132.708,107.733,66.692
192.409,131.003,107.733,66.692
190.022,134.072,107.733,66.692
185.590,129.640,107.733,66.692
191.386,124.525,107.733,66.692
163.767,117.365,107.733,66.692
220.028,132.708,107.733,66.692
226.972,128.079,110.117,68.167
232.624,132.749,112.553,69.676
234.705,135.304,115.043,71.217
236.077,136.405,117.589,72.793
239.024,133.669,120.190,74.403
244.403,134.820,122.849,76.050
248.288,131.961,125.567,77.732
259.813,133.154,125.567,77.732
265.775,131.167,125.567,77.732
270.941,129.974,125.567,77.732
274.088,127.877,128.346,79.452
281.806,125.034,128.346,79.452
288.711,122.190,128.346,79.452
295.617,120.159,128.346,79.452
298.460,120.566,128.346,79.452
303.741,119.347,128.346,79.452
308.209,118.128,128.346,79.452
315.115,121.784,128.346,79.452
319.583,118.941,128.346,79.452
324.051,117.722,128.346,79.452
329.332,120.566,128.346,79.452
336.574,119.455,125.609,77.758
340.947,119.058,125.609,77.758
342.934,116.275,125.609,77.758
350.021,113.655,122.930,76.099
348.854,114.822,122.930,76.099
354.690,118.324,122.930,76.099
361.304,114.822,122.930,76.099
366.362,115.212,122.930,76.099
372.198,114.044,122.930,76.099
387.372,114.433,122.930,76.099
400.989,113.266,122.930,76.099
417.719,112.877,122.930,76.099
433.671,113.266,122.930,76.099
451.179,108.986,122.930,76.099
478.803,112.488,122.930,76.099
