139.000,112.000,51.000,36.000
139.853,114.559,51.000,36.000
140.024,116.095,51.000,36.000
139.512,117.972,51.000,36.000
139.682,119.166,51.000,36.000
139.853,120.019,51.000,36.000
139.682,120.190,51.000,36.000
139.171,121.043,51.000,36.000
138.659,120.531,51.000,36.000
139.171,120.019,51.000,36.000
138.659,120.872,51.000,36.000
139.171,120.361,51.000,36.000
136.953,120.872,51.000,36.000
137.464,120.019,51.000,36.000
136.611,119.849,51.000,36.000
136.782,119.337,51.000,36.000
136.953,119.507,51.000,36.000
137.464,118.313,51.000,36.000
136.611,118.142,51.000,36.000
136.441,117.289,51.000,36.000
136.270,116.777,51.000,36.000
136.099,115.924,51.000,36.000
136.270,115.412,51.000,36.000
136.441,115.242,51.000,36.000
136.953,114.389,51.000,36.000
137.806,114.218,51.000,36.000
137.635,113.365,51.000,36.000
137.806,112.853,51.000,36.000
138.659,112.341,51.000,36.000
139.171,111.829,51.000,36.000
139.341,110.635,51.000,36.000
139.853,110.123,51.000,36.000
141.047,110.294,51.000,36.000
140.877,110.464,51.000,36.000
142.071,110.635,51.000,36.000
141.901,109.782,51.000,36.000
143.436,109.611,51.000,36.000
145.313,108.758,51.000,36.000
147.531,107.905,51.000,36.000
149.749,108.076,51.000,36.000
152.991,108.588,51.000,36.000
156.574,107.734,51.000,36.000
158.792,108.588,51.000,36.000
162.034,109.441,51.000,36.000
163.911,111.317,51.000,36.000
166.811,112.512,51.000,36.000
168.688,112.682,51.000,36.000
169.883,113.536,51.000,36.000
171.759,112.341,51.000,36.000
173.636,112.171,51.000,36.000
175.513,110.294,51.000,36.000
177.731,108.758,51.000,36.000
180.291,106.540,51.000,36.000
182.167,105.004,51.000,36.000
183.703,104.493,51.000,36.000
184.556,104.322,51.000,36.000
185.409,102.786,51.000,36.000
186.262,100.910,51.000,36.000
186.774,100.739,51.000,36.000
188.310,100.910,51.000,36.000
188.822,101.763,51.000,36.000
190.016,102.616,51.000,36.000
189.845,102.786,51.000,36.000
191.040,103.639,51.000,36.000
190.528,104.151,51.000,36.000
190.699,105.004,51.000,36.000
190.187,104.834,51.000,36.000
189.675,105.346,51.000,36.000
190.528,106.199,51.000,36.000
190.357,105.687,51.000,36.000
190.187,105.175,51.000,36.000
189.675,106.028,51.000,36.000
189.845,105.516,51.000,36.000
189.334,104.663,51.000,36.000
188.139,104.834,51.000,36.000
186.945,104.663,51.000,36.000
186.774,105.175,51.000,36.000
185.921,105.687,51.000,36.000
185.068,104.834,51.000,36.000
183.191,104.663,51.000,36.000
182.338,103.810,51.000,36.000
181.485,103.981,51.000,36.000
180.632,103.469,51.000,36.000
179.437,103.981,51.000,36.000
178.243,103.128,51.000,36.000
177.049,103.298,51.000,36.000
175.854,103.469,51.000,36.000
175.684,102.957,51.000,36.000
174.489,101.763,51.000,36.000
172.954,101.251,51.000,36.000
172.442,102.786,51.000,36.000
171.589,102.957,51.000,36.000
171.418,103.810,51.000,36.000
170.906,103.639,51.000,36.000
171.077,104.151,51.000,36.000
169.541,105.004,51.000,36.000
170.395,105.858,51.000,36.000
170.224,106.369,51.000,36.000
170.395,107.564,51.000,36.000
170.906,106.711,51.000,36.000
170.165,107.198,52.128,36.797
169.642,105.279,52.128,36.797
168.770,105.105,52.128,36.797
167.898,104.233,52.128,36.797
167.026,103.710,52.128,36.797
166.503,104.930,52.128,36.797
165.282,105.454,52.128,36.797
165.456,105.279,52.128,36.797
164.236,104.756,52.128,36.797
165.108,105.977,52.128,36.797
164.933,106.151,52.128,36.797
164.759,105.279,52.128,36.797
164.584,106.500,52.128,36.797
164.061,106.674,52.128,36.797
164.236,106.500,52.128,36.797
164.061,105.279,52.128,36.797
163.538,104.407,52.128,36.797
163.015,103.884,52.128,36.797
163.538,104.407,52.128,36.797
163.015,102.838,52.128,36.797
163.887,103.012,52.128,36.797
163.712,101.791,52.128,36.797
163.538,100.570,52.128,36.797
163.364,99.001,52.128,36.797
163.887,97.780,52.128,36.797
163.364,96.211,52.128,36.797
163.538,94.641,52.128,36.797
162.666,93.769,52.128,36.797
162.143,92.548,52.128,36.797
163.364,91.327,52.128,36.797
163.538,90.455,52.128,36.797
163.015,89.235,52.128,36.797
164.236,88.363,52.128,36.797
164.759,87.491,52.128,36.797
164.236,86.967,52.128,36.797
165.456,86.793,52.128,36.797
164.236,85.921,52.128,36.797
165.805,85.049,52.128,36.797
165.282,84.875,52.128,36.797
166.503,83.654,52.128,36.797
165.631,82.782,52.128,36.797
166.503,82.608,52.128,36.797
166.328,81.387,52.128,36.797
167.549,80.515,52.128,36.797
166.328,81.387,52.128,36.797
167.549,79.817,52.128,36.797
166.328,80.689,52.128,36.797
167.549,79.468,52.128,36.797
166.328,80.340,52.128,36.797
167.200,78.771,52.128,36.797
166.328,80.340,52.128,36.797
166.852,78.771,52.128,36.797
165.631,79.643,52.128,36.797
166.154,77.724,52.128,36.797
166.677,76.852,52.128,36.797
165.805,77.376,52.128,36.797
167.026,75.806,52.128,36.797
167.549,77.027,52.128,36.797
166.677,76.504,52.128,36.797
168.247,75.632,52.128,36.797
168.770,76.852,52.128,36.797
167.549,76.329,52.128,36.797
168.072,75.806,52.128,36.797
168.596,77.027,52.128,36.797
167.724,75.806,52.128,36.797
168.596,75.283,52.128,36.797
167.724,75.108,52.128,36.797
168.596,74.585,52.128,36.797
167.724,75.806,52.128,36.797
168.596,75.283,52.128,36.797
167.724,75.108,52.128,36.797
168.596,77.376,52.128,36.797
168.421,79.294,52.128,36.797
169.642,78.771,52.128,36.797
168.072,79.992,52.128,36.797
169.293,79.468,52.128,36.797
168.421,82.084,52.128,36.797
168.596,83.654,52.128,36.797
167.375,83.479,52.128,36.797
168.596,84.351,52.128,36.797
167.375,83.828,52.128,36.797
168.596,86.095,52.128,36.797
167.724,87.665,52.128,36.797
168.247,87.839,52.128,36.797
168.770,89.758,52.128,36.797
168.596,90.630,52.128,36.797
168.421,91.851,52.128,36.797
169.642,93.420,52.128,36.797
169.119,93.943,52.128,36.797
169.991,95.862,52.128,36.797
169.816,97.082,52.128,36.797
169.991,98.652,52.128,36.797
170.514,99.524,52.128,36.797
169.991,100.745,52.128,36.797
170.863,101.966,52.128,36.797
171.037,102.838,52.128,36.797
171.212,103.361,52.128,36.797
171.386,103.535,52.128,36.797
171.560,104.407,52.128,36.797
170.688,104.930,52.128,36.797
171.212,106.500,52.128,36.797
171.735,106.674,52.128,36.797
171.212,107.895,52.128,36.797
172.084,109.465,52.128,36.797
171.909,109.988,52.128,36.797
171.513,110.847,53.282,37.611
171.335,111.382,53.282,37.611
170.931,111.891,54.461,38.443
171.113,113.166,54.461,38.443
171.295,114.077,54.461,38.443
170.384,114.988,54.461,38.443
169.971,114.374,55.666,39.293
169.784,116.422,55.666,39.293
169.598,117.726,55.666,39.293
170.529,119.402,55.666,39.293
168.947,118.388,56.897,40.163
169.138,121.624,56.897,40.163
168.567,121.814,56.897,40.163
168.757,124.289,56.897,40.163
169.328,126.383,56.897,40.163
168.757,127.715,56.897,40.163
169.328,127.905,56.897,40.163
169.138,129.619,56.897,40.163
168.947,129.428,56.897,40.163
169.899,129.999,56.897,40.163
169.709,131.712,56.897,40.163
169.518,131.522,56.897,40.163
168.947,131.332,56.897,40.163
169.138,133.806,56.897,40.163
168.567,132.854,56.897,40.163
169.138,134.187,56.897,40.163
168.567,133.997,56.897,40.163
168.757,134.187,56.897,40.163
168.947,134.758,56.897,40.163
169.138,134.187,56.897,40.163
168.567,135.519,56.897,40.163
168.757,134.187,56.897,40.163
168.947,133.997,56.897,40.163
169.138,133.426,56.897,40.163
168.567,132.093,56.897,40.163
168.376,131.522,56.897,40.163
167.805,129.809,56.897,40.163
167.996,128.096,56.897,40.163
168.186,126.383,56.897,40.163
166.854,124.669,56.897,40.163
167.805,122.195,56.897,40.163
167.234,120.101,56.897,40.163
166.282,118.007,56.897,40.163
166.473,116.294,56.897,40.163
167.044,115.342,56.897,40.163
167.615,114.390,56.897,40.163
167.044,113.058,56.897,40.163
167.996,112.487,56.897,40.163
168.186,111.535,56.897,40.163
166.854,110.964,56.897,40.163
167.805,111.535,56.897,40.163
166.854,109.822,56.897,40.163
166.282,109.251,56.897,40.163
164.950,109.441,56.897,40.163
164.760,108.109,56.897,40.163
163.427,108.680,56.897,40.163
162.856,106.967,56.897,40.163
162.666,105.634,56.897,40.163
162.475,104.302,56.897,40.163
162.666,103.731,56.897,40.163
163.237,102.018,56.897,40.163
163.808,101.066,56.897,40.163
164.379,99.733,56.897,40.163
164.189,98.020,56.897,40.163
163.618,97.068,56.897,40.163
164.569,96.117,56.897,40.163
164.760,95.165,56.897,40.163
165.331,94.594,56.897,40.163
165.521,94.023,56.897,40.163
166.092,94.213,56.897,40.163
166.663,94.403,56.897,40.163
167.234,94.213,56.897,40.163
166.663,94.023,56.897,40.163
167.615,93.071,56.897,40.163
168.567,92.881,56.897,40.163
169.138,92.690,56.897,40.163
169.328,92.500,56.897,40.163
169.518,92.310,56.897,40.163
169.709,93.642,56.897,40.163
169.899,92.690,56.897,40.163
170.090,92.119,56.897,40.163
168.757,93.071,56.897,40.163
169.709,93.261,56.897,40.163
169.899,92.690,56.897,40.163
170.470,92.119,56.897,40.163
169.138,93.071,56.897,40.163
169.709,92.500,56.897,40.163
170.280,92.310,56.897,40.163
168.567,93.642,56.897,40.163
169.518,93.452,56.897,40.163
169.709,93.261,56.897,40.163
168.757,94.594,56.897,40.163
168.947,94.403,56.897,40.163
169.138,95.736,56.897,40.163
167.044,95.165,56.897,40.163
168.376,96.117,56.897,40.163
168.567,95.926,56.897,40.163
168.757,95.736,56.897,40.163
168.947,95.546,56.897,40.163
169.138,95.355,56.897,40.163
168.567,96.307,56.897,40.163
169.138,95.355,56.897,40.163
168.947,95.546,56.897,40.163
169.519,94.213,56.897,40.163
169.709,94.784,56.897,40.163
169.899,93.832,56.897,40.163
170.470,94.023,56.897,40.163
170.280,93.832,56.897,40.163
170.470,93.642,56.897,40.163
170.661,93.452,56.897,40.163
170.851,93.261,56.897,40.163
170.280,94.975,56.897,40.163
169.709,94.023,56.897,40.163
170.280,94.213,56.897,40.163
170.470,94.023,56.897,40.163
171.041,93.832,56.897,40.163
171.612,93.261,56.897,40.163
172.183,94.213,56.897,40.163
172.374,93.642,56.897,40.163
172.945,92.310,56.897,40.163
173.897,93.261,56.897,40.163
173.860,90.645,58.156,41.051
174.443,92.007,58.156,41.051
173.860,90.645,58.156,41.051
174.832,91.618,58.156,41.051
175.027,91.034,58.156,41.051
175.222,90.450,58.156,41.051
175.805,91.812,58.156,41.051
176.000,91.228,58.156,41.051
176.194,91.034,58.156,41.051
177.167,91.228,58.156,41.051
177.751,92.201,58.156,41.051
177.167,92.007,58.156,41.051
178.140,91.423,58.156,41.051
178.724,92.785,58.156,41.051
178.140,92.590,58.156,41.051
178.724,92.396,58.156,41.051
178.140,92.201,58.156,41.051
178.724,92.007,58.156,41.051
177.751,92.201,58.156,41.051
177.946,92.785,58.156,41.051
177.751,93.758,58.156,41.051
176.778,93.563,58.156,41.051
176.973,94.147,58.156,41.051
177.167,93.952,58.156,41.051
177.362,95.314,58.156,41.051
177.946,95.120,58.156,41.051
177.362,94.925,58.156,41.051
177.946,96.287,58.156,41.051
177.362,95.314,58.156,41.051
178.335,95.898,58.156,41.051
178.140,96.482,58.156,41.051
178.335,95.898,58.156,41.051
178.918,96.482,58.156,41.051
179.502,95.898,58.156,41.051
179.697,96.092,58.156,41.051
180.280,94.730,58.156,41.051
180.864,95.314,58.156,41.051
180.669,94.730,58.156,41.051
181.253,94.925,58.156,41.051
182.226,95.120,58.156,41.051
182.420,94.536,58.156,41.051
183.004,94.730,58.156,41.051
183.199,94.925,58.156,41.051
183.782,95.120,58.156,41.051
183.588,94.147,58.156,41.051
183.782,93.952,58.156,41.051
184.366,94.536,58.156,41.051
185.339,93.952,58.156,41.051
185.534,94.536,58.156,41.051
185.339,93.952,58.156,41.051
186.312,94.925,58.156,41.051
186.895,95.120,58.156,41.051
186.701,94.536,58.156,41.051
186.895,95.120,58.156,41.051
187.479,94.536,58.156,41.051
187.285,95.509,58.156,41.051
188.257,95.314,58.156,41.051
188.452,95.509,58.156,41.051
187.868,96.092,58.156,41.051
188.452,95.509,58.156,41.051
188.647,96.482,58.156,41.051
188.841,96.676,58.156,41.051
189.425,97.260,58.156,41.051
188.841,96.676,58.156,41.051
189.425,97.260,58.156,41.051
189.230,97.065,58.156,41.051
190.203,96.871,58.156,41.051
190.398,97.844,58.156,41.051
190.981,97.649,58.156,41.051
190.787,97.844,58.156,41.051
190.981,98.427,58.156,41.051
191.176,97.454,58.156,41.051
191.370,98.038,58.156,41.051
191.565,97.065,58.156,41.051
190.981,97.649,58.156,41.051
191.565,98.233,58.156,41.051
191.370,97.649,58.156,41.051
191.954,98.622,58.156,41.051
191.760,98.427,58.156,41.051
191.954,98.233,58.156,41.051
192.149,98.038,58.156,41.051
192.343,97.843,58.156,41.051
192.149,98.816,58.156,41.051
191.954,98.622,58.156,41.051
191.760,98.427,58.156,41.051
191.565,98.233,58.156,41.051
191.760,97.649,58.156,41.051
191.954,98.622,58.156,41.051
192.149,98.038,58.156,41.051
192.343,97.843,58.156,41.051
192.538,98.816,58.156,41.051
191.565,98.622,58.156,41.051
191.760,98.427,58.156,41.051
191.954,97.843,58.156,41.051
192.538,98.427,58.156,41.051
191.954,97.843,58.156,41.051
192.538,98.427,58.156,41.051
192.343,97.454,58.156,41.051
193.316,97.649,58.156,41.051
193.121,97.843,58.156,41.051
193.316,98.038,58.156,41.051
193.511,96.676,58.156,41.051
192.538,98.038,58.156,41.051
192.732,97.065,58.156,41.051
193.316,97.649,58.156,41.051
193.900,98.233,58.156,41.051
194.094,97.649,58.156,41.051
194.678,98.622,58.156,41.051
194.873,98.816,58.156,41.051
195.067,99.011,58.156,41.051
195.262,98.038,58.156,41.051
195.067,98.233,58.156,41.051
194.483,98.038,58.156,41.051
193.122,97.454,58.156,41.051
192.927,97.649,58.156,41.051
191.954,97.454,58.156,41.051
190.981,96.871,58.156,41.051
189.619,97.065,58.156,41.051
188.257,96.092,58.156,41.051
188.063,96.287,58.156,41.051
187.090,96.092,58.156,41.051
186.506,95.898,58.156,41.051
185.144,97.260,58.156,41.051
185.728,96.287,58.156,41.051
184.366,96.871,58.156,41.051
184.561,97.454,58.156,41.051
183.199,96.871,58.156,41.051
183.783,97.454,58.156,41.051
182.421,96.482,58.156,41.051
182.615,96.676,58.156,41.051
181.253,97.260,58.156,41.051
181.837,96.676,58.156,41.051
181.253,97.260,58.156,41.051
181.837,96.676,58.156,41.051
180.864,97.649,58.156,41.051
180.670,97.065,58.156,41.051
180.475,96.482,58.156,41.051
180.280,97.065,58.156,41.051
180.646,95.602,59.443,41.960
180.447,96.596,59.443,41.960
180.249,96.397,59.443,41.960
181.243,96.994,59.443,41.960
181.840,97.590,59.443,41.960
182.038,96.994,59.443,41.960
182.635,97.988,59.443,41.960
182.834,97.789,59.443,41.960
183.431,97.590,59.443,41.960
184.027,97.789,59.443,41.960
185.419,97.988,59.443,41.960
185.618,98.983,59.443,41.960
186.612,98.784,59.443,41.960
187.209,98.585,59.443,41.960
188.203,98.784,59.443,41.960
188.800,98.983,59.443,41.960
188.999,99.579,59.443,41.960
189.993,98.983,59.443,41.960
190.987,99.977,59.443,41.960
191.982,99.380,59.443,41.960
192.976,98.784,59.443,41.960
193.971,99.380,59.443,41.960
194.965,98.784,59.443,41.960
195.959,99.778,59.443,41.960
196.954,99.579,59.443,41.960
198.346,99.380,59.443,41.960
198.942,98.784,59.443,41.960
200.334,99.380,59.443,41.960
201.329,98.386,59.443,41.960
202.721,98.585,59.443,41.960
204.113,98.784,59.443,41.960
205.505,98.983,59.443,41.960
205.306,99.579,59.443,41.960
205.505,98.983,59.443,41.960
206.101,99.977,59.443,41.960
206.300,99.380,59.443,41.960
205.306,98.784,59.443,41.960
204.709,99.778,59.443,41.960
204.113,99.181,59.443,41.960
203.118,98.983,59.443,41.960
201.726,99.977,59.443,41.960
199.539,98.983,59.443,41.960
197.749,98.784,59.443,41.960
196.357,98.187,59.443,41.960
194.169,97.193,59.443,41.960
193.573,96.994,59.443,41.960
191.385,97.988,59.443,41.960
189.993,96.994,59.443,41.960
189.397,96.000,59.443,41.960
187.607,96.596,59.443,41.960
187.408,95.204,59.443,41.960
186.414,94.607,59.443,41.960
185.817,94.409,59.443,41.960
186.016,94.210,59.443,41.960
186.215,93.613,59.443,41.960
186.016,94.607,59.443,41.960
186.215,94.011,59.443,41.960
186.016,95.403,59.443,41.960
185.419,94.011,59.443,41.960
184.425,95.403,59.443,41.960
184.226,93.613,59.443,41.960
184.425,93.812,59.443,41.960
183.033,93.215,59.443,41.960
183.232,91.426,59.443,41.960
182.635,90.431,59.443,41.960
182.038,89.039,59.443,41.960
182.237,87.249,59.443,41.960
182.038,86.255,59.443,41.960
181.840,84.863,59.443,41.960
181.243,85.857,59.443,41.960
181.840,84.465,59.443,41.960
181.243,84.266,59.443,41.960
181.840,83.670,59.443,41.960
181.243,84.664,59.443,41.960
181.840,83.670,59.443,41.960
181.641,84.266,59.443,41.960
181.442,82.874,59.443,41.960
181.641,83.869,59.443,41.960
181.442,82.477,59.443,41.960
181.641,81.880,59.443,41.960
181.840,82.079,59.443,41.960
181.641,80.289,59.443,41.960
182.237,81.283,59.443,41.960
182.436,80.289,59.443,41.960
181.442,81.283,59.443,41.960
181.641,80.687,59.443,41.960
182.237,82.477,59.443,41.960
182.834,81.880,59.443,41.960
182.237,84.465,59.443,41.960
183.232,85.460,59.443,41.960
182.635,86.056,59.443,41.960
182.038,87.051,59.443,41.960
182.635,88.443,59.443,41.960
181.641,90.232,59.443,41.960
181.189,90.800,60.758,42.888
180.580,92.223,60.758,42.888
180.783,94.052,60.758,42.888
179.360,95.882,60.758,42.888
179.970,97.711,60.758,42.888
178.953,99.134,60.758,42.888
179.157,101.370,60.758,42.888
178.953,103.199,60.758,42.888
178.344,104.622,60.758,42.888
178.547,105.638,60.758,42.888
178.344,107.468,60.758,42.888
177.327,109.704,60.758,42.888
176.311,111.533,60.758,42.888
175.701,114.582,60.758,42.888
174.685,116.412,60.758,42.888
173.669,119.461,60.758,42.888
173.465,122.103,60.758,42.888
173.669,123.526,60.758,42.888
171.839,125.762,60.758,42.888
171.229,126.778,60.758,42.888
171.026,127.795,60.758,42.888
170.010,128.404,60.758,42.888
168.993,129.827,60.758,42.888
167.977,128.811,60.758,42.888
166.961,128.201,60.758,42.888
166.351,127.591,60.758,42.888
166.148,126.575,60.758,42.888
165.131,125.559,60.758,42.888
164.521,124.949,60.758,42.888
163.912,124.745,60.758,42.888
162.489,123.729,60.758,42.888
162.692,123.119,60.758,42.888
161.676,122.916,60.758,42.888
161.879,121.900,60.758,42.888
161.676,120.883,60.758,42.888
161.879,120.274,60.758,42.888
162.895,122.103,60.758,42.888
163.912,123.526,60.758,42.888
164.115,124.949,60.758,42.888
164.318,123.119,60.758,42.888
163.708,120.883,60.758,42.888
161.879,117.834,60.758,42.888
159.643,115.192,60.758,42.888
156.187,113.363,60.758,42.888
153.138,113.566,60.758,42.888
151.716,113.363,60.758,42.888
151.106,116.005,60.758,42.888
152.529,117.021,60.758,42.888
154.358,118.038,60.758,42.888
155.781,119.461,60.758,42.888
156.797,120.883,60.758,42.888
157.814,120.274,60.758,42.888
158.423,120.883,60.758,42.888
159.440,119.461,60.758,42.888
158.423,118.038,60.758,42.888
157.814,115.395,60.758,42.888
156.391,113.159,60.758,42.888
155.781,110.517,60.758,42.888
153.952,109.500,60.758,42.888
152.935,108.484,60.758,42.888
152.325,107.874,60.758,42.888
151.716,106.858,60.758,42.888
150.293,106.248,60.758,42.888
150.089,107.264,60.758,42.888
149.480,107.468,60.758,42.888
149.276,108.078,60.758,42.888
148.260,106.655,60.758,42.888
147.244,104.825,60.758,42.888
146.227,103.402,60.758,42.888
146.024,102.386,60.758,42.888
145.008,100.963,60.758,42.888
145.211,99.947,60.758,42.888
146.227,100.150,60.758,42.888
147.244,100.353,60.758,42.888
148.260,101.776,60.758,42.888
146.533,101.091,62.102,43.837
145.495,102.545,62.102,43.837
144.871,101.922,62.102,43.837
145.495,100.883,62.102,43.837
144.456,99.844,62.102,43.837
143.002,98.390,62.102,43.837
142.378,97.351,62.102,43.837
141.755,95.897,62.102,43.837
140.301,94.858,62.102,43.837
141.755,95.481,62.102,43.837
141.963,96.936,62.102,43.837
143.417,98.390,62.102,43.837
144.040,101.091,62.102,43.837
143.002,102.961,62.102,43.837
142.378,103.169,62.102,43.837
143.417,103.376,62.102,43.837
144.040,104.000,62.102,43.837
143.002,103.376,62.102,43.837
141.547,103.584,62.102,43.837
140.924,102.130,62.102,43.837
139.590,99.705,63.476,44.807
138.104,98.218,63.476,44.807
137.891,98.855,63.476,44.807
139.378,99.917,63.476,44.807
140.440,100.554,63.476,44.807
142.351,102.041,63.476,44.807
144.687,102.253,63.476,44.807
147.448,103.740,63.476,44.807
147.660,103.103,63.476,44.807
147.872,105.014,63.476,44.807
145.628,103.417,64.881,45.798
143.674,102.331,64.881,45.798
142.589,100.812,64.881,45.798
140.635,100.595,64.881,45.798
138.248,100.812,64.881,45.798
135.860,102.765,64.881,45.798
133.472,104.719,64.881,45.798
131.953,106.238,64.881,45.798
131.302,107.324,64.881,45.798
133.255,108.409,64.881,45.798
134.775,108.626,64.881,45.798
133.690,108.843,64.881,45.798
132.604,108.626,64.881,45.798
131.085,108.409,64.881,45.798
131.736,108.192,64.881,45.798
133.045,106.559,66.316,46.811
135.486,105.894,66.316,46.811
135.903,104.685,67.783,47.847
137.490,105.819,67.783,47.847
139.531,106.046,67.783,47.847
141.572,105.819,67.783,47.847
144.067,105.139,67.783,47.847
146.561,104.458,67.783,47.847
147.695,105.139,67.783,47.847
146.107,104.005,67.783,47.847
144.067,104.685,67.783,47.847
140.665,103.551,67.783,47.847
136.810,104.685,67.783,47.847
133.862,106.273,67.783,47.847
132.274,108.314,67.783,47.847
132.048,110.355,67.783,47.847
133.635,111.035,67.783,47.847
132.048,112.622,67.783,47.847
131.367,112.395,67.783,47.847
129.326,113.529,67.783,47.847
127.285,114.210,67.783,47.847
125.698,114.436,67.783,47.847
126.378,114.663,67.783,47.847
126.605,114.436,67.783,47.847
128.193,113.756,67.783,47.847
127.966,112.622,67.783,47.847
128.646,111.942,67.783,47.847
127.059,110.808,67.783,47.847
124.662,108.161,69.283,48.906
122.576,106.075,69.283,48.906
119.563,103.989,69.283,48.906
116.086,102.830,69.283,48.906
110.755,100.744,69.283,48.906
105.887,99.122,69.283,48.906
100.556,97.963,69.283,48.906
97.079,97.731,69.283,48.906
94.993,96.572,69.283,48.906
94.761,95.413,69.283,48.906
96.384,94.718,69.283,48.906
96.152,94.949,69.283,48.906
95.457,95.181,69.283,48.906
94.298,94.022,69.283,48.906
93.139,95.181,69.283,48.906
91.980,94.022,69.283,48.906
93.139,95.181,69.283,48.906
94.298,94.022,69.283,48.906
94.993,95.181,69.283,48.906
94.298,94.022,69.283,48.906
94.993,96.572,69.283,48.906
94.761,95.413,69.283,48.906
94.529,95.181,69.283,48.906
92.443,94.486,69.283,48.906
88.070,95.147,70.816,49.988
85.464,93.963,70.816,49.988
80.488,93.252,70.816,49.988
75.513,93.489,70.816,49.988
71.959,93.252,70.816,49.988
70.775,93.489,70.816,49.988
72.433,94.199,70.816,49.988
75.987,95.384,70.816,49.988
84.279,97.042,70.816,49.988
92.097,99.649,70.816,49.988
98.968,101.781,70.816,49.988
103.943,103.439,70.816,49.988
103.232,104.624,70.816,49.988
100.152,102.965,70.816,49.988
96.125,102.728,70.816,49.988
93.519,101.070,70.816,49.988
92.808,100.359,70.816,49.988
94.466,101.544,70.816,49.988
95.177,100.833,70.816,49.988
98.257,103.439,70.816,49.988
101.337,104.624,70.816,49.988
104.417,103.439,70.816,49.988
107.023,105.098,70.816,49.988
110.577,103.913,70.816,49.988
114.131,103.676,70.816,49.988
118.158,104.861,70.816,49.988
123.133,106.045,70.816,49.988
128.583,107.230,70.816,49.988
131.978,105.940,72.383,51.094
132.704,106.182,72.383,51.094
133.915,105.940,72.383,51.094
132.220,105.213,72.383,51.094
132.675,103.894,73.984,52.224
134.408,104.142,73.984,52.224
139.606,102.904,73.984,52.224
146.289,102.161,73.984,52.224
155.942,102.904,73.984,52.224
163.120,102.657,73.984,52.224
167.823,103.894,73.984,52.224
171.535,105.627,73.984,52.224
174.753,106.369,73.984,52.224
178.300,107.076,75.621,53.380
183.107,107.329,75.621,53.380
187.408,108.593,75.621,53.380
192.215,110.364,75.621,53.380
196.516,111.123,75.621,53.380
200.817,111.376,75.621,53.380
204.105,111.123,75.621,53.380
207.206,109.221,77.294,54.561
211.085,108.962,77.294,54.561
214.964,109.738,77.294,54.561
218.325,108.445,77.294,54.561
221.687,107.669,77.294,54.561
224.532,107.928,77.294,54.561
226.859,108.703,77.294,54.561
227.635,108.445,77.294,54.561
229.445,109.221,77.294,54.561
227.785,107.276,79.004,55.768
228.578,108.068,79.004,55.768
227.785,107.276,79.004,55.768
228.049,107.540,79.004,55.768
227.256,107.804,79.004,55.768
228.049,106.483,79.004,55.768
227.785,107.804,79.004,55.768
227.521,107.540,79.004,55.768
226.199,109.390,79.004,55.768
222.763,108.597,79.004,55.768
218.798,108.333,79.004,55.768
213.776,107.011,79.004,55.768
210.340,105.161,79.004,55.768
207.962,103.839,79.004,55.768
207.697,103.575,79.004,55.768
208.490,105.954,79.004,55.768
207.697,107.275,79.004,55.768
205.847,109.126,79.004,55.768
202.411,108.333,79.004,55.768
197.389,108.068,79.004,55.768
191.839,106.747,79.004,55.768
186.288,105.425,79.004,55.768
179.152,104.632,79.004,55.768
173.601,102.254,79.004,55.768
170.165,101.989,79.004,55.768
166.200,101.725,79.004,55.768
162.764,100.932,79.004,55.768
159.328,100.668,79.004,55.768
154.306,100.403,79.004,55.768
149.284,101.725,79.004,55.768
144.791,100.403,79.004,55.768
141.884,100.139,79.004,55.768
139.505,99.875,79.004,55.768
136.069,100.668,79.004,55.768
132.104,99.875,79.004,55.768
129.725,100.139,79.004,55.768
127.347,101.461,79.004,55.768
124.968,102.254,79.004,55.768
124.175,103.046,79.004,55.768
121.796,104.368,79.004,55.768
120.474,106.218,79.004,55.768
118.624,107.011,79.004,55.768
116.774,107.804,79.004,55.768
114.395,107.011,79.004,55.768
112.017,106.218,79.004,55.768
110.166,104.897,79.004,55.768
108.316,104.104,79.004,55.768
105.937,104.897,79.004,55.768
104.616,105.161,79.004,55.768
103.294,105.425,79.004,55.768
103.030,104.632,79.004,55.768
103.294,102.782,79.004,55.768
104.087,101.989,79.004,55.768
104.880,101.725,79.004,55.768
106.730,103.046,79.004,55.768
106.995,105.954,79.004,55.768
107.788,109.919,79.004,55.768
106.995,113.883,79.004,55.768
106.730,117.319,79.004,55.768
105.937,119.169,79.004,55.768
103.692,117.181,80.752,57.002
102.341,115.831,80.752,57.002
102.071,113.399,80.752,57.002
103.422,107.726,80.752,57.002
101.688,100.649,82.539,58.263
103.069,95.402,82.539,58.263
103.897,90.155,82.539,58.263
104.173,87.118,82.539,58.263
106.106,85.185,82.539,58.263
108.591,86.013,82.539,58.263
111.077,87.946,82.539,58.263
114.114,92.088,82.539,58.263
115.495,97.335,82.539,58.263
114.666,104.238,82.539,58.263
113.286,110.037,82.539,58.263
112.457,114.179,82.539,58.263
110.112,113.821,84.365,59.552
110.394,112.410,84.365,59.552
108.582,109.116,86.232,60.869
107.717,106.519,86.232,60.869
106.851,103.923,86.232,60.869
105.598,99.359,88.139,62.216
105.893,95.525,88.139,62.216
107.367,91.102,88.139,62.216
106.483,86.089,88.139,62.216
107.957,82.846,88.139,62.216
107.662,81.961,88.139,62.216
110.316,82.846,88.139,62.216
112.380,87.269,88.139,62.216
114.444,92.282,88.139,62.216
117.688,98.474,88.139,62.216
120.931,102.897,88.139,62.216
121.816,102.602,88.139,62.216
123.880,102.307,88.139,62.216
124.765,99.653,88.139,62.216
124.470,96.410,88.139,62.216
125.355,92.576,88.139,62.216
125.649,89.333,88.139,62.216
124.368,84.667,90.090,63.593
121.808,81.150,92.083,65.000
119.831,78.193,94.120,66.438
120.146,77.249,94.120,66.438
117.471,74.880,96.203,67.908
117.793,73.271,96.203,67.908
117.471,71.018,96.203,67.908
117.149,68.765,96.203,67.908
118.115,69.087,96.203,67.908
118.437,70.696,96.203,67.908
120.046,72.949,96.203,67.908
121.655,77.133,96.203,67.908
121.977,83.248,96.203,67.908
122.299,90.651,96.203,67.908
123.908,96.122,96.203,67.908
124.230,100.306,96.203,67.908
123.264,101.272,96.203,67.908
122.299,99.663,96.203,67.908
120.233,95.238,98.331,69.410
120.562,92.278,98.331,69.410
120.891,88.001,98.331,69.410
122.535,83.724,98.331,69.410
121.789,79.202,100.507,70.946
122.125,76.176,100.507,70.946
123.806,72.477,100.507,70.946
124.143,71.468,100.507,70.946
125.151,73.822,100.507,70.946
125.488,75.503,100.507,70.946
125.824,81.892,100.507,70.946
123.470,90.971,100.507,70.946
123.134,106.102,100.507,70.946
121.453,117.198,100.507,70.946
120.690,122.344,102.730,72.516
118.484,121.898,105.003,74.120
116.727,117.331,105.003,74.120
114.971,112.062,105.003,74.120
111.987,101.402,107.326,75.760
109.682,90.505,109.701,77.436
110.783,83.532,109.701,77.436
110.712,75.441,112.128,79.149
111.837,70.564,112.128,79.149
112.962,67.938,112.128,79.149
111.087,71.314,112.128,79.149
109.961,75.441,112.128,79.149
107.335,82.568,112.128,79.149
104.710,92.697,112.128,79.149
100.745,103.886,114.609,80.900
97.488,113.732,117.145,82.690
97.880,121.178,117.145,82.690
93.738,119.044,119.737,84.520
92.536,114.637,119.737,84.520
89.133,102.481,122.386,86.390
87.905,91.426,122.386,86.390
87.495,82.009,122.386,86.390
86.267,74.229,122.386,86.390
85.858,68.906,122.386,86.390
83.811,67.678,122.386,86.390
82.582,72.182,122.386,86.390
80.535,79.143,122.386,86.390
77.907,87.957,125.093,88.301
75.220,98.704,127.861,90.255
75.648,108.542,127.861,90.255
72.902,113.313,130.690,92.252
69.188,108.210,133.582,94.293
68.741,101.507,133.582,94.293
69.188,89.440,133.582,94.293
71.423,77.374,133.582,94.293
73.657,67.095,133.582,94.293
74.998,58.604,133.582,94.293
73.657,51.007,133.582,94.293
73.210,47.878,133.582,94.293
70.976,46.538,133.582,94.293
70.529,49.666,133.582,94.293
70.082,55.476,133.582,94.293
67.847,64.861,133.582,94.293
65.613,76.033,133.582,94.293
62.744,87.509,136.537,96.379
61.374,98.929,136.537,96.379
60.004,108.521,136.537,96.379
59.547,110.805,136.537,96.379
59.090,105.781,136.537,96.379
56.158,95.710,139.558,98.512
56.625,84.971,139.558,98.512
58.025,74.233,139.558,98.512
58.492,64.428,139.558,98.512
59.893,55.557,139.558,98.512
59.426,49.487,139.558,98.512
59.893,47.153,139.558,98.512
59.426,51.355,139.558,98.512
59.893,58.358,139.558,98.512
58.492,69.097,139.558,98.512
58.959,86.372,139.558,98.512
55.962,97.392,142.646,100.691
54.530,113.141,142.646,100.691
54.053,122.208,142.646,100.691
50.000,123.570,145.802,102.919
49.512,118.204,145.802,102.919
50.000,108.936,145.802,102.919
51.463,96.742,145.802,102.919
53.902,83.571,145.802,102.919
56.341,71.377,145.802,102.919
58.780,62.109,145.802,102.919
60.243,56.743,145.802,102.919
61.706,57.231,145.802,102.919
59.587,57.611,149.028,105.196
60.086,66.087,149.028,105.196
61.582,78.551,149.028,105.196
59.416,90.319,152.325,107.523
56.144,103.405,155.695,109.902
52.801,113.538,159.140,112.334
52.268,120.459,159.140,112.334
51.736,115.668,159.140,112.334
51.204,106.617,159.140,112.334
52.205,90.460,162.661,114.819
54.926,76.855,162.661,114.819
57.647,62.162,162.661,114.819
59.279,50.734,162.661,114.819
58.735,41.483,162.661,114.819
57.103,37.674,162.661,114.819
57.647,40.395,162.661,114.819
58.191,47.469,162.661,114.819
56.559,59.985,162.661,114.819
57.103,72.502,162.661,114.819
54.382,86.106,162.661,114.819
52.749,96.446,162.661,114.819
48.127,99.128,166.260,117.360
47.571,94.122,166.260,117.360
47.014,85.778,166.260,117.360
47.571,72.985,166.260,117.360
50.352,60.192,166.260,117.360
50.908,46.286,166.260,117.360
52.577,35.718,166.260,117.360
53.133,27.375,166.260,117.360
52.577,24.593,166.260,117.360
54.245,28.487,166.260,117.360
52.577,33.493,166.260,117.360
53.133,42.949,166.260,117.360
52.577,59.080,166.260,117.360
54.245,75.210,166.260,117.360
53.689,91.341,166.260,117.360
53.133,103.022,166.260,117.360
48.408,110.380,169.938,119.956
48.977,107.537,169.938,119.956
49.545,99.009,169.938,119.956
50.615,85.295,173.698,122.610
53.520,74.254,173.698,122.610
54.101,63.213,173.698,122.610
53.520,53.334,173.698,122.610
52.939,48.104,173.698,122.610
54.682,49.847,173.698,122.610
55.263,53.915,173.698,122.610
55.845,63.794,173.698,122.610
57.588,75.997,173.698,122.610
55.845,89.363,173.698,122.610
50.909,97.050,177.541,125.323
49.127,98.832,177.541,125.323
48.533,93.486,177.541,125.323
50.315,84.576,177.541,125.323
52.096,74.479,177.541,125.323
52.690,64.382,177.541,125.323
53.284,56.660,177.541,125.323
52.690,50.126,177.541,125.323
54.472,51.908,177.541,125.323
53.878,57.254,177.541,125.323
53.284,68.539,177.541,125.323
51.502,85.764,177.541,125.323
48.533,100.614,177.541,125.323
45.563,108.335,177.541,125.323
44.969,102.990,177.541,125.323
45.563,92.892,177.541,125.323
49.721,81.607,177.541,125.323
52.690,70.321,177.541,125.323
55.660,56.660,177.541,125.323
58.630,44.187,177.541,125.323
63.386,34.645,173.755,122.651
65.130,29.414,173.755,122.651
64.548,31.157,173.755,122.651
70.323,37.508,170.050,120.035
72.030,44.904,170.050,120.035
71.461,54.575,170.050,120.035
74.305,63.109,170.050,120.035
76.012,68.229,170.050,120.035
76.581,67.660,170.050,120.035
77.150,61.402,170.050,120.035
80.608,54.457,166.423,117.475
85.066,45.513,162.874,114.970
88.378,36.760,159.401,112.518
93.676,30.250,156.002,110.119
98.861,26.896,152.675,107.770
102.950,30.507,149.419,105.472
103.450,35.006,149.419,105.472
106.489,46.249,146.233,103.223
105.021,58.479,146.233,103.223
107.467,71.689,146.233,103.223
106.978,83.919,146.233,103.223
105.510,93.214,146.233,103.223
105.021,96.639,146.233,103.223
106.489,89.301,146.233,103.223
108.935,80.005,146.233,103.223
111.909,69.317,143.114,101.022
117.175,56.390,143.114,101.022
118.612,45.378,143.114,101.022
124.291,37.687,140.062,98.867
126.236,31.966,137.075,96.759
126.695,29.673,137.075,96.759
131.250,34.683,134.152,94.696
132.248,41.316,131.291,92.676
132.688,51.419,131.291,92.676
138.744,68.918,128.491,90.700
138.315,80.525,128.491,90.700
140.464,92.131,128.491,90.700
140.894,102.878,128.491,90.700
141.324,104.168,128.491,90.700
140.894,96.000,128.491,90.700
139.604,84.394,128.491,90.700
140.034,71.927,128.491,90.700
143.476,60.050,125.751,88.766
145.579,48.691,125.751,88.766
147.683,39.015,125.751,88.766
146.421,32.704,125.751,88.766
148.524,30.601,125.751,88.766
146.421,33.546,125.751,88.766
146.841,38.173,125.751,88.766
147.777,46.824,123.070,86.873
149.486,60.847,120.445,85.020
152.712,75.347,117.877,83.207
151.529,83.628,117.877,83.207
154.290,93.487,117.877,83.207
153.106,99.403,117.877,83.207
151.135,95.854,117.877,83.207
149.163,90.727,117.877,83.207
147.980,82.445,117.877,83.207
146.797,74.164,117.877,83.207
149.557,65.094,117.877,83.207
152.715,57.999,115.363,81.433
152.085,52.543,112.903,79.696
151.707,47.632,112.903,79.696
150.574,46.499,112.903,79.696
152.870,49.897,110.495,77.996
150.282,53.964,110.495,77.996
150.652,60.248,110.495,77.996
150.282,68.011,110.495,77.996
149.173,75.035,110.495,77.996
151.761,82.058,110.495,77.996
149.913,86.864,110.495,77.996
148.064,85.016,110.495,77.996
146.955,81.689,110.495,77.996
145.107,76.883,110.495,77.996
146.955,72.077,110.495,77.996
148.490,66.139,108.139,76.333
152.084,61.723,105.833,74.705
151.021,57.120,105.833,74.705
154.539,60.305,103.576,73.112
152.113,62.038,103.576,73.112
155.232,68.622,103.576,73.112
152.113,75.205,103.576,73.112
155.232,83.175,103.576,73.112
152.806,92.531,103.576,73.112
153.846,100.501,103.576,73.112
154.616,105.623,101.367,71.553
156.024,103.444,99.205,70.027
158.681,98.752,97.090,68.534
160.305,88.033,97.090,68.534
163.878,83.161,97.090,68.534
164.853,78.289,97.090,68.534
168.706,74.949,95.019,67.072
171.864,72.907,92.993,65.642
171.552,71.351,92.993,65.642
172.486,72.907,92.993,65.642
174.377,77.505,91.010,64.242
174.073,82.681,91.010,64.242
174.377,88.466,91.010,64.242
175.899,95.469,91.010,64.242
175.989,101.730,89.069,62.872
176.077,102.113,87.170,61.531
177.288,100.802,85.311,60.219
177.923,95.667,83.491,58.935
178.202,86.449,83.491,58.935
179.040,82.259,83.491,58.935
178.760,77.511,83.491,58.935
178.481,74.997,83.491,58.935
178.760,74.159,83.491,58.935
180.157,76.673,83.491,58.935
179.878,79.745,83.491,58.935
180.716,84.494,83.491,58.935
180.995,90.360,83.491,58.935
182.155,96.642,81.711,57.678
181.708,98.047,79.968,56.448
181.441,95.640,79.968,56.448
181.520,93.405,78.263,55.244
181.597,89.199,76.594,54.066
181.341,85.355,76.594,54.066
180.060,82.537,76.594,54.066
178.266,81.255,76.594,54.066
176.472,82.024,76.594,54.066
174.166,83.305,76.594,54.066
170.835,85.099,76.594,54.066
168.016,86.380,76.594,54.066
169.574,91.155,74.961,52.913
170.828,93.413,74.961,52.913
174.769,98.086,73.362,51.785
180.519,100.294,71.798,50.681
186.044,101.015,71.798,50.681
192.049,101.735,71.798,50.681
198.140,103.433,70.267,49.600
202.606,102.728,70.267,49.600
206.132,102.963,70.267,49.600
204.017,104.609,70.267,49.600
199.093,105.279,71.821,50.697
200.044,105.466,73.410,51.819
201.015,106.167,75.034,52.965
202.270,105.916,75.034,52.965
203.023,106.669,75.034,52.965
203.776,106.920,75.034,52.965
200.513,107.673,75.034,52.965
201.768,105.916,75.034,52.965
203.525,107.171,75.034,52.965
206.789,105.414,75.034,52.965
205.032,105.163,75.034,52.965
202.270,104.410,75.034,52.965
201.377,106.185,73.434,51.836
199.555,105.553,71.868,50.731
197.309,105.399,70.336,49.649
193.296,105.702,68.836,48.590
188.920,105.011,68.836,48.590
183.163,102.938,68.836,48.590
179.248,100.405,68.836,48.590
175.793,98.332,68.836,48.590
171.878,96.720,68.836,48.590
167.963,94.648,68.836,48.590
165.368,94.500,67.368,47.554
163.697,94.355,65.931,46.540
162.594,93.252,65.931,46.540
161.383,93.536,64.525,45.547
160.615,94.646,63.149,44.576
159.981,94.434,63.149,44.576
159.770,94.223,63.149,44.576
160.239,94.495,61.802,43.625
159.902,96.355,60.484,42.695
159.962,97.785,59.195,41.784
159.764,96.399,59.195,41.784
160.754,97.785,59.195,41.784
161.194,99.185,57.932,40.893
161.776,98.216,57.932,40.893
161.969,99.573,57.932,40.893
162.939,100.154,57.932,40.893
163.908,100.348,57.932,40.893
164.877,101.705,57.932,40.893
166.233,103.062,57.932,40.893
167.978,102.868,57.932,40.893
168.947,105.000,57.932,40.893
170.304,106.744,57.932,40.893
171.660,108.488,57.932,40.893
173.405,110.233,57.932,40.893
175.924,111.977,57.932,40.893
178.056,114.109,57.932,40.893
180.188,114.303,57.932,40.893
182.320,116.435,57.932,40.893
184.064,118.179,57.932,40.893
185.809,119.924,57.932,40.893
187.165,121.668,57.932,40.893
189.091,122.291,56.697,40.021
190.798,123.618,56.697,40.021
192.884,125.705,56.697,40.021
194.971,127.033,56.697,40.021
196.299,127.222,56.697,40.021
198.549,129.660,55.488,39.168
199.848,129.475,55.488,39.168
202.766,130.429,54.305,38.333
204.038,129.884,54.305,38.333
203.856,128.249,54.305,38.333
206.711,128.132,53.146,37.515
208.667,127.599,53.146,37.515
210.623,125.999,53.146,37.515
213.075,126.227,52.013,36.715
213.945,125.009,52.013,36.715
216.680,125.233,50.904,35.932
217.059,125.780,49.818,35.166
219.678,127.280,48.756,34.416
221.298,128.118,47.716,33.682
221.346,129.247,46.699,32.964
223.377,129.091,46.699,32.964
222.821,129.894,45.703,32.261
224.929,131.564,44.728,31.573
223.881,132.013,44.728,31.573
226.233,133.936,43.774,30.900
225.794,132.911,43.774,30.900
227.698,132.179,43.774,30.900
227.459,131.803,42.841,30.241
229.988,132.816,41.927,29.596
229.488,131.914,41.033,28.965
229.264,132.091,40.158,28.347
232.153,131.746,39.302,27.742
232.284,129.773,39.302,27.742
233.731,127.801,39.302,27.742
234.277,126.956,38.464,27.151
234.148,125.541,38.464,27.151
234.019,124.383,38.464,27.151
233.891,125.284,38.464,27.151
233.762,124.898,38.464,27.151
235.177,124.511,38.464,27.151
234.277,124.640,38.464,27.151
233.891,125.284,38.464,27.151
232.990,126.442,38.464,27.151
232.089,125.798,38.464,27.151
231.446,126.699,38.464,27.151
231.832,126.570,38.464,27.151
231.446,127.214,38.464,27.151
233.891,128.372,38.464,27.151
235.049,128.758,38.464,27.151
235.949,127.857,38.464,27.151
235.306,128.243,38.464,27.151
234.663,128.372,38.464,27.151
232.990,127.986,38.464,27.151
229.001,127.600,38.464,27.151
226.041,126.956,38.464,27.151
222.567,127.600,38.464,27.151
219.607,126.699,38.464,27.151
216.647,126.313,38.464,27.151
213.430,126.699,38.464,27.151
210.728,125.798,38.464,27.151
209.055,125.927,38.464,27.151
207.125,126.056,38.464,27.151
205.967,126.184,38.464,27.151
204.809,126.313,38.464,27.151
204.165,126.442,38.464,27.151
204.037,125.541,38.464,27.151
203.908,125.927,38.464,27.151
204.037,126.313,38.464,27.151
204.680,126.956,38.464,27.151
205.581,126.313,38.464,27.151
205.967,126.956,38.464,27.151
205.838,126.570,38.464,27.151
206.482,126.184,38.464,27.151
207.897,126.056,38.464,27.151
207.511,125.412,38.464,27.151
208.669,125.284,38.464,27.151
209.312,125.412,38.464,27.151
210.728,126.570,38.464,27.151
212.658,127.214,38.464,27.151
213.816,129.659,38.464,27.151
213.173,131.846,38.464,27.151
214.588,134.549,38.464,27.151
214.974,136.994,38.464,27.151
214.074,139.438,38.464,27.151
213.430,140.854,38.464,27.151
213.044,142.527,38.464,27.151
212.401,143.170,38.464,27.151
212.787,144.328,38.464,27.151
213.173,143.942,38.464,27.151
215.103,143.556,38.464,27.151
216.519,142.913,38.464,27.151
218.192,143.556,38.464,27.151
219.092,143.685,38.464,27.151
220.508,144.328,38.464,27.151
221.923,144.972,38.464,27.151
222.824,144.328,38.464,27.151
223.725,144.200,38.464,27.151
225.398,143.814,38.464,27.151
226.813,144.200,38.464,27.151
228.229,146.387,38.464,27.151
229.902,149.604,38.464,27.151
229.001,154.880,38.464,27.151
227.328,163.502,38.464,27.151
224.111,176.499,38.464,27.151
