134.000,55.000,60.000,88.000
134.870,54.710,60.000,88.000
134.580,54.420,60.000,88.000
134.217,54.349,61.327,89.947
133.921,54.053,61.327,89.947
134.217,54.349,61.327,89.947
134.514,54.646,61.327,89.947
134.217,53.756,61.327,89.947
133.921,53.460,61.327,89.947
133.624,54.349,61.327,89.947
134.514,54.053,61.327,89.947
134.810,54.942,61.327,89.947
136.292,55.239,61.327,89.947
138.367,56.128,61.327,89.947
138.664,55.831,61.327,89.947
138.367,55.535,61.327,89.947
136.292,55.239,61.327,89.947
131.253,54.349,61.327,89.947
125.620,54.053,61.327,89.947
119.395,53.163,61.327,89.947
114.355,53.460,61.327,89.947
106.944,55.535,61.327,89.947
98.940,54.053,61.327,89.947
93.307,56.128,61.327,89.947
87.082,58.796,61.327,89.947
82.635,63.243,61.327,89.947
79.374,65.911,61.327,89.947
82.042,70.950,61.327,89.947
84.696,76.767,60.020,88.029
85.567,81.699,60.020,88.029
89.338,86.051,60.020,88.029
94.270,88.082,60.020,88.029
96.301,88.372,60.020,88.029
102.974,89.823,60.020,88.029
111.388,90.693,60.020,88.029
120.962,89.823,60.020,88.029
128.215,90.113,60.020,88.029
137.209,92.724,60.020,88.029
140.401,94.755,60.020,88.029
145.913,96.786,60.020,88.029
150.845,99.397,60.020,88.029
156.798,102.852,58.740,86.152
161.625,104.272,58.740,86.152
163.045,102.284,58.740,86.152
162.193,104.272,58.740,86.152
162.477,102.852,58.740,86.152
161.625,103.704,58.740,86.152
162.477,102.852,58.740,86.152
161.625,99.161,58.740,86.152
161.909,98.877,58.740,86.152
162.193,93.482,58.740,86.152
160.774,89.791,58.740,86.152
161.625,88.939,58.740,86.152
163.045,87.519,58.740,86.152
163.897,84.964,58.740,86.152
162.477,84.112,58.740,86.152
157.650,83.260,58.740,86.152
151.120,80.137,58.740,86.152
142.516,74.765,60.039,88.058
132.358,72.734,60.039,88.058
124.522,73.024,60.039,88.058
117.847,74.475,60.039,88.058
109.815,77.931,58.759,86.180
101.955,79.672,57.506,84.342
97.786,80.506,57.506,84.342
98.667,82.744,56.280,82.543
100.053,84.411,55.079,80.783
100.852,83.613,55.079,80.783
104.313,84.411,55.079,80.783
108.840,84.145,55.079,80.783
117.898,80.213,56.298,82.570
122.075,79.017,57.544,84.397
127.360,79.295,57.544,84.397
130.475,78.650,58.817,86.265
135.309,78.366,58.817,86.265
140.711,78.082,58.817,86.265
146.681,77.229,58.817,86.265
150.946,78.082,58.817,86.265
152.950,76.832,60.118,88.173
153.241,78.285,60.118,88.173
153.531,81.482,60.118,88.173
150.335,84.679,60.118,88.173
154.112,90.200,60.118,88.173
154.984,93.978,60.118,88.173
151.206,94.850,60.118,88.173
146.266,95.721,60.118,88.173
140.164,96.012,60.118,88.173
132.898,95.140,60.118,88.173
125.633,96.593,60.118,88.173
119.531,95.721,60.118,88.173
116.915,93.106,60.118,88.173
115.462,82.935,60.118,88.173
116.305,73.819,61.448,90.124
117.196,71.146,61.448,90.124
119.275,69.660,61.448,90.124
121.948,71.146,61.448,90.124
124.028,70.255,61.448,90.124
128.483,69.363,61.448,90.124
134.721,70.849,61.448,90.124
142.741,71.740,61.448,90.124
148.978,72.037,61.448,90.124
155.216,69.363,61.448,90.124
157.889,69.660,61.448,90.124
158.780,71.146,61.448,90.124
162.048,76.789,61.448,90.124
158.780,78.869,61.448,90.124
153.731,78.571,61.448,90.124
149.275,77.086,61.448,90.124
141.849,75.007,61.448,90.124
133.236,75.304,61.448,90.124
126.404,77.383,61.448,90.124
120.760,81.839,61.448,90.124
120.463,87.482,61.448,90.124
120.166,89.562,61.448,90.124
121.651,91.641,61.448,90.124
124.325,93.126,61.448,90.124
128.780,93.423,61.448,90.124
136.206,95.502,61.448,90.124
142.444,96.393,61.448,90.124
145.117,97.285,61.448,90.124
148.978,94.017,61.448,90.124
151.057,88.374,61.448,90.124
151.949,82.730,61.448,90.124
151.057,78.868,61.448,90.124
150.760,73.819,61.448,90.124
149.869,70.552,61.448,90.124
150.760,67.284,61.448,90.124
152.246,65.205,61.448,90.124
153.731,65.502,61.448,90.124
154.028,65.205,61.448,90.124
150.760,64.314,61.448,90.124
147.493,63.423,61.448,90.124
141.255,63.720,61.448,90.124
135.612,62.829,61.448,90.124
128.780,61.344,61.448,90.124
117.790,59.264,61.448,90.124
111.552,56.591,61.448,90.124
103.532,57.482,61.448,90.124
95.512,63.126,61.448,90.124
96.403,68.769,61.448,90.124
97.889,72.631,61.448,90.124
101.750,73.522,61.448,90.124
104.423,73.225,61.448,90.124
111.255,72.928,61.448,90.124
120.129,71.623,62.808,92.118
125.897,73.141,62.808,92.118
135.309,74.051,62.808,92.118
139.256,74.355,62.808,92.118
141.381,74.659,62.808,92.118
144.721,73.141,62.808,92.118
146.239,71.623,62.808,92.118
145.935,68.283,62.808,92.118
148.060,67.372,62.808,92.118
148.364,67.676,62.808,92.118
146.846,66.765,62.808,92.118
146.542,66.461,62.808,92.118
138.952,64.336,62.808,92.118
133.184,64.640,62.808,92.118
124.986,63.122,62.808,92.118
116.789,62.818,62.808,92.118
111.628,61.907,62.808,92.118
102.216,61.604,62.808,92.118
90.375,60.086,62.808,92.118
84.607,65.854,62.808,92.118
80.660,72.230,62.808,92.118
82.785,78.606,62.808,92.118
84.910,85.588,62.808,92.118
88.311,89.924,64.197,94.156
93.586,92.717,64.197,94.156
102.585,95.510,64.197,94.156
112.826,93.958,64.197,94.156
117.589,91.307,65.618,96.239
124.884,91.624,65.618,96.239
130.911,91.941,65.618,96.239
138.642,94.496,64.218,94.187
144.051,89.267,65.639,96.271
148.176,85.777,65.639,96.271
150.397,83.556,65.639,96.271
151.349,80.701,65.639,96.271
151.031,77.210,65.639,96.271
151.349,72.451,65.639,96.271
154.204,67.057,65.639,96.271
157.695,67.374,65.639,96.271
159.312,66.872,64.240,94.218
160.244,68.424,64.240,94.218
158.070,67.493,64.240,94.218
153.068,69.395,62.870,92.209
148.173,68.328,61.529,90.242
141.927,67.436,61.529,90.242
138.655,67.138,61.529,90.242
133.599,65.056,61.529,90.242
128.290,62.515,62.890,92.239
123.122,62.211,62.890,92.239
116.738,61.907,62.890,92.239
112.786,62.211,62.890,92.239
105.794,62.515,62.890,92.239
98.802,60.995,62.890,92.239
93.634,61.907,62.890,92.239
89.074,66.467,62.890,92.239
88.162,70.419,62.890,92.239
88.466,71.939,62.890,92.239
89.986,75.283,62.890,92.239
93.330,78.627,62.890,92.239
97.282,79.539,62.890,92.239
104.882,78.019,62.890,92.239
114.914,75.891,62.890,92.239
118.258,74.371,62.890,92.239
123.426,76.499,62.890,92.239
130.418,74.979,62.890,92.239
136.194,76.499,62.890,92.239
141.362,76.803,62.890,92.239
145.314,79.539,62.890,92.239
146.834,80.451,62.890,92.239
148.354,79.539,62.890,92.239
147.442,76.195,62.890,92.239
147.138,71.027,62.890,92.239
147.442,70.723,62.890,92.239
150.178,71.635,62.890,92.239
149.266,71.331,62.890,92.239
145.922,71.635,62.890,92.239
141.970,70.723,62.890,92.239
134.978,69.811,62.890,92.239
127.986,68.291,62.890,92.239
124.642,68.595,62.890,92.239
118.866,67.683,62.890,92.239
112.211,70.132,61.549,90.272
108.343,69.834,61.549,90.272
103.881,70.132,61.549,90.272
101.382,70.808,60.236,88.347
100.509,69.934,60.236,88.347
101.382,68.478,60.236,88.347
104.003,69.934,60.236,88.347
106.041,68.478,60.236,88.347
110.991,68.769,60.236,88.347
115.941,68.478,60.236,88.347
119.144,67.605,60.236,88.347
122.929,67.896,60.236,88.347
128.462,67.022,60.236,88.347
134.576,67.313,60.236,88.347
140.109,68.187,60.236,88.347
144.476,69.643,60.236,88.347
147.097,71.099,60.236,88.347
149.717,73.719,60.236,88.347
151.756,79.834,60.236,88.347
154.959,88.278,60.236,88.347
153.503,94.975,60.236,88.347
149.135,94.102,60.236,88.347
144.767,93.228,60.236,88.347
138.070,94.684,60.236,88.347
127.297,95.557,60.236,88.347
117.106,96.431,60.236,88.347
111.573,95.557,60.236,88.347
110.118,93.519,60.236,88.347
108.079,89.152,60.236,88.347
107.206,83.619,60.236,88.347
107.497,80.416,60.236,88.347
108.371,77.213,60.236,88.347
106.915,74.593,60.236,88.347
106.624,73.137,60.236,88.347
107.497,71.099,60.236,88.347
108.953,69.643,60.236,88.347
110.991,69.352,60.236,88.347
114.194,66.731,60.236,88.347
120.309,64.693,60.236,88.347
123.512,64.402,60.236,88.347
130.209,62.946,60.236,88.347
133.994,60.908,60.236,88.347
138.944,60.034,60.236,88.347
142.147,61.490,60.236,88.347
144.767,62.946,60.236,88.347
147.388,62.072,60.236,88.347
148.836,62.001,61.569,90.302
150.920,61.108,61.569,90.302
151.813,60.216,61.569,90.302
151.515,59.918,61.569,90.302
153.598,59.620,61.569,90.302
155.086,60.513,61.569,90.302
152.408,58.430,61.569,90.302
150.324,56.942,61.569,90.302
145.860,57.835,61.569,90.302
141.396,56.942,61.569,90.302
138.717,57.239,61.569,90.302
131.872,58.132,61.569,90.302
126.217,56.644,61.569,90.302
120.563,56.942,61.569,90.302
113.122,60.216,61.569,90.302
104.886,59.744,60.256,88.376
101.100,60.035,60.256,88.376
96.730,58.579,60.256,88.376
94.692,58.288,60.256,88.376
93.818,58.579,60.256,88.376
93.526,58.288,60.256,88.376
92.653,58.579,60.256,88.376
92.361,59.453,60.256,88.376
93.235,60.327,60.256,88.376
96.439,60.618,60.256,88.376
106.051,61.492,60.256,88.376
116.246,60.618,60.256,88.376
125.858,58.579,60.256,88.376
129.062,58.870,60.256,88.376
136.926,57.996,60.256,88.376
143.043,58.288,60.256,88.376
149.159,60.909,60.256,88.376
152.363,64.696,60.256,88.376
154.985,76.055,60.256,88.376
157.606,81.589,60.256,88.376
160.228,95.279,60.256,88.376
155.858,106.639,60.256,88.376
151.489,110.425,60.256,88.376
144.790,113.047,60.256,88.376
138.091,109.843,60.256,88.376
122.654,114.212,60.256,88.376
113.624,115.668,60.256,88.376
100.510,112.399,58.971,86.491
93.171,109.750,57.714,84.647
88.677,103.392,56.483,82.842
87.858,96.566,56.483,82.842
88.650,87.435,57.733,84.674
87.813,80.458,57.733,84.674
91.999,78.505,57.733,84.674
96.743,74.877,57.733,84.674
105.394,71.807,57.733,84.674
111.415,69.423,59.010,86.548
121.120,68.761,60.316,88.463
131.325,70.219,60.316,88.463
140.363,69.344,60.316,88.463
149.984,70.802,60.316,88.463
154.941,69.344,60.316,88.463
156.399,69.636,60.316,88.463
157.856,72.260,60.316,88.463
158.148,79.549,60.316,88.463
159.606,87.421,60.316,88.463
156.982,92.377,60.316,88.463
150.276,95.001,60.316,88.463
145.319,97.625,60.316,88.463
137.251,99.974,59.029,86.576
127.264,96.264,59.029,86.576
119.560,99.974,59.029,86.576
113.314,100.072,57.770,84.730
110.430,99.629,56.538,82.923
109.064,93.343,56.538,82.923
109.884,88.151,56.538,82.923
110.704,84.051,56.538,82.923
112.617,80.498,56.538,82.923
116.245,75.895,57.789,84.758
119.373,72.928,59.068,86.633
125.369,70.359,59.068,86.633
135.363,71.215,59.068,86.633
142.501,70.930,59.068,86.633
149.639,71.215,59.068,86.633
153.922,72.072,59.068,86.633
155.920,73.500,59.068,86.633
156.777,77.782,59.068,86.633
155.349,83.207,59.068,86.633
151.066,85.206,59.068,86.633
144.499,84.350,59.068,86.633
136.440,81.910,60.375,88.550
130.311,82.786,60.375,88.550
120.680,79.575,60.375,88.550
112.217,80.451,60.375,88.550
106.088,78.992,60.375,88.550
100.543,77.532,60.375,88.550
96.166,76.657,60.375,88.550
95.874,76.949,60.375,88.550
96.166,80.743,60.375,88.550
97.041,83.953,60.375,88.550
99.084,84.828,60.375,88.550
104.629,85.120,60.375,88.550
108.503,82.021,61.711,90.509
117.750,81.723,61.711,90.509
122.821,81.425,61.711,90.509
131.114,79.495,63.076,92.512
136.907,80.410,63.076,92.512
143.920,81.324,63.076,92.512
146.664,81.629,63.076,92.512
148.188,79.495,63.076,92.512
148.493,76.141,63.076,92.512
148.798,71.567,63.076,92.512
149.713,70.653,63.076,92.512
147.579,70.958,63.076,92.512
145.444,68.823,63.076,92.512
142.090,66.689,63.076,92.512
135.687,66.384,63.076,92.512
129.284,65.469,63.076,92.512
122.272,65.165,63.076,92.512
114.649,66.079,63.076,92.512
108.563,68.535,61.731,90.539
101.103,68.833,61.731,90.539
93.046,67.938,61.731,90.539
87.973,69.430,61.731,90.539
87.078,70.922,61.731,90.539
86.183,73.608,61.731,90.539
87.078,75.697,61.731,90.539
92.747,78.382,61.731,90.539
99.445,83.087,60.414,88.608
109.667,85.715,60.414,88.608
119.888,86.591,60.414,88.608
123.684,84.547,60.414,88.608
134.490,86.591,60.414,88.608
144.711,86.883,60.414,88.608
152.012,87.759,60.414,88.608
156.392,86.883,60.414,88.608
158.437,88.343,60.414,88.608
160.481,88.051,60.414,88.608
161.934,85.556,61.751,90.568
158.650,82.273,61.751,90.568
155.964,78.989,61.751,90.568
150.889,75.109,61.751,90.568
143.427,70.034,61.751,90.568
138.949,68.542,61.751,90.568
132.084,64.064,61.751,90.568
125.815,63.169,61.751,90.568
119.547,64.064,61.751,90.568
112.085,64.363,61.751,90.568
103.428,62.273,61.751,90.568
97.160,61.378,61.751,90.568
94.473,61.079,61.751,90.568
94.772,64.960,61.751,90.568
95.667,68.243,61.751,90.568
98.354,72.124,61.751,90.568
104.025,75.407,61.751,90.568
107.309,76.303,61.751,90.568
114.771,77.198,61.751,90.568
123.069,76.506,63.117,92.572
131.307,77.421,63.117,92.572
141.375,77.116,63.117,92.572
144.121,77.421,63.117,92.572
152.969,78.337,63.117,92.572
158.766,78.031,63.117,92.572
162.085,79.313,61.771,90.598
164.176,79.014,61.771,90.598
162.244,77.390,60.454,88.666
164.874,75.344,60.454,88.666
163.997,72.130,60.454,88.666
165.459,70.084,60.454,88.666
161.075,67.454,60.454,88.666
159.030,64.240,60.454,88.666
157.568,61.025,60.454,88.666
156.692,59.564,60.454,88.666
157.568,59.856,60.454,88.666
157.861,61.902,60.454,88.666
156.984,60.441,60.454,88.666
152.374,57.337,61.792,90.628
150.880,55.247,61.792,90.628
151.126,55.174,63.159,92.633
151.432,55.479,63.159,92.633
150.516,55.784,63.159,92.633
150.821,54.258,63.159,92.633
149.295,55.174,63.159,92.633
150.821,53.037,63.159,92.633
151.126,52.121,63.159,92.633
153.874,53.037,63.159,92.633
155.401,53.342,63.159,92.633
156.927,54.258,63.159,92.633
159.072,53.774,61.812,90.657
159.968,54.670,61.812,90.657
159.669,55.567,61.812,90.657
153.992,53.475,61.812,90.657
152.498,53.177,61.812,90.657
150.407,52.878,61.812,90.657
151.303,53.774,61.812,90.657
150.407,52.878,61.812,90.657
151.303,53.774,61.812,90.657
151.004,53.475,61.812,90.657
151.901,54.372,61.812,90.657
151.004,53.475,61.812,90.657
151.901,54.372,61.812,90.657
151.004,53.475,61.812,90.657
151.303,53.774,61.812,90.657
151.602,52.280,61.812,90.657
154.291,53.177,61.812,90.657
156.966,53.855,60.494,88.724
158.428,55.317,60.494,88.724
159.306,54.440,60.494,88.724
159.598,55.317,60.494,88.724
160.475,55.025,60.494,88.724
