294.000,135.000,44.000,171.000
294.404,138.639,44.000,171.000
294.809,139.852,44.000,171.000
295.213,139.448,44.000,171.000
296.426,139.043,44.000,171.000
297.639,138.639,44.000,171.000
297.235,139.852,44.000,171.000
298.007,137.541,44.973,174.783
298.420,137.954,44.973,174.783
297.180,139.194,44.973,174.783
296.767,137.128,44.973,174.783
295.527,136.714,44.973,174.783
293.460,137.954,44.973,174.783
291.394,137.541,44.973,174.783
289.327,137.128,44.973,174.783
286.434,136.714,44.973,174.783
284.368,137.128,44.973,174.783
282.301,137.541,44.973,174.783
280.235,138.781,44.973,174.783
278.995,139.194,44.973,174.783
277.755,138.781,44.973,174.783
275.689,140.021,44.973,174.783
274.449,138.781,44.973,174.783
273.209,140.021,44.973,174.783
272.796,141.261,44.973,174.783
273.209,140.847,44.973,174.783
272.796,142.914,44.973,174.783
272.382,143.327,44.973,174.783
271.969,142.087,44.973,174.783
271.556,144.154,44.973,174.783
269.489,145.394,44.973,174.783
268.250,147.460,44.973,174.783
267.010,147.873,44.973,174.783
266.596,149.940,44.973,174.783
264.530,149.527,44.973,174.783
262.463,149.940,44.973,174.783
260.397,151.180,44.973,174.783
259.984,149.113,44.973,174.783
259.570,149.527,44.973,174.783
256.677,150.766,44.973,174.783
257.091,150.353,44.973,174.783
255.851,149.940,44.973,174.783
257.091,151.180,44.973,174.783
254.782,154.238,44.014,171.056
257.613,153.834,44.014,171.056
257.692,157.607,43.076,167.408
260.059,157.484,42.157,163.838
261.629,159.605,41.258,160.344
262.767,159.226,41.258,160.344
262.110,159.839,40.378,156.925
262.481,160.210,40.378,156.925
259.142,156.870,40.378,156.925
259.215,159.617,39.517,153.578
258.125,157.801,39.517,153.578
256.309,155.985,39.517,153.578
254.494,156.348,39.517,153.578
253.404,158.890,39.517,153.578
251.588,157.075,39.517,153.578
253.404,155.259,39.517,153.578
250.862,157.801,39.517,153.578
250.499,154.533,39.517,153.578
251.946,150.196,40.392,156.976
250.343,148.075,41.285,160.449
251.482,147.695,41.285,160.449
250.343,148.833,41.285,160.449
251.482,146.178,41.285,160.449
251.861,146.557,41.285,160.449
251.482,146.936,41.285,160.449
250.343,148.075,41.285,160.449
252.999,146.936,41.285,160.449
251.102,145.798,41.285,160.449
252.240,144.660,41.285,160.449
248.067,143.522,41.285,160.449
249.205,143.142,41.285,160.449
249.585,141.245,41.285,160.449
248.446,140.107,41.285,160.449
248.826,140.487,41.285,160.449
249.205,139.348,41.285,160.449
249.585,139.728,41.285,160.449
251.482,138.590,41.285,160.449
249.585,138.969,41.285,160.449
252.240,138.590,41.285,160.449
253.379,138.210,41.285,160.449
252.240,138.590,41.285,160.449
256.414,138.969,41.285,160.449
255.276,137.831,41.285,160.449
257.931,137.451,41.285,160.449
257.552,137.072,41.285,160.449
257.931,135.934,41.285,160.449
259.070,134.796,41.285,160.449
259.449,133.657,41.285,160.449
259.070,132.519,41.285,160.449
260.208,132.140,41.285,160.449
261.346,131.760,41.285,160.449
263.243,133.657,41.285,160.449
263.622,134.796,41.285,160.449
265.519,133.657,41.285,160.449
267.416,134.796,41.285,160.449
270.072,133.657,41.285,160.449
271.969,134.037,41.285,160.449
273.107,133.657,41.285,160.449
272.728,133.278,41.285,160.449
273.107,132.899,41.285,160.449
276.522,133.278,41.285,160.449
280.253,132.429,40.405,157.028
277.110,134.159,41.299,160.502
279.767,172.491,41.299,160.502
280.905,177.425,41.299,160.502
283.992,174.468,42.213,164.053
290.587,178.735,42.213,164.053
294.854,179.123,42.213,164.053
303.000,179.511,42.213,164.053
311.922,181.450,42.213,164.053
317.233,186.565,41.312,160.555
329.762,188.463,41.312,160.555
335.213,187.081,42.226,164.107
344.138,185.917,42.226,164.107
353.063,185.529,42.226,164.107
359.660,185.141,42.226,164.107
366.469,185.768,41.326,160.607
372.165,184.629,41.326,160.607
377.364,187.440,40.445,157.182
383.169,188.041,39.582,153.830
387.898,189.132,39.582,153.830
393.121,185.543,40.458,157.234
399.441,186.659,40.458,157.234
404.275,189.261,40.458,157.234
408.365,185.915,40.458,157.234
412.454,187.031,40.458,157.234
415.057,186.659,40.458,157.234
419.890,185.543,40.458,157.234
434.390,184.428,40.458,157.234
441.454,185.543,40.458,157.234
447.775,185.915,40.458,157.234
450.378,185.543,40.458,157.234
454.467,188.146,40.458,157.234
457.491,184.478,41.353,160.713
460.151,182.578,41.353,160.713
462.812,182.198,41.353,160.713
466.992,181.818,41.353,160.713
472.692,185.238,41.353,160.713
478.393,183.338,41.353,160.713
481.813,182.198,41.353,160.713
487.513,181.058,41.353,160.713
493.213,180.678,41.353,160.713
497.394,177.257,41.353,160.713
500.814,176.117,41.353,160.713
508.034,176.497,41.353,160.713
515.068,179.057,42.268,164.268
522.448,182.552,42.268,164.268
528.275,185.271,42.268,164.268
531.434,181.439,43.203,167.903
535.007,183.424,43.203,167.903
537.786,176.675,43.203,167.903
541.016,174.406,44.159,171.618
543.856,177.246,44.159,171.618
547.157,174.085,45.136,175.415
549.231,176.159,45.136,175.415
553.310,180.827,44.173,171.674
558.588,182.045,44.173,171.674
564.928,186.615,43.231,168.013
572.476,187.807,43.231,168.013
577.641,189.793,43.231,168.013
582.805,190.190,43.231,168.013
587.176,188.998,43.231,168.013
589.957,187.807,43.231,168.013
591.148,188.204,43.231,168.013
594.724,188.601,43.231,168.013
596.710,188.998,43.231,168.013
598.697,186.217,43.231,168.013
599.889,185.025,43.231,168.013
601.875,186.217,43.231,168.013
601.478,186.615,43.231,168.013
603.854,188.023,42.309,164.430
604.242,186.079,42.309,164.430
607.317,187.458,41.407,160.924
604.653,190.121,41.407,160.924
602.750,192.785,41.407,160.924
607.697,191.643,41.407,160.924
605.795,191.263,41.407,160.924
603.131,193.165,41.407,160.924
608.839,196.590,41.407,160.924
605.617,200.732,42.323,164.484
577.306,204.965,43.260,168.123
574.765,206.817,44.217,171.843
571.325,198.593,45.195,175.645
575.893,194.024,45.195,175.645
573.817,196.931,45.195,175.645
577.555,199.008,45.195,175.645
581.293,203.576,45.195,175.645
583.809,196.032,46.195,179.531
589.328,198.154,46.195,179.531
592.299,201.975,46.195,179.531
591.026,206.645,46.195,179.531
588.903,213.012,46.195,179.531
586.190,204.420,47.217,183.503
591.831,197.911,47.217,183.503
587.926,203.552,47.217,183.503
584.888,196.175,47.217,183.503
583.587,204.420,47.217,183.503
582.285,210.928,47.217,183.503
583.587,205.288,47.217,183.503
583.153,201.382,47.217,183.503
581.851,197.477,47.217,183.503
585.282,204.034,46.210,179.590
586.556,200.212,46.210,179.590
585.282,194.692,46.210,179.590
589.104,196.815,46.210,179.590
592.076,190.445,46.210,179.590
595.049,187.473,46.210,179.590
590.573,177.996,47.233,183.563
593.611,166.276,47.233,183.563
592.309,157.161,47.233,183.563
595.347,150.650,47.233,183.563
597.518,145.008,47.233,183.563
599.688,139.365,47.233,183.563
600.990,133.722,47.233,183.563
604.028,128.948,47.233,183.563
604.462,125.041,47.233,183.563
604.028,122.871,47.233,183.563
605.331,120.701,47.233,183.563
606.633,117.662,47.233,183.563
605.881,120.875,46.225,179.649
608.855,117.051,46.225,179.649
608.938,121.014,45.240,175.818
612.226,123.290,44.275,172.068
612.306,125.517,43.331,168.399
611.616,131.534,42.407,164.808
610.190,141.179,41.502,161.293
613.206,162.382,40.617,157.854
513.545,177.686,40.617,157.854
510.021,180.449,39.751,154.487
508.684,183.152,38.903,151.193
506.181,183.510,38.903,151.193
506.941,182.020,38.074,147.969
503.092,183.770,38.074,147.969
499.943,185.519,38.074,147.969
497.988,188.109,37.262,144.813
496.961,189.136,37.262,144.813
496.368,191.670,36.467,141.725
495.142,194.150,35.690,138.703
493.502,194.478,35.690,138.703
491.206,195.462,35.690,138.703
488.910,195.790,35.690,138.703
486.615,196.118,35.690,138.703
486.679,197.913,34.928,135.745
483.148,198.876,34.928,135.745
480.901,198.555,34.928,135.745
480.182,194.723,35.701,138.748
474.681,193.528,36.491,141.818
381.383,197.178,37.299,144.956
365.959,187.238,37.299,144.956
363.768,181.722,38.124,148.163
367.345,181.901,38.967,151.441
369.514,178.368,39.829,154.792
372.808,180.198,39.829,154.792
374.267,176.587,40.711,158.216
376.885,177.709,40.711,158.216
378.756,175.839,40.711,158.216
381.799,175.253,41.611,161.717
383.711,174.106,41.611,161.717
386.388,174.488,41.611,161.717
387.911,172.302,42.532,165.295
389.865,174.257,42.532,165.295
391.038,171.521,42.532,165.295
392.992,171.911,42.532,165.295
394.165,169.957,42.532,165.295
395.337,171.911,42.532,165.295
395.728,170.739,42.532,165.295
397.683,174.257,42.532,165.295
398.073,176.993,42.532,165.295
397.683,177.383,42.532,165.295
398.429,176.771,43.473,168.952
400.020,175.317,44.435,172.690
401.245,176.542,44.435,172.690
403.287,175.317,44.435,172.690
406.145,174.092,44.435,172.690
409.004,172.867,44.435,172.690
411.045,172.458,44.435,172.690
414.720,171.233,44.435,172.690
418.396,170.825,44.435,172.690
421.254,171.233,44.435,172.690
424.112,171.642,44.435,172.690
426.154,172.050,44.435,172.690
428.196,170.825,44.435,172.690
429.823,170.186,45.418,176.511
430.240,167.264,45.418,176.511
433.162,166.012,45.418,176.511
434.414,168.099,45.418,176.511
436.942,166.579,46.423,180.416
435.986,164.141,47.450,184.408
438.167,164.577,47.450,184.408
437.731,164.141,47.450,184.408
435.550,161.088,47.450,184.408
435.986,164.141,47.450,184.408
433.806,162.833,47.450,184.408
431.626,163.269,47.450,184.408
430.318,166.321,47.450,184.408
427.265,165.885,47.450,184.408
425.085,168.065,47.450,184.408
421.161,168.501,47.450,184.408
416.364,167.193,47.450,184.408
412.439,166.757,47.450,184.408
408.515,167.193,47.450,184.408
404.591,166.757,47.450,184.408
402.410,167.193,47.450,184.408
400.230,165.013,47.450,184.408
399.794,166.321,47.450,184.408
397.614,165.885,47.450,184.408
396.306,165.449,47.450,184.408
395.869,165.885,47.450,184.408
395.433,162.833,47.450,184.408
395.869,165.013,47.450,184.408
395.433,161.960,47.450,184.408
396.742,162.396,47.450,184.408
395.433,161.088,47.450,184.408
396.742,160.652,47.450,184.408
397.178,161.088,47.450,184.408
399.358,160.652,47.450,184.408
399.794,161.088,47.450,184.408
401.102,161.524,47.450,184.408
401.538,162.833,47.450,184.408
401.974,165.013,47.450,184.408
403.282,164.577,47.450,184.408
404.591,167.629,47.450,184.408
402.410,164.577,47.450,184.408
404.591,163.269,47.450,184.408
401.804,158.062,48.500,188.488
401.358,154.050,48.500,188.488
401.284,149.653,49.573,192.658
405.384,154.664,49.573,192.658
402.195,153.298,49.573,192.658
405.384,150.109,49.573,192.658
403.418,149.395,50.670,196.921
405.746,147.067,50.670,196.921
401.555,147.533,50.670,196.921
406.677,147.999,50.670,196.921
409.005,150.327,50.670,196.921
406.677,147.067,50.670,196.921
409.936,147.533,50.670,196.921
409.471,147.999,50.670,196.921
411.799,145.670,50.670,196.921
413.196,147.999,50.670,196.921
414.593,145.670,50.670,196.921
417.852,147.067,50.670,196.921
412.730,146.602,50.670,196.921
414.127,146.136,50.670,196.921
410.868,144.739,50.670,196.921
406.677,144.273,50.670,196.921
409.005,145.670,50.670,196.921
402.021,140.548,50.670,196.921
398.761,141.945,50.670,196.921
397.364,139.617,50.670,196.921
391.311,138.220,50.670,196.921
387.120,138.686,50.670,196.921
385.723,136.358,50.670,196.921
381.532,137.754,50.670,196.921
379.204,134.495,50.670,196.921
376.876,135.892,50.670,196.921
373.617,133.564,50.670,196.921
373.151,132.167,50.670,196.921
370.823,133.564,50.670,196.921
367.563,132.167,50.670,196.921
368.960,133.564,50.670,196.921
365.701,131.236,50.670,196.921
366.166,132.632,50.670,196.921
366.632,130.304,50.670,196.921
366.166,128.907,50.670,196.921
364.769,129.373,50.670,196.921
366.166,126.113,50.670,196.921
363.838,126.579,50.670,196.921
363.372,123.320,50.670,196.921
363.838,122.854,50.670,196.921
361.510,121.457,50.670,196.921
363.838,122.854,50.670,196.921
360.579,120.526,50.670,196.921
362.907,122.854,50.670,196.921
359.647,119.595,50.670,196.921
361.975,120.060,50.670,196.921
360.579,121.457,50.670,196.921
359.182,120.991,50.670,196.921
358.716,121.457,50.670,196.921
357.319,120.991,50.670,196.921
357.785,121.457,50.670,196.921
355.457,121.923,50.670,196.921
355.922,121.457,50.670,196.921
353.594,122.854,50.670,196.921
352.197,123.320,50.670,196.921
350.800,124.717,50.670,196.921
348.472,126.113,50.670,196.921
348.938,129.373,50.670,196.921
345.678,129.839,50.670,196.921
343.350,130.304,50.670,196.921
343.816,131.701,50.670,196.921
339.625,127.510,50.670,196.921
337.297,129.839,50.670,196.921
334.037,126.579,50.670,196.921
331.709,127.976,50.670,196.921
328.449,125.648,50.670,196.921
326.121,127.045,50.670,196.921
322.862,129.373,50.670,196.921
319.602,130.770,50.670,196.921
318.205,132.167,50.670,196.921
315.877,134.495,50.670,196.921
312.618,134.961,50.670,196.921
310.290,135.426,50.670,196.921
307.030,137.755,50.670,196.921
303.771,134.495,50.670,196.921
300.511,136.823,50.670,196.921
298.183,133.564,50.670,196.921
294.923,134.961,50.670,196.921
294.458,132.632,50.670,196.921
296.786,134.029,50.670,196.921
295.389,130.770,50.670,196.921
295.855,132.167,50.670,196.921
291.664,132.633,50.670,196.921
293.061,133.098,50.670,196.921
287.939,134.495,50.670,196.921
286.542,134.961,50.670,196.921
289.801,135.426,50.670,196.921
283.748,134.029,50.670,196.921
286.076,135.426,50.670,196.921
286.542,134.961,50.670,196.921
281.420,133.564,50.670,196.921
282.817,134.961,50.670,196.921
279.557,136.358,50.670,196.921
278.160,137.755,50.670,196.921
278.626,135.426,50.670,196.921
275.366,138.686,50.670,196.921
275.832,140.083,50.670,196.921
274.435,137.755,50.670,196.921
274.901,141.014,50.670,196.921
272.573,139.617,50.670,196.921
273.970,137.289,50.670,196.921
269.061,136.560,51.791,201.278
271.441,133.228,51.791,201.278
266.205,137.512,51.791,201.278
268.585,133.228,51.791,201.278
265.254,136.560,51.791,201.278
268.585,135.132,51.791,201.278
266.205,137.512,51.791,201.278
269.537,137.036,51.791,201.278
269.061,139.415,51.791,201.278
272.393,138.940,51.791,201.278
270.013,142.271,51.791,201.278
273.345,141.795,51.791,201.278
272.869,141.319,51.791,201.278
277.152,143.699,51.791,201.278
278.580,141.319,51.791,201.278
280.960,143.699,51.791,201.278
282.387,139.415,51.791,201.278
280.960,143.699,51.791,201.278
283.339,138.464,51.791,201.278
282.863,139.891,51.791,201.278
283.339,136.560,51.791,201.278
280.960,136.084,51.791,201.278
282.387,134.656,51.791,201.278
278.104,137.036,51.791,201.278
277.628,139.415,51.791,201.278
275.248,141.795,51.791,201.278
272.869,143.223,51.791,201.278
272.393,143.699,51.791,201.278
270.013,143.223,51.791,201.278
269.537,144.651,51.791,201.278
267.157,140.367,51.791,201.278
265.730,139.891,51.791,201.278
264.302,142.271,51.791,201.278
261.922,137.988,51.791,201.278
262.398,139.415,51.791,201.278
260.018,137.036,51.791,201.278
261.446,138.464,51.791,201.278
260.018,138.940,51.791,201.278
259.542,141.319,51.791,201.278
260.970,144.651,51.791,201.278
261.446,146.079,51.791,201.278
260.970,147.507,51.791,201.278
262.398,147.031,51.791,201.278
262.874,152.266,51.791,201.278
265.254,153.694,51.791,201.278
264.778,153.218,51.791,201.278
267.157,156.549,51.791,201.278
266.681,153.218,51.791,201.278
268.109,156.549,51.791,201.278
264.778,152.266,51.791,201.278
265.254,152.742,51.791,201.278
262.874,151.314,51.791,201.278
262.398,147.982,51.791,201.278
260.018,149.410,51.791,201.278
260.494,145.127,51.791,201.278
258.114,146.555,51.791,201.278
254.783,142.271,51.791,201.278
253.355,138.940,51.791,201.278
250.975,136.560,51.791,201.278
250.499,134.180,51.791,201.278
249.072,132.752,51.791,201.278
247.644,130.373,51.791,201.278
246.216,131.800,51.791,201.278
244.788,129.421,51.791,201.278
245.264,128.945,51.791,201.278
243.836,128.469,51.791,201.278
245.264,126.089,51.791,201.278
244.788,127.517,51.791,201.278
246.216,125.137,51.791,201.278
247.644,126.565,51.791,201.278
248.120,124.185,51.791,201.278
249.548,124.661,51.791,201.278
251.927,122.282,51.791,201.278
253.355,123.709,51.791,201.278
252.879,120.378,51.791,201.278
254.307,117.046,51.791,201.278
254.783,118.474,51.791,201.278
255.259,114.191,51.791,201.278
256.687,112.763,51.791,201.278
259.066,109.431,51.791,201.278
258.590,108.003,51.791,201.278
260.018,107.527,51.791,201.278
261.446,105.148,51.791,201.278
260.018,104.672,51.791,201.278
262.398,103.244,51.791,201.278
260.018,103.720,51.791,201.278
262.398,101.340,51.791,201.278
259.066,103.720,51.791,201.278
261.446,100.388,51.791,201.278
259.066,98.008,51.791,201.278
259.542,102.292,51.791,201.278
260.018,98.960,51.791,201.278
258.590,102.292,51.791,201.278
259.066,98.960,51.791,201.278
256.687,101.340,51.791,201.278
257.163,99.912,51.791,201.278
255.735,99.436,51.791,201.278
257.163,97.057,51.791,201.278
254.783,96.581,51.791,201.278
256.211,93.249,51.791,201.278
254.783,91.821,51.791,201.278
257.163,87.538,51.791,201.278
253.831,85.158,51.791,201.278
257.163,81.826,51.791,201.278
253.831,80.399,51.791,201.278
254.307,77.067,51.791,201.278
253.831,76.591,51.791,201.278
251.451,74.211,51.791,201.278
250.023,72.784,51.791,201.278
247.644,71.356,51.791,201.278
245.264,71.832,51.791,201.278
243.836,69.452,51.791,201.278
244.312,68.024,51.791,201.278
241.932,70.404,51.791,201.278
244.312,67.072,51.791,201.278
240.981,68.500,51.791,201.278
243.360,65.168,51.791,201.278
239.077,66.596,51.791,201.278
243.360,62.313,51.791,201.278
238.125,60.885,51.791,201.278
240.505,58.505,51.791,201.278
239.077,55.174,51.791,201.278
240.505,51.842,51.791,201.278
238.125,48.510,51.791,201.278
237.649,44.227,51.791,201.278
238.125,43.751,51.791,201.278
235.745,41.371,51.791,201.278
238.125,38.040,51.791,201.278
233.841,40.419,51.791,201.278
237.173,35.184,51.791,201.278
231.938,39.467,51.791,201.278
236.221,34.232,51.791,201.278
230.034,38.516,51.791,201.278
234.317,33.280,51.791,201.278
228.130,38.516,51.791,201.278
231.462,35.184,51.791,201.278
227.178,38.516,51.791,201.278
231.462,34.232,51.791,201.278
226.226,35.660,51.791,201.278
228.606,32.328,51.791,201.278
227.178,29.949,51.791,201.278
226.702,29.473,51.791,201.278
225.275,28.045,51.791,201.278
226.702,27.569,51.791,201.278
227.178,24.237,51.791,201.278
224.799,23.761,51.791,201.278
228.130,18.526,51.791,201.278
224.799,16.146,51.791,201.278
227.178,16.622,51.791,201.278
224.799,12.339,51.791,201.278
227.178,15.670,51.791,201.278
223.847,11.387,51.791,201.278
226.226,13.767,51.791,201.278
223.847,13.291,51.791,201.278
225.275,13.767,51.791,201.278
227.203,16.371,50.686,196.985
226.737,15.906,50.686,196.985
225.340,18.235,50.686,196.985
229.023,19.886,49.605,192.785
227.655,21.254,49.605,192.785
228.111,23.533,49.605,192.785
227.655,23.077,49.605,192.785
227.199,24.445,49.605,192.785
225.832,24.901,49.605,192.785
227.199,22.621,49.605,192.785
223.097,19.430,49.605,192.785
227.199,20.798,49.605,192.785
221.273,16.695,49.605,192.785
226.635,21.826,48.548,188.673
222.620,17.811,48.548,188.673
225.743,21.826,48.548,188.673
221.728,20.488,48.548,188.673
223.959,22.719,48.548,188.673
224.405,23.165,48.548,188.673
226.635,26.288,48.548,188.673
227.082,26.734,48.548,188.673
226.635,28.965,48.548,188.673
228.866,32.088,48.548,188.673
226.635,35.210,48.548,188.673
230.163,39.372,47.512,184.650
230.600,42.429,47.512,184.650
232.369,48.185,46.499,180.712
232.796,49.467,46.499,180.712
234.078,50.749,46.499,180.712
236.215,52.031,46.499,180.712
239.206,50.749,46.499,180.712
243.052,52.031,46.499,180.712
246.898,49.894,46.499,180.712
249.889,48.612,46.499,180.712
252.880,47.330,46.499,180.712
256.726,47.758,46.499,180.712
258.862,48.185,46.499,180.712
260.999,46.903,46.499,180.712
263.135,48.185,46.499,180.712
260.999,47.758,46.499,180.712
263.135,50.749,46.499,180.712
266.127,50.322,46.499,180.712
269.118,51.604,46.499,180.712
271.254,52.886,46.499,180.712
265.699,55.877,46.499,180.712
266.981,55.449,46.499,180.712
269.118,56.731,46.499,180.712
270.400,56.304,46.499,180.712
270.827,55.022,46.499,180.712
268.440,54.890,45.507,176.858
267.185,52.799,45.507,176.858
269.276,49.871,45.507,176.858
265.512,46.107,45.507,176.858
267.603,45.689,45.507,176.858
268.402,38.960,46.514,180.771
265.409,35.968,46.514,180.771
266.692,34.686,46.514,180.771
267.119,33.403,46.514,180.771
268.402,31.266,46.514,180.771
269.684,32.548,46.514,180.771
271.416,33.240,45.522,176.916
273.508,34.495,45.522,176.916
276.436,35.750,45.522,176.916
279.364,36.168,45.522,176.916
280.619,35.750,45.522,176.916
283.548,36.168,45.522,176.916
286.476,38.260,45.522,176.916
289.404,39.515,45.522,176.916
292.712,38.579,44.552,173.144
294.759,35.713,44.552,173.144
296.807,37.760,44.552,173.144
299.672,35.713,44.552,173.144
299.263,36.941,44.552,173.144
299.672,34.894,44.552,173.144
303.357,38.579,44.552,173.144
302.948,36.532,44.552,173.144
304.995,39.398,44.552,173.144
307.042,37.350,44.552,173.144
308.270,41.035,44.552,173.144
308.680,41.445,44.552,173.144
310.727,43.492,44.552,173.144
310.317,43.901,44.552,173.144
311.546,44.311,44.552,173.144
311.955,41.445,44.552,173.144
312.035,43.685,43.601,169.451
312.436,40.881,43.601,169.451
312.515,39.984,42.672,165.838
311.338,41.945,42.672,165.838
313.299,39.984,42.672,165.838
314.475,37.239,42.672,165.838
314.868,36.847,42.672,165.838
316.828,35.670,42.672,165.838
317.220,35.278,42.672,165.838
316.828,36.455,42.672,165.838
318.005,35.278,42.672,165.838
318.397,34.886,42.672,165.838
316.436,36.063,42.672,165.838
316.044,37.239,42.672,165.838
316.436,36.847,42.672,165.838
316.828,38.023,42.672,165.838
318.391,38.223,43.616,169.507
319.593,41.029,43.616,169.507
322.399,43.834,43.616,169.507
324.403,48.243,43.616,169.507
327.209,47.843,43.616,169.507
328.411,45.037,43.616,169.507
332.018,47.843,43.616,169.507
334.415,45.400,42.686,165.892
337.517,47.547,41.775,162.354
340.972,44.092,41.775,162.354
343.659,44.476,41.775,162.354
344.811,41.789,41.775,162.354
345.963,42.173,41.775,162.354
346.695,39.182,42.700,165.946
347.873,39.574,42.700,165.946
348.265,39.182,42.700,165.946
347.873,38.789,42.700,165.946
348.265,39.182,42.700,165.946
348.657,41.144,42.700,165.946
350.619,43.890,42.700,165.946
351.797,48.207,42.700,165.946
352.974,48.599,42.700,165.946
354.151,48.207,42.700,165.946
354.228,52.624,41.789,162.408
356.916,49.167,41.789,162.408
357.732,47.568,40.898,158.944
360.363,44.937,40.898,158.944
362.640,44.348,41.803,162.461
363.024,40.123,41.803,162.461
364.945,37.434,41.803,162.461
366.097,33.976,41.803,162.461
367.250,32.055,41.803,162.461
369.939,31.671,41.803,162.461
373.064,28.678,42.728,166.055
366.388,24.359,42.728,166.055
369.922,23.181,42.728,166.055
365.603,20.433,42.728,166.055
370.426,22.262,43.673,169.729
372.025,19.135,44.639,173.484
366.692,17.084,44.639,173.484
370.384,18.315,44.639,173.484
368.333,18.725,44.639,173.484
369.967,18.083,45.627,177.323
366.194,16.825,45.627,177.323
366.994,13.558,46.636,181.246
364.851,14.844,46.636,181.246
363.891,11.505,47.668,185.256
365.205,14.571,47.668,185.256
358.634,10.629,47.668,185.256
360.824,11.943,47.668,185.256
362.138,15.009,47.668,185.256
363.453,17.200,47.668,185.256
358.634,16.761,47.668,185.256
360.379,14.258,48.723,189.355
360.827,16.496,48.723,189.355
357.965,13.008,49.801,193.544
359.338,15.296,49.801,193.544
356.134,13.923,49.801,193.544
358.423,18.042,49.801,193.544
358.880,15.754,49.801,193.544
360.253,14.381,49.801,193.544
357.965,13.923,49.801,193.544
357.507,13.466,49.801,193.544
356.134,12.093,49.801,193.544
357.008,7.577,50.903,197.827
356.930,1.021,52.029,202.203
357.843,-6.672,53.180,206.677
359.790,-11.494,54.357,211.250
360.743,-14.349,55.559,215.924
357.169,-9.754,55.559,215.924
359.722,-15.370,55.559,215.924
360.233,-11.796,55.559,215.924
357.680,-7.201,55.559,215.924
360.233,-14.860,55.559,215.924
360.148,-11.421,56.789,220.701
361.713,-17.162,56.789,220.701
362.235,-11.421,56.789,220.701
363.801,-18.206,56.789,220.701
363.279,-12.465,56.789,220.701
364.845,-19.250,56.789,220.701
362.235,-12.465,56.789,220.701
359.626,-5.681,56.789,220.701
362.788,-15.161,58.045,225.584
357.987,-8.227,58.045,225.584
360.654,-11.961,58.045,225.584
354.786,-6.093,58.045,225.584
358.520,-10.894,58.045,225.584
359.054,-12.494,58.045,225.584
359.587,-15.161,58.045,225.584
362.254,-21.029,58.045,225.584
353.105,-12.968,56.807,220.774
344.150,-4.073,55.596,216.065
347.726,-10.714,55.596,216.065
339.948,-2.009,54.410,211.458
341.448,-6.509,54.410,211.458
335.763,3.939,53.250,206.948
337.745,1.900,52.114,202.535
335.070,9.138,51.003,198.216
333.355,8.089,49.915,193.989
332.561,9.715,48.851,189.852
330.918,13.903,47.809,185.803
328.721,14.342,47.809,185.803
327.403,16.539,47.809,185.803
325.796,17.250,46.790,181.841
325.880,17.945,45.792,177.963
325.152,20.249,44.815,174.168
323.645,24.884,43.860,170.454
323.242,22.869,43.860,170.454
322.032,24.078,43.860,170.454
320.558,25.507,42.924,166.819
319.114,25.385,42.009,163.262
318.446,29.730,41.113,159.780
315.801,27.086,41.113,159.780
314.668,28.975,41.113,159.780
311.829,28.858,40.236,156.373
312.938,29.227,40.236,156.373
308.871,28.118,40.236,156.373
309.980,30.706,40.236,156.373
306.652,27.379,40.236,156.373
308.501,31.446,40.236,156.373
303.694,25.900,40.236,156.373
305.543,29.227,40.236,156.373
301.475,25.160,40.236,156.373
304.064,29.967,40.236,156.373
298.517,25.160,40.236,156.373
300.366,28.488,40.236,156.373
294.080,24.420,40.236,156.373
294.153,26.444,39.378,153.038
291.620,26.806,39.378,153.038
288.363,26.444,39.378,153.038
285.830,28.254,39.378,153.038
286.915,30.063,39.378,153.038
285.830,31.149,39.378,153.038
284.744,32.958,39.378,153.038
284.382,34.044,39.378,153.038
281.849,34.405,39.378,153.038
282.935,36.215,39.378,153.038
283.297,34.405,39.378,153.038
284.382,36.939,39.378,153.038
281.849,35.853,39.378,153.038
283.659,34.767,39.378,153.038
282.573,37.300,39.378,153.038
283.659,39.110,39.378,153.038
283.297,40.195,39.378,153.038
285.106,36.215,39.378,153.038
286.192,39.472,39.378,153.038
285.106,41.281,39.378,153.038
286.192,43.814,39.378,153.038
283.659,39.110,39.378,153.038
284.020,42.367,39.378,153.038
285.106,39.834,39.378,153.038
284.020,39.472,39.378,153.038
284.382,36.939,39.378,153.038
282.573,38.748,39.378,153.038
283.659,35.491,39.378,153.038
284.020,38.024,39.378,153.038
284.382,36.215,39.378,153.038
281.849,39.472,39.378,153.038
284.382,38.386,39.378,153.038
282.573,41.643,39.378,153.038
285.830,36.939,39.378,153.038
283.808,43.105,38.538,149.774
286.287,39.917,38.538,149.774
288.058,41.688,38.538,149.774
289.829,37.792,38.538,149.774
291.264,43.827,37.717,146.580
294.383,39.321,37.717,146.580
296.456,45.227,36.912,143.454
299.509,41.496,36.912,143.454
302.562,41.156,36.912,143.454
304.936,43.531,36.912,143.454
307.311,41.156,36.912,143.454
308.685,45.629,36.125,140.395
310.345,43.305,36.125,140.395
312.005,44.965,36.125,140.395
312.710,49.342,35.355,137.401
314.653,48.614,34.601,134.471
317.167,53.420,33.863,131.604
317.478,49.996,33.863,131.604
319.939,53.499,33.141,128.797
321.462,51.977,33.141,128.797
322.984,54.718,33.141,128.797
325.116,53.804,33.141,128.797
326.639,56.545,33.141,128.797
328.162,55.022,33.141,128.797
329.076,55.327,33.141,128.797
329.989,55.631,33.141,128.797
331.512,52.281,33.141,128.797
332.746,56.296,32.434,126.050
333.640,56.594,32.434,126.050
337.146,59.375,31.742,123.362
337.438,59.667,31.742,123.362
340.063,60.542,31.742,123.362
341.522,60.833,31.742,123.362
342.397,62.292,31.742,123.362
343.579,64.451,31.065,120.732
345.006,62.452,31.065,120.732
347.576,64.451,31.065,120.732
349.003,60.739,31.065,120.732
349.609,63.403,30.403,118.157
351.280,65.470,29.755,115.637
352.100,66.291,29.755,115.637
353.468,64.924,29.755,115.637
354.835,66.291,29.755,115.637
356.749,66.564,29.755,115.637
357.857,67.006,29.120,113.171
360.489,68.987,28.499,110.758
363.064,69.915,27.891,108.396
365.371,71.197,27.891,108.396
365.115,72.479,27.891,108.396
367.934,71.710,27.891,108.396
370.754,73.504,27.891,108.396
375.111,75.298,27.891,108.396
381.006,80.168,27.891,108.396
385.364,85.551,27.891,108.396
385.107,83.244,27.891,108.396
386.389,78.374,27.891,108.396
387.158,73.504,27.891,108.396
388.952,71.197,27.891,108.396
391.771,71.453,27.891,108.396
394.591,71.710,27.891,108.396
396.898,70.428,27.891,108.396
398.179,69.147,27.891,108.396
398.948,68.378,27.891,108.396
400.742,68.121,27.891,108.396
401.511,67.352,27.891,108.396
402.793,69.147,27.891,108.396
402.349,69.561,27.297,106.084
402.098,68.307,27.297,106.084
402.851,71.066,27.297,106.084
401.597,72.321,27.297,106.084
400.342,72.571,27.297,106.084
398.586,72.321,27.297,106.084
398.336,73.073,27.297,106.084
396.580,74.327,27.297,106.084
395.325,75.582,27.297,106.084
393.570,74.829,27.297,106.084
392.817,75.080,27.297,106.084
394.071,75.832,27.297,106.084
393.319,77.087,27.297,106.084
393.068,79.344,27.297,106.084
392.817,82.104,27.297,106.084
393.570,84.863,27.297,106.084
392.817,85.615,27.297,106.084
392.566,87.371,27.297,106.084
392.315,91.134,27.297,106.084
391.563,91.887,27.297,106.084
391.312,94.144,27.297,106.084
390.559,95.900,27.297,106.084
389.807,96.653,27.297,106.084
389.054,97.907,27.297,106.084
387.298,98.660,27.297,106.084
387.048,99.914,27.297,106.084
387.097,103.221,26.714,103.822
386.672,105.511,26.145,101.608
386.719,109.142,25.587,99.441
386.484,110.318,25.587,99.441
388.343,113.418,25.042,97.321
388.388,117.339,24.508,95.245
389.064,117.564,24.508,95.245
389.977,119.231,23.985,93.214
390.855,118.886,24.516,95.276
391.981,118.660,24.516,95.276
393.814,117.373,25.058,97.384
395.426,117.142,25.058,97.384
396.821,116.304,25.612,99.539
398.247,115.447,26.179,101.741
399.931,116.169,26.179,101.741
401.615,116.891,26.179,101.741
403.780,117.131,26.179,101.741
405.464,115.447,26.179,101.741
403.780,116.650,26.179,101.741
404.983,117.853,26.179,101.741
403.299,118.575,26.179,101.741
404.502,119.296,26.179,101.741
402.818,120.018,26.179,101.741
402.096,121.702,26.179,101.741
399.931,122.424,26.179,101.741
398.728,124.108,26.179,101.741
399.450,126.273,26.179,101.741
397.284,127.957,26.179,101.741
395.119,131.085,26.179,101.741
396.078,132.705,26.758,103.992
396.324,135.901,26.758,103.992
397.061,139.098,26.758,103.992
396.324,141.311,26.758,103.992
394.110,143.524,26.758,103.992
391.406,145.246,26.758,103.992
389.192,145.983,26.758,103.992
387.963,146.721,26.758,103.992
385.750,147.459,26.758,103.992
383.537,146.721,26.758,103.992
383.783,147.951,26.758,103.992
383.045,145.246,26.758,103.992
382.307,144.016,26.758,103.992
380.094,147.213,26.758,103.992
380.340,145.492,26.758,103.992
380.586,148.197,26.758,103.992
381.815,149.918,26.758,103.992
381.078,147.705,26.758,103.992
379.848,148.934,26.758,103.992
377.635,146.229,26.758,103.992
375.914,144.508,26.758,103.992
374.684,145.246,26.758,103.992
376.406,142.541,26.758,103.992
377.635,140.819,26.758,103.992
375.914,139.098,26.758,103.992
375.668,138.360,26.758,103.992
376.406,139.098,26.758,103.992
377.635,137.869,26.758,103.992
374.930,140.082,26.758,103.992
375.668,138.360,26.758,103.992
376.406,139.098,26.758,103.992
378.127,139.836,26.758,103.992
378.373,142.049,26.758,103.992
378.842,142.684,27.350,106.293
379.843,141.769,27.955,108.645
381.400,142.433,28.574,111.049
382.991,142.567,29.206,113.506
383.796,145.519,29.206,113.506
385.422,146.213,29.852,116.017
387.343,147.036,29.852,116.017
389.263,148.407,29.852,116.017
390.086,149.779,29.852,116.017
390.040,148.780,30.513,118.584
392.564,149.622,30.513,118.584
391.935,147.437,31.188,121.208
392.482,145.799,31.878,123.889
394.257,145.340,32.583,126.630
394.557,147.436,32.583,126.630
394.856,146.538,32.583,126.630
395.428,144.205,33.304,129.432
396.958,142.063,33.304,129.432
396.907,141.583,34.041,132.296
399.452,141.093,34.794,135.223
399.771,142.053,34.794,135.223
400.731,141.733,34.794,135.223
403.331,140.569,35.564,138.214
403.658,141.549,35.564,138.214
407.253,141.222,35.564,138.214
408.887,142.203,35.564,138.214
410.189,139.657,36.351,141.272
412.213,136.361,37.155,144.398
413.238,137.385,37.155,144.398
414.262,138.410,37.155,144.398
415.286,140.117,37.155,144.398
416.646,140.291,37.977,147.593
417.313,138.296,38.817,150.858
414.292,136.257,39.676,154.196
415.386,137.351,39.676,154.196
414.569,133.753,40.554,157.608
413.734,130.077,41.451,161.095
412.591,131.219,41.451,161.095
410.686,129.315,41.451,161.095
412.994,127.137,42.368,164.659
408.711,128.306,42.368,164.659
413.773,128.695,42.368,164.659
409.490,127.527,42.368,164.659
411.437,130.252,42.368,164.659
411.826,128.306,42.368,164.659
408.322,127.137,42.368,164.659
412.297,124.104,43.306,168.302
415.879,122.910,43.306,168.302
413.093,124.900,43.306,168.302
416.330,124.277,44.264,172.026
418.794,123.640,45.243,175.832
420.042,124.056,45.243,175.832
420.457,123.640,45.243,175.832
420.873,123.224,45.243,175.832
421.289,121.145,45.243,175.832
421.705,121.561,45.243,175.832
425.447,121.145,45.243,175.832
426.694,121.561,45.243,175.832
426.278,122.808,45.243,175.832
420.873,123.224,45.243,175.832
422.952,125.303,45.243,175.832
420.042,126.550,45.243,175.832
423.784,129.461,45.243,175.832
426.303,129.672,46.244,179.722
428.877,125.480,47.267,183.699
431.049,129.389,47.267,183.699
434.090,126.348,47.267,183.699
434.524,130.258,47.267,183.699
434.959,128.086,47.267,183.699
437.131,128.520,47.267,183.699
439.302,129.823,47.267,183.699
441.474,128.520,47.267,183.699
442.777,124.611,47.267,183.699
444.949,120.702,47.267,183.699
447.121,115.923,47.267,183.699
447.556,117.227,47.267,183.699
447.121,113.317,47.267,183.699
442.542,113.538,48.313,187.763
443.390,111.922,49.382,191.917
439.548,111.211,50.475,196.163
440.433,111.447,51.592,200.503
438.063,113.818,51.592,200.503
436.640,116.189,51.592,200.503
433.321,120.456,51.592,200.503
435.210,120.697,52.733,204.940
437.141,121.949,53.900,209.474
432.683,125.416,53.900,209.474
434.169,121.949,53.900,209.474
427.582,129.434,52.750,205.007
432.531,123.646,53.917,209.543
425.942,131.134,52.768,205.074
421.363,136.592,51.642,200.701
420.889,132.321,51.642,200.701
417.567,136.592,51.642,200.701
419.940,131.372,51.642,200.701
420.414,134.694,51.642,200.701
420.889,137.066,51.642,200.701
421.363,130.897,51.642,200.701
422.787,133.270,51.642,200.701
424.710,129.463,50.541,196.421
424.246,131.786,50.541,196.421
424.710,128.534,50.541,196.421
424.801,133.762,49.463,192.232
425.256,135.126,49.463,192.232
428.850,138.490,48.408,188.133
428.080,142.640,47.376,184.121
430.257,143.076,47.376,184.121
430.692,142.640,47.376,184.121
432.869,141.334,47.376,184.121
431.276,145.395,46.366,180.194
430.850,143.265,46.366,180.194
429.572,144.543,46.366,180.194
431.702,145.821,46.366,180.194
429.863,139.849,47.392,184.181
429.427,142.027,47.392,184.181
430.734,143.334,47.392,184.181
430.299,142.027,47.392,184.181
430.734,144.205,47.392,184.181
428.556,141.156,47.392,184.181
428.992,143.334,47.392,184.181
426.814,139.414,47.392,184.181
428.121,138.978,47.392,184.181
425.072,136.801,47.392,184.181
423.766,132.881,47.392,184.181
420.717,135.059,47.392,184.181
419.411,134.623,47.392,184.181
416.362,129.833,47.392,184.181
414.184,128.526,47.392,184.181
411.136,126.348,47.392,184.181
409.829,124.171,47.392,184.181
408.523,121.993,47.392,184.181
408.958,118.945,47.392,184.181
406.781,115.025,47.392,184.181
410.700,112.847,47.392,184.181
410.265,112.412,47.392,184.181
410.700,108.492,47.392,184.181
414.620,104.573,47.392,184.181
419.743,111.154,46.381,180.253
421.021,109.023,46.381,180.253
417.819,108.891,45.392,176.409
417.401,105.971,45.392,176.409
415.316,103.051,45.392,176.409
420.222,107.746,44.424,172.647
418.998,107.338,44.424,172.647
419.406,106.113,44.424,172.647
418.181,107.338,44.424,172.647
418.589,104.480,44.424,172.647
416.548,103.256,44.424,172.647
416.140,102.031,44.424,172.647
418.998,103.256,44.424,172.647
416.956,102.031,44.424,172.647
418.998,104.072,44.424,172.647
418.589,102.031,44.424,172.647
417.365,100.806,44.424,172.647
419.406,99.581,44.424,172.647
418.998,97.540,44.424,172.647
421.855,98.765,44.424,172.647
422.264,99.173,44.424,172.647
424.305,100.398,44.424,172.647
425.530,101.623,44.424,172.647
425.121,99.581,44.424,172.647
425.530,99.990,44.424,172.647
425.121,98.765,44.424,172.647
426.346,99.173,44.424,172.647
424.305,100.398,44.424,172.647
425.530,100.806,44.424,172.647
426.754,102.847,44.424,172.647
425.530,104.072,44.424,172.647
426.754,105.297,44.424,172.647
425.530,106.522,44.424,172.647
426.754,106.930,44.424,172.647
426.346,107.338,44.424,172.647
426.754,108.563,44.424,172.647
428.796,109.787,44.424,172.647
428.387,111.829,44.424,172.647
427.979,113.870,44.424,172.647
429.204,115.911,44.424,172.647
429.612,118.769,44.424,172.647
428.387,121.627,44.424,172.647
427.979,123.668,44.424,172.647
428.387,126.525,44.424,172.647
427.163,129.383,44.424,172.647
427.571,130.608,44.424,172.647
424.713,133.466,44.424,172.647
425.121,135.507,44.424,172.647
423.897,138.364,44.424,172.647
423.488,140.406,44.424,172.647
421.447,143.263,44.424,172.647
421.039,146.121,44.424,172.647
422.264,149.795,44.424,172.647
420.222,151.020,44.424,172.647
420.631,150.612,44.424,172.647
419.406,150.203,44.424,172.647
419.814,150.612,44.424,172.647
421.855,151.836,44.424,172.647
420.631,153.061,44.424,172.647
421.855,153.469,44.424,172.647
420.631,153.061,44.424,172.647
421.039,151.020,44.424,172.647
422.264,151.428,44.424,172.647
421.855,151.836,44.424,172.647
423.080,153.061,44.424,172.647
421.039,151.020,44.424,172.647
423.080,149.795,44.424,172.647
422.672,149.387,44.424,172.647
422.264,148.162,44.424,172.647
426.754,152.653,44.424,172.647
427.979,152.245,44.424,172.647
424.305,151.836,44.424,172.647
423.080,148.162,44.424,172.647
425.938,147.754,44.424,172.647
423.897,148.162,44.424,172.647
428.387,149.387,44.424,172.647
424.713,147.346,44.424,172.647
429.204,147.754,44.424,172.647
425.530,144.896,44.424,172.647
428.758,149.492,43.477,168.966
426.760,148.293,43.477,168.966
429.557,150.291,43.477,168.966
425.961,148.293,43.477,168.966
427.959,148.693,43.477,168.966
428.037,151.649,42.549,165.362
425.300,150.476,42.549,165.362
427.255,150.867,42.549,165.362
423.945,145.387,43.491,169.021
426.742,151.382,43.491,169.021
423.145,149.384,43.491,169.021
420.591,145.441,44.453,172.761
422.633,144.215,44.453,172.761
424.676,148.709,44.453,172.761
421.816,148.300,44.453,172.761
417.323,144.624,44.453,172.761
416.097,147.483,44.453,172.761
415.689,148.709,44.453,172.761
416.097,144.215,44.453,172.761
414.872,146.258,44.453,172.761
414.463,146.666,44.453,172.761
414.872,144.624,44.453,172.761
413.646,145.849,44.453,172.761
414.872,145.441,44.453,172.761
413.646,147.483,44.453,172.761
414.055,149.526,44.453,172.761
414.922,152.549,43.505,169.076
413.723,151.350,43.505,169.076
414.922,154.148,43.505,169.076
414.523,150.550,43.505,169.076
415.372,154.280,42.577,165.471
417.328,152.323,42.577,165.471
418.502,154.280,42.577,165.471
418.893,155.453,42.577,165.471
418.502,152.715,42.577,165.471
418.893,154.671,42.577,165.471
420.067,155.845,42.577,165.471
421.241,157.018,42.577,165.471
423.197,159.757,42.577,165.471
425.154,159.366,42.577,165.471
427.893,162.888,42.577,165.471
430.631,162.496,42.577,165.471
434.153,164.453,42.577,165.471
438.457,166.409,42.577,165.471
439.631,166.018,42.577,165.471
440.805,168.757,42.577,165.471
434.935,166.018,42.577,165.471
431.995,167.405,41.669,161.942
432.809,173.192,40.781,158.489
429.993,170.186,39.911,155.109
423.757,163.951,39.911,155.109
425.591,167.985,39.911,155.109
420.823,163.217,39.911,155.109
421.924,168.719,39.911,155.109
423.385,165.861,40.794,158.541
420.760,163.237,40.794,158.541
415.253,154.871,41.697,162.048
413.337,156.021,41.697,162.048
413.720,151.806,41.697,162.048
414.103,156.021,41.697,162.048
411.654,149.060,42.619,165.634
412.829,151.018,42.619,165.634
410.871,148.277,42.619,165.634
412.829,147.102,42.619,165.634
413.221,146.710,42.619,165.634
413.298,146.588,41.710,162.101
412.634,148.686,40.821,158.645
410.539,147.124,39.950,155.261
409.437,145.288,39.950,155.261
408.336,146.390,39.950,155.261
406.500,144.554,39.950,155.261
408.336,143.452,39.950,155.261
405.766,143.820,39.950,155.261
401.134,135.627,40.834,158.697
401.850,135.039,41.738,162.208
399.399,131.255,42.661,165.797
397.707,127.387,43.605,169.465
396.808,127.591,44.570,173.214
391.641,119.301,45.556,177.047
387.228,117.777,46.564,180.964
391.596,120.658,47.594,184.968
391.524,122.696,48.647,189.060
385.883,122.924,49.723,193.243
379.943,118.811,49.723,193.243
382.228,123.838,49.723,193.243
376.463,117.433,50.823,197.518
375.062,122.571,50.823,197.518
373.661,118.367,50.823,197.518
372.260,121.637,50.823,197.518
367.122,115.565,50.823,197.518
365.106,118.710,51.948,201.888
361.064,110.038,53.097,206.355
359.600,113.454,53.097,206.355
357.161,108.086,53.097,206.355
356.673,112.478,53.097,206.355
359.113,114.917,53.097,206.355
356.673,118.333,53.097,206.355
360.088,119.797,53.097,206.355
363.504,124.188,53.097,206.355
362.040,118.821,53.097,206.355
367.408,125.164,53.097,206.355
371.799,128.580,53.097,206.355
373.263,125.164,53.097,206.355
376.679,131.508,53.097,206.355
376.191,126.140,53.097,206.355
380.582,130.532,53.097,206.355
380.094,133.947,53.097,206.355
379.606,130.532,53.097,206.355
380.094,135.899,53.097,206.355
377.988,137.160,54.272,210.921
377.489,133.669,54.272,210.921
378.986,137.160,54.272,210.921
378.487,140.651,54.272,210.921
377.988,136.163,54.272,210.921
379.484,140.651,54.272,210.921
379.983,143.145,54.272,210.921
382.477,139.654,54.272,210.921
383.973,144.143,54.272,210.921
386.467,147.634,54.272,210.921
388.961,143.145,54.272,210.921
389.459,148.631,54.272,210.921
390.956,150.127,54.272,210.921
390.457,153.619,54.272,210.921
390.555,156.348,53.115,206.423
391.043,160.741,53.115,206.423
391.531,165.134,53.115,206.423
391.043,164.646,53.115,206.423
389.579,167.087,53.115,206.423
391.043,165.622,53.115,206.423
390.555,163.182,53.115,206.423
392.019,164.646,53.115,206.423
390.555,161.229,53.115,206.423
392.019,160.741,53.115,206.423
391.531,160.253,53.115,206.423
392.019,162.694,53.115,206.423
391.938,162.942,54.290,210.990
391.439,161.446,54.290,210.990
391.938,162.942,54.290,210.990
391.439,162.443,54.290,210.990
393.934,164.938,54.290,210.990
391.439,164.439,54.290,210.990
393.934,163.940,54.290,210.990
394.432,163.441,54.290,210.990
393.934,162.942,54.290,210.990
392.437,161.446,54.290,210.990
393.934,159.949,54.290,210.990
392.437,158.452,54.290,210.990
393.934,156.955,54.290,210.990
391.146,155.839,53.132,206.491
389.682,152.421,53.132,206.491
388.217,148.027,53.132,206.491
387.728,144.609,53.132,206.491
388.217,141.191,53.132,206.491
383.822,138.750,53.132,206.491
382.358,136.308,53.132,206.491
382.846,132.890,53.132,206.491
384.311,130.449,53.132,206.491
380.893,128.008,53.132,206.491
382.871,128.798,51.999,202.087
383.349,125.453,51.999,202.087
381.915,123.063,51.999,202.087
383.349,119.718,51.999,202.087
381.915,119.240,51.999,202.087
385.260,117.807,51.999,202.087
388.605,120.196,51.999,202.087
390.542,120.969,50.890,197.778
391.945,120.501,50.890,197.778
392.412,119.098,50.890,197.778
395.209,120.757,49.805,193.560
396.582,120.299,49.805,193.560
398.870,120.757,49.805,193.560
417.788,119.090,50.907,197.842
429.359,116.416,52.033,202.220
431.264,108.722,53.184,206.694
407.857,105.928,54.361,211.267
406.029,107.699,53.202,206.762
401.629,105.255,53.202,206.762
392.300,106.046,52.067,202.352
382.252,102.696,52.067,202.352
379.860,101.261,52.067,202.352
380.876,108.492,50.957,198.037
381.345,106.150,50.957,198.037
382.749,111.301,50.957,198.037
377.598,110.833,50.957,198.037
379.003,110.365,50.957,198.037
374.582,111.122,49.870,193.814
374.672,111.864,48.807,189.681
374.223,112.312,48.807,189.681
372.878,110.967,48.807,189.681
369.738,110.518,48.807,189.681
368.097,111.244,47.766,185.636
365.024,110.805,47.766,185.636
361.951,109.488,47.766,185.636
360.634,110.805,47.766,185.636
356.684,108.610,47.766,185.636
357.123,112.561,47.766,185.636
354.928,111.244,47.766,185.636
355.861,117.877,46.747,181.677
353.713,116.588,46.747,181.677
354.142,121.314,46.747,181.677
351.135,120.025,46.747,181.677
351.565,123.891,46.747,181.677
350.276,122.603,46.747,181.677
350.360,129.923,45.750,177.803
349.940,126.980,45.750,177.803
349.519,130.764,45.750,177.803
349.099,129.502,45.750,177.803
348.678,134.127,45.750,177.803
348.258,135.388,45.750,177.803
347.837,137.490,45.750,177.803
347.417,138.752,45.750,177.803
347.837,141.695,45.750,177.803
347.417,141.274,45.750,177.803
346.997,140.854,45.750,177.803
347.417,144.638,45.750,177.803
346.156,142.536,45.750,177.803
347.049,148.079,44.775,174.011
348.283,146.844,44.775,174.011
348.364,153.062,43.820,170.300
347.156,151.854,43.820,170.300
348.011,156.387,42.885,166.668
347.617,155.205,42.885,166.668
347.223,154.811,42.885,166.668
345.253,155.205,42.885,166.668
344.859,154.811,42.885,166.668
346.041,155.993,42.885,166.668
345.647,157.963,42.885,166.668
343.676,158.357,42.885,166.668
342.494,157.963,42.885,166.668
340.523,160.722,42.885,166.668
338.553,160.328,42.885,166.668
338.947,162.299,42.885,166.668
336.188,161.116,42.885,166.668
334.218,163.087,42.885,166.668
331.459,164.269,42.885,166.668
332.641,164.663,42.885,166.668
330.671,165.057,42.885,166.668
327.912,167.816,42.885,166.668
328.306,168.998,42.885,166.668
323.971,170.969,42.885,166.668
324.365,170.575,42.885,166.668
322.395,170.969,42.885,166.668
319.636,172.151,42.885,166.668
318.454,171.757,42.885,166.668
315.695,172.151,42.885,166.668
312.936,174.122,42.885,166.668
310.966,173.728,42.885,166.668
307.419,175.698,42.885,166.668
305.217,177.855,41.971,163.114
301.746,178.241,41.971,163.114
299.817,177.855,41.971,163.114
297.117,176.698,41.971,163.114
293.646,177.084,41.971,163.114
292.489,176.698,41.971,163.114
289.017,178.626,41.971,163.114
286.318,178.241,41.971,163.114
283.618,178.626,41.971,163.114
281.689,178.241,41.971,163.114
280.532,177.855,41.971,163.114
277.061,177.469,41.971,163.114
275.132,176.312,41.971,163.114
272.432,175.927,41.971,163.114
269.732,177.084,41.971,163.114
268.575,178.241,41.971,163.114
265.104,177.084,41.971,163.114
263.175,179.012,41.971,163.114
259.704,177.855,41.971,163.114
259.318,180.555,41.971,163.114
255.847,178.626,41.971,163.114
253.919,182.098,41.971,163.114
252.761,181.712,41.971,163.114
249.863,185.310,41.076,159.636
247.976,184.178,41.076,159.636
245.333,186.065,41.076,159.636
243.446,187.197,41.076,159.636
241.559,186.065,41.076,159.636
238.161,187.197,41.076,159.636
236.780,188.536,40.200,156.231
234.933,190.383,40.200,156.231
231.608,189.275,40.200,156.231
