198.000,249.000,95.000,325.000
197.205,246.614,95.000,325.000
196.410,247.410,95.000,325.000
195.614,248.205,95.000,325.000
196.410,249.000,95.000,325.000
198.795,249.795,95.000,325.000
199.590,250.590,95.000,325.000
205.157,252.976,95.000,325.000
207.542,253.771,95.000,325.000
209.928,251.385,95.000,325.000
212.313,250.590,95.000,325.000
213.737,247.820,97.102,332.191
216.175,250.258,97.102,332.191
216.988,252.697,97.102,332.191
213.384,253.238,99.250,339.540
219.200,250.746,99.250,339.540
220.030,251.576,99.250,339.540
225.846,244.100,99.250,339.540
228.338,243.269,99.250,339.540
227.507,237.454,99.250,339.540
223.353,231.638,99.250,339.540
217.538,225.823,99.250,339.540
215.046,224.992,99.250,339.540
214.215,222.500,99.250,339.540
207.084,217.882,101.446,347.053
203.319,211.400,103.691,354.731
207.658,207.060,103.691,354.731
205.054,202.721,103.691,354.731
210.211,201.498,105.985,362.580
214.646,207.708,105.985,362.580
213.759,217.466,105.985,362.580
211.098,225.450,105.985,362.580
208.436,228.112,105.985,362.580
211.098,228.999,105.985,362.580
208.436,229.886,105.985,362.580
209.323,230.773,105.985,362.580
208.436,231.660,105.985,362.580
207.549,225.450,105.985,362.580
204.888,221.015,105.985,362.580
207.549,214.805,105.985,362.580
204.888,212.143,105.985,362.580
207.549,204.159,105.985,362.580
203.114,199.724,105.985,362.580
204.001,191.740,105.985,362.580
210.211,189.078,105.985,362.580
216.420,195.288,105.985,362.580
222.630,194.401,105.985,362.580
221.743,184.643,105.985,362.580
229.727,190.852,105.985,362.580
235.937,197.062,105.985,362.580
235.050,203.272,105.985,362.580
234.163,198.836,105.985,362.580
231.501,197.949,105.985,362.580
235.937,197.062,105.985,362.580
242.147,197.949,105.985,362.580
244.808,198.836,105.985,362.580
242.147,196.175,105.985,362.580
243.034,202.385,105.985,362.580
240.373,205.046,105.985,362.580
228.840,195.288,105.985,362.580
211.985,183.755,105.985,362.580
200.452,168.674,105.985,362.580
190.694,155.368,105.985,362.580
184.484,143.835,105.985,362.580
181.823,139.399,105.985,362.580
184.484,149.158,105.985,362.580
185.371,151.819,105.985,362.580
188.032,156.255,105.985,362.580
192.468,158.916,105.985,362.580
198.678,161.577,105.985,362.580
204.888,166.013,105.985,362.580
211.098,163.352,105.985,362.580
217.307,162.464,105.985,362.580
221.743,168.674,105.985,362.580
226.179,185.530,105.985,362.580
223.517,198.836,105.985,362.580
220.856,199.724,105.985,362.580
219.969,191.739,105.985,362.580
219.082,183.755,105.985,362.580
214.646,173.997,105.985,362.580
213.759,164.239,105.985,362.580
216.420,158.029,105.985,362.580
217.307,153.593,105.985,362.580
219.969,150.932,105.985,362.580
222.630,153.593,105.985,362.580
230.614,159.803,105.985,362.580
238.598,169.561,105.985,362.580
248.357,181.094,105.985,362.580
263.438,190.852,105.985,362.580
276.745,197.062,105.985,362.580
293.600,199.724,105.985,362.580
315.778,195.288,105.985,362.580
330.859,197.949,105.985,362.580
345.940,197.062,105.985,362.580
359.247,194.401,105.985,362.580
367.231,184.643,105.985,362.580
362.795,174.884,105.985,362.580
361.908,165.126,105.985,362.580
368.118,157.142,105.985,362.580
363.682,156.255,105.985,362.580
371.667,151.819,105.985,362.580
377.876,150.932,105.985,362.580
375.215,146.496,105.985,362.580
377.876,147.383,105.985,362.580
384.086,151.819,105.985,362.580
388.522,154.480,105.985,362.580
391.183,162.465,105.985,362.580
392.070,170.449,105.985,362.580
394.732,176.658,105.985,362.580
397.393,182.868,105.985,362.580
393.459,185.300,108.330,370.602
390.739,189.834,108.330,370.602
386.206,190.740,108.330,370.602
383.485,198.901,108.330,370.602
382.578,207.062,108.330,370.602
378.045,204.342,108.330,370.602
373.511,192.554,108.330,370.602
372.604,178.953,108.330,370.602
364.444,170.792,108.330,370.602
364.186,169.514,110.727,378.801
353.991,174.149,110.727,378.801
349.357,182.490,110.727,378.801
342.869,192.685,110.727,378.801
334.528,189.904,110.727,378.801
324.649,194.368,113.176,387.182
321.807,197.210,113.176,387.182
315.176,203.841,113.176,387.182
310.439,210.472,113.176,387.182
313.281,213.314,113.176,387.182
304.755,219.946,113.176,387.182
307.597,222.787,113.176,387.182
300.966,225.629,113.176,387.182
305.703,217.104,113.176,387.182
308.545,212.367,113.176,387.182
301.913,209.525,113.176,387.182
299.678,198.362,115.680,395.749
302.583,191.584,115.680,395.749
299.678,180.933,115.680,395.749
296.774,168.345,115.680,395.749
295.805,159.631,115.680,395.749
292.901,150.916,115.680,395.749
293.869,146.075,115.680,395.749
300.647,139.297,115.680,395.749
303.552,146.075,115.680,395.749
308.393,143.170,115.680,395.749
311.298,153.821,115.680,395.749
312.266,160.599,115.680,395.749
315.171,167.377,115.680,395.749
316.139,166.409,115.680,395.749
320.980,171.250,115.680,395.749
321.949,176.092,115.680,395.749
325.692,172.718,118.240,404.505
320.743,177.667,118.240,404.505
323.713,178.656,118.240,404.505
318.764,175.687,118.240,404.505
315.795,170.739,118.240,404.505
310.846,165.790,118.240,404.505
309.245,161.518,115.718,395.878
303.944,157.337,113.251,387.436
300.583,153.245,110.835,379.174
307.077,144.895,110.835,379.174
302.000,156.986,108.472,371.088
304.724,150.631,108.472,371.088
296.552,155.170,108.472,371.088
300.334,153.001,106.159,363.174
295.891,157.444,106.159,363.174
296.167,163.886,103.895,355.430
297.036,171.713,103.895,355.430
297.906,179.539,103.895,355.430
296.499,192.549,101.679,347.850
297.350,201.911,101.679,347.850
297.614,213.003,99.511,340.432
301.084,220.647,97.389,333.172
301.336,224.985,95.312,326.067
303.730,228.974,95.312,326.067
308.591,236.296,93.279,319.114
309.372,229.269,93.279,319.114
315.634,236.434,91.290,312.308
319.455,232.613,91.290,312.308
322.638,238.153,89.343,305.648
324.881,228.431,89.343,305.648
326.555,222.320,87.438,299.130
329.603,217.750,85.573,292.751
331.752,212.736,85.573,292.751
333.901,213.452,85.573,292.751
336.050,208.438,85.573,292.751
339.631,206.289,85.573,292.751
341.780,199.843,85.573,292.751
344.763,209.178,83.749,286.508
348.268,215.487,83.749,286.508
348.969,220.394,83.749,286.508
349.670,225.301,83.749,286.508
347.567,233.012,83.749,286.508
347.785,231.337,81.963,280.398
344.354,236.139,81.963,280.398
343.668,239.570,81.963,280.398
340.238,243.000,81.963,280.398
339.128,249.296,80.215,274.419
338.042,247.692,78.504,268.567
334.757,253.606,78.504,268.567
327.529,258.205,78.504,268.567
321.615,250.977,78.504,268.567
315.701,243.749,78.504,268.567
313.371,238.379,76.830,262.839
308.870,228.733,76.830,262.839
304.368,234.521,76.830,262.839
301.152,231.305,76.830,262.839
301.796,224.231,76.830,262.839
306.297,228.733,76.830,262.839
311.455,227.197,75.192,257.234
312.864,232.973,73.588,251.749
318.407,234.820,73.588,251.749
323.951,237.900,73.588,251.749
326.517,242.366,72.019,246.380
329.531,240.557,72.019,246.380
332.545,244.777,72.019,246.380
335.559,250.202,72.019,246.380
339.779,256.833,72.019,246.380
341.587,262.259,72.019,246.380
342.190,262.861,72.019,246.380
342.793,258.642,72.019,246.380
345.807,261.656,72.019,246.380
348.821,259.847,72.019,246.380
349.424,258.039,72.019,246.380
346.410,251.408,72.019,246.380
348.218,243.571,72.019,246.380
348.821,235.735,72.019,246.380
354.246,236.337,72.019,246.380
358.466,234.529,72.019,246.380
360.274,229.104,72.019,246.380
363.288,221.267,72.019,246.380
367.508,214.636,72.019,246.380
371.728,211.622,72.019,246.380
378.359,213.430,72.019,246.380
381.373,217.650,72.019,246.380
384.387,219.459,72.019,246.380
386.898,219.180,70.483,241.126
387.488,218.591,70.483,241.126
388.078,221.540,70.483,241.126
388.668,225.670,70.483,241.126
388.078,229.800,70.483,241.126
386.308,231.570,70.483,241.126
379.818,229.800,70.483,241.126
373.178,227.253,68.980,235.984
363.362,226.676,68.980,235.984
357.011,224.944,68.980,235.984
351.815,225.521,68.980,235.984
343.154,224.944,68.980,235.984
334.429,223.564,67.509,230.951
330.473,217.348,67.509,230.951
326.518,213.393,67.509,230.951
322.562,211.698,67.509,230.951
320.867,212.263,67.509,230.951
322.562,217.348,67.509,230.951
320.867,220.174,67.509,230.951
317.774,217.735,66.069,226.026
321.144,213.215,64.660,221.206
327.097,215.921,64.660,221.206
333.525,218.802,63.281,216.489
336.174,224.628,63.281,216.489
342.000,228.336,63.281,216.489
346.767,234.162,63.281,216.489
353.653,238.930,63.281,216.489
357.361,243.697,63.281,216.489
362.128,247.404,63.281,216.489
367.955,251.112,63.281,216.489
372.722,256.939,63.281,216.489
377.489,259.587,63.281,216.489
380.137,262.236,63.281,216.489
382.786,264.884,63.281,216.489
381.197,265.414,63.281,216.489
381.726,260.646,63.281,216.489
378.019,259.057,63.281,216.489
381.726,258.528,63.281,216.489
384.375,257.998,63.281,216.489
381.726,257.468,63.281,216.489
381.197,256.939,63.281,216.489
379.608,257.468,63.281,216.489
382.256,256.939,63.281,216.489
378.548,258.528,63.281,216.489
380.137,256.939,63.281,216.489
375.370,256.409,63.281,216.489
372.722,253.761,63.281,216.489
367.955,254.290,63.281,216.489
361.069,251.642,63.281,216.489
356.302,253.231,63.281,216.489
350.475,252.701,63.281,216.489
344.649,251.112,63.281,216.489
337.763,252.701,63.281,216.489
329.817,253.231,63.281,216.489
320.813,254.820,63.281,216.489
312.969,247.479,64.682,221.279
304.951,244.470,66.113,226.175
297.757,246.130,66.113,226.175
289.456,245.576,66.113,226.175
281.156,243.916,66.113,226.175
273.962,246.683,66.113,226.175
265.661,245.023,66.113,226.175
257.360,250.003,66.113,226.175
248.017,249.224,67.575,231.179
239.533,250.921,67.575,231.179
232.180,253.749,67.575,231.179
224.977,257.646,69.070,236.294
215.215,259.231,70.599,241.522
207.533,255.095,70.599,241.522
201.033,258.049,70.599,241.522
195.715,249.185,70.599,241.522
190.396,249.776,70.599,241.522
186.260,252.731,70.599,241.522
182.123,247.413,70.599,241.522
179.169,240.912,70.599,241.522
176.548,240.080,72.161,246.865
179.569,235.852,72.161,246.865
181.904,231.241,73.757,252.327
184.990,229.389,73.757,252.327
191.220,228.519,75.389,257.910
198.161,232.936,75.389,257.910
205.103,237.353,75.389,257.910
212.044,241.770,75.389,257.910
221.030,244.810,77.057,263.616
228.877,245.239,78.762,269.449
235.530,233.367,80.505,275.410
243.728,232.417,82.286,281.504
248.549,223.463,82.286,281.504
256.125,228.285,82.286,281.504
259.569,228.973,82.286,281.504
258.880,231.040,82.286,281.504
265.079,235.861,82.286,281.504
267.145,239.305,82.286,281.504
269.211,233.106,82.286,281.504
271.278,228.285,82.286,281.504
276.099,231.728,82.286,281.504
278.762,223.612,84.106,287.732
280.874,222.908,84.106,287.732
280.170,225.020,84.106,287.732
283.690,225.724,84.106,287.732
284.950,220.350,85.967,294.098
284.231,221.070,85.967,294.098
286.389,220.350,85.967,294.098
284.231,218.191,85.967,294.098
282.072,213.154,85.967,294.098
278.474,213.874,85.967,294.098
276.315,214.594,85.967,294.098
279.913,218.191,85.967,294.098
271.998,228.985,85.967,294.098
277.035,241.218,85.967,294.098
281.310,244.683,87.869,300.605
285.679,242.121,89.813,307.256
287.026,239.502,91.800,314.054
296.374,238.419,93.831,321.002
301.872,239.204,93.831,321.002
307.369,235.277,93.831,321.002
301.872,231.350,93.831,321.002
310.511,224.282,93.831,321.002
317.579,218.784,93.831,321.002
326.219,217.999,93.831,321.002
337.403,220.152,95.907,328.104
347.840,222.560,95.907,328.104
357.606,216.432,98.029,335.364
364.991,215.611,98.029,335.364
372.376,214.791,98.029,335.364
374.837,218.893,98.029,335.364
377.299,209.867,98.029,335.364
371.958,208.711,100.198,342.784
366.499,211.010,102.415,350.368
363.927,206.724,102.415,350.368
366.499,200.723,102.415,350.368
358.783,196.437,102.415,350.368
357.926,192.151,102.415,350.368
353.640,187.865,102.415,350.368
349.354,178.435,102.415,350.368
346.782,172.434,102.415,350.368
340.438,178.649,100.231,342.896
332.887,184.522,100.231,342.896
320.209,188.986,98.094,335.584
307.893,198.018,98.094,335.584
298.651,200.805,96.002,328.427
288.057,211.278,93.955,321.423
276.260,207.345,93.955,321.423
261.344,205.467,91.951,314.569
246.721,213.933,91.951,314.569
235.090,210.611,89.990,307.861
223.707,218.975,88.071,301.295
215.409,212.951,86.193,294.870
205.898,207.055,84.355,288.582
197.950,205.368,82.556,282.428
190.172,203.717,80.795,276.405
184.085,209.804,80.795,276.405
180.384,208.188,79.072,270.511
177.074,212.821,79.072,270.511
173.765,210.836,79.072,270.511
169.132,215.469,79.072,270.511
163.175,216.131,79.072,270.511
158.542,211.498,79.072,270.511
152.586,213.483,79.072,270.511
150.600,216.792,79.072,270.511
152.586,220.102,79.072,270.511
151.515,223.624,77.386,264.742
157.345,228.158,77.386,264.742
161.879,233.988,77.386,264.742
167.709,239.818,77.386,264.742
167.061,243.056,77.386,264.742
170.300,246.295,77.386,264.742
172.998,244.748,75.736,259.096
173.632,237.774,75.736,259.096
175.533,230.801,75.736,259.096
179.971,231.435,75.736,259.096
183.141,230.801,75.736,259.096
186.310,226.364,75.736,259.096
189.480,219.390,75.736,259.096
187.578,207.346,75.736,259.096
190.748,197.837,75.736,259.096
193.917,192.131,75.736,259.096
197.087,196.569,75.736,259.096
198.989,198.471,75.736,259.096
198.355,201.640,75.736,259.096
196.453,207.346,75.736,259.096
194.551,213.051,75.736,259.096
193.917,212.417,75.736,259.096
195.819,214.319,75.736,259.096
192.650,216.221,75.736,259.096
193.283,218.123,75.736,259.096
188.846,220.024,75.736,259.096
188.212,220.658,75.736,259.096
181.239,218.756,75.736,259.096
181.873,220.658,75.736,259.096
176.167,214.953,75.736,259.096
171.730,210.515,75.736,259.096
166.025,203.542,75.736,259.096
166.658,196.569,75.736,259.096
163.489,197.203,75.736,259.096
165.391,195.301,75.736,259.096
163.489,190.864,75.736,259.096
162.855,185.158,75.736,259.096
163.489,181.989,75.736,259.096
165.391,183.890,75.736,259.096
167.292,189.596,75.736,259.096
165.391,197.837,75.736,259.096
167.292,203.542,75.736,259.096
166.658,207.980,75.736,259.096
168.560,211.149,75.736,259.096
169.194,214.319,75.736,259.096
171.096,218.756,75.736,259.096
170.462,223.194,75.736,259.096
168.560,227.631,75.736,259.096
169.194,229.533,75.736,259.096
166.025,231.435,75.736,259.096
167.926,226.998,75.736,259.096
166.025,228.899,75.736,259.096
167.926,221.926,75.736,259.096
166.025,225.096,75.736,259.096
166.658,219.390,75.736,259.096
160.953,213.685,75.736,259.096
162.855,206.712,75.736,259.096
164.757,199.739,75.736,259.096
161.587,191.497,75.736,259.096
160.953,184.524,75.736,259.096
161.587,176.283,75.736,259.096
160.953,169.310,75.736,259.096
162.855,173.747,75.736,259.096
164.757,179.453,75.736,259.096
165.391,186.426,75.736,259.096
163.489,192.131,75.736,259.096
165.391,197.837,75.736,259.096
162.221,202.274,75.736,259.096
162.855,209.247,75.736,259.096
163.489,216.221,75.736,259.096
158.047,219.274,77.411,264.829
153.511,222.514,77.411,264.829
148.976,221.866,77.411,264.829
145.736,223.809,77.411,264.829
143.792,219.274,77.411,264.829
139.256,216.034,77.411,264.829
137.313,211.498,77.411,264.829
135.369,213.442,77.411,264.829
133.840,211.185,79.124,270.688
131.853,211.847,79.124,270.688
128.542,215.159,79.124,270.688
129.204,219.795,79.124,270.688
124.893,213.364,80.875,276.677
126.105,202.578,82.664,282.799
126.797,201.886,82.664,282.799
130.257,206.730,82.664,282.799
132.333,214.341,82.664,282.799
130.257,220.568,82.664,282.799
132.333,228.179,82.664,282.799
137.176,234.406,82.664,282.799
133.716,222.644,82.664,282.799
137.827,221.669,84.493,289.056
139.949,226.620,84.493,289.056
136.813,215.351,86.363,295.451
140.427,220.411,86.363,295.451
141.150,222.579,86.363,295.451
138.981,218.965,86.363,295.451
139.704,222.579,86.363,295.451
140.427,220.411,86.363,295.451
141.150,224.025,86.363,295.451
138.981,221.857,86.363,295.451
139.704,224.025,86.363,295.451
143.319,224.748,86.363,295.451
145.487,224.025,86.363,295.451
147.656,224.748,86.363,295.451
149.825,224.025,86.363,295.451
150.548,224.748,86.363,295.451
151.270,221.134,86.363,295.451
153.439,224.748,86.363,295.451
155.608,222.579,86.363,295.451
159.222,221.857,86.363,295.451
161.391,226.917,86.363,295.451
163.559,226.194,86.363,295.451
164.282,225.471,86.363,295.451
166.451,224.748,86.363,295.451
167.174,226.917,86.363,295.451
167.897,227.640,86.363,295.451
170.065,231.254,86.363,295.451
170.788,231.977,86.363,295.451
174.403,234.145,86.363,295.451
176.571,236.314,86.363,295.451
175.848,231.254,86.363,295.451
176.571,231.977,86.363,295.451
180.186,228.362,86.363,295.451
180.909,224.748,86.363,295.451
182.526,224.415,84.521,289.150
186.063,222.292,84.521,289.150
189.601,223.000,84.521,289.150
193.138,222.292,84.521,289.150
198.813,227.421,82.718,282.984
202.274,222.574,82.718,282.984
207.121,226.036,82.718,282.984
210.583,221.190,82.718,282.984
212.660,223.267,82.718,282.984
214.737,218.420,82.718,282.984
216.814,217.728,82.718,282.984
217.507,215.651,82.718,282.984
216.814,214.958,82.718,282.984
217.507,214.266,82.718,282.984
215.430,212.189,82.718,282.984
214.737,211.496,82.718,282.984
212.660,210.804,82.718,282.984
210.583,207.342,82.718,282.984
205.736,208.035,82.718,282.984
200.890,208.727,82.718,282.984
196.043,210.804,82.718,282.984
192.581,211.496,82.718,282.984
189.119,206.650,82.718,282.984
185.330,206.330,80.954,276.949
181.942,209.718,80.954,276.949
177.198,210.396,80.954,276.949
173.490,214.002,79.228,271.043
168.848,212.013,79.228,271.043
164.206,214.002,79.228,271.043
159.563,212.013,79.228,271.043
154.921,214.002,79.228,271.043
148.953,212.013,79.228,271.043
142.767,216.820,77.538,265.263
137.963,221.525,75.885,259.606
130.976,219.620,75.885,259.606
123.989,222.796,75.885,259.606
120.513,224.952,74.267,254.070
116.162,228.060,74.267,254.070
113.053,229.925,74.267,254.070
112.432,231.790,74.267,254.070
106.837,227.438,74.267,254.070
104.972,230.546,74.267,254.070
106.837,227.438,74.267,254.070
103.729,230.546,74.267,254.070
105.120,229.061,72.683,248.652
102.078,229.670,72.683,248.652
102.687,226.628,72.683,248.652
99.645,228.453,72.683,248.652
100.253,225.411,72.683,248.652
98.428,226.019,72.683,248.652
99.036,224.194,72.683,248.652
98.428,226.019,72.683,248.652
100.253,224.194,72.683,248.652
100.861,228.453,72.683,248.652
102.687,229.061,72.683,248.652
104.512,228.453,72.683,248.652
107.554,229.061,72.683,248.652
109.379,229.670,72.683,248.652
111.204,227.844,72.683,248.652
113.029,223.586,72.683,248.652
113.637,225.411,72.683,248.652
115.462,221.152,72.683,248.652
116.071,224.194,72.683,248.652
115.087,227.432,71.133,243.350
113.300,228.027,71.133,243.350
110.323,225.050,71.133,243.350
104.965,224.455,71.133,243.350
103.179,221.478,71.133,243.350
99.011,222.073,71.133,243.350
97.225,220.287,71.133,243.350
95.438,222.073,71.133,243.350
93.327,224.094,69.616,238.160
91.579,220.015,69.616,238.160
86.144,218.623,68.131,233.081
86.714,213.491,68.131,233.081
83.862,215.201,68.131,233.081
86.714,212.350,68.131,233.081
85.003,216.342,68.131,233.081
86.714,219.193,68.131,233.081
87.284,220.904,68.131,233.081
88.995,222.615,68.131,233.081
90.706,223.185,68.131,233.081
93.557,226.037,68.131,233.081
96.409,228.888,68.131,233.081
100.401,232.880,68.131,233.081
104.392,238.013,68.131,233.081
106.103,238.583,68.131,233.081
105.533,232.310,68.131,233.081
107.244,234.021,68.131,233.081
107.421,229.360,66.679,228.111
109.745,233.406,65.257,223.246
111.384,236.137,65.257,223.246
113.659,241.150,63.865,218.485
114.194,243.823,63.865,218.485
112.590,246.496,63.865,218.485
112.056,241.685,63.865,218.485
110.452,236.874,63.865,218.485
106.710,230.993,63.865,218.485
106.175,227.251,63.865,218.485
106.341,227.005,62.503,213.826
108.520,226.763,61.170,209.266
105.960,228.299,61.170,209.266
103.400,225.739,61.170,209.266
99.816,226.251,61.170,209.266
96.232,226.763,61.170,209.266
93.672,220.107,61.170,209.266
92.136,212.427,61.170,209.266
90.600,210.891,61.170,209.266
88.040,211.403,61.170,209.266
83.432,216.011,61.170,209.266
87.016,209.355,61.170,209.266
82.408,213.963,61.170,209.266
77.800,212.427,61.170,209.266
74.216,214.987,61.170,209.266
69.608,216.523,61.170,209.266
68.071,217.035,61.170,209.266
64.282,213.838,59.866,204.803
60.574,208.777,58.589,200.436
58.835,207.606,57.340,196.162
57.133,212.935,56.117,191.978
58.184,218.152,54.920,187.884
60.099,224.143,53.749,183.878
58.504,229.139,52.603,179.956
62.036,228.087,51.481,176.119
58.158,231.103,51.481,176.119
60.312,228.949,51.481,176.119
62.107,229.581,50.383,172.363
65.903,230.846,50.383,172.363
68.011,230.424,50.383,172.363
72.207,232.668,49.309,168.687
75.096,230.605,49.309,168.687
78.406,228.823,48.257,165.090
78.810,225.996,48.257,165.090
85.165,226.588,47.228,161.569
91.094,225.402,47.228,161.569
97.815,228.960,47.228,161.569
101.747,231.826,46.221,158.124
100.587,234.534,46.221,158.124
100.707,231.372,45.235,154.752
104.114,226.450,45.235,154.752
103.736,229.858,45.235,154.752
104.872,234.780,45.235,154.752
106.449,240.444,44.271,151.452
109.043,243.038,44.271,151.452
111.636,247.855,44.271,151.452
112.748,245.261,44.271,151.452
113.860,241.926,44.271,151.452
113.489,237.109,44.271,151.452
112.175,233.367,43.326,148.222
111.813,230.828,43.326,148.222
110.527,236.953,42.402,145.061
111.592,240.857,42.402,145.061
108.398,243.341,42.402,145.061
105.203,245.116,42.402,145.061
102.009,242.631,42.402,145.061
99.525,246.535,42.402,145.061
95.005,250.454,43.341,148.271
91.138,251.449,44.300,151.551
87.059,252.561,44.300,151.551
81.568,256.655,45.280,154.904
75.169,259.267,46.282,158.331
70.236,261.132,47.305,161.835
64.372,260.575,48.352,165.415
59.218,261.684,49.422,169.075
54.668,253.824,49.422,169.075
50.258,256.675,50.515,172.816
49.261,257.834,51.633,176.639
45.551,259.018,52.775,180.547
45.426,259.313,53.943,184.542
43.423,252.118,55.137,188.625
45.208,246.680,56.356,192.798
47.566,241.491,56.356,192.798
53.305,242.784,57.603,197.064
61.502,238.445,57.603,197.064
70.663,242.784,57.603,197.064
78.529,245.106,58.878,201.424
83.950,238.699,58.878,201.424
90.969,240.050,60.180,205.881
102.323,261.290,61.512,210.436
111.792,264.838,62.873,215.092
118.194,258.637,64.264,219.850
121.390,252.298,65.686,224.715
127.438,252.848,65.686,224.715
130.704,248.651,67.139,229.687
134.043,246.693,68.625,234.768
137.455,244.692,70.143,239.963
140.943,242.646,71.695,245.272
143.263,239.311,73.281,250.698
145.634,240.992,74.902,256.245
146.261,239.111,74.902,256.245
148.142,239.738,74.902,256.245
147.964,237.554,76.560,261.915
149.887,238.195,76.560,261.915
153.091,240.117,76.560,261.915
155.568,235.225,78.253,267.709
158.843,238.500,78.253,267.709
162.118,240.465,78.253,267.709
166.703,239.810,78.253,267.709
169.235,236.169,79.985,273.632
172.583,239.516,79.985,273.632
175.930,236.169,79.985,273.632
178.518,236.615,81.755,279.687
179.744,231.391,83.563,285.875
180.443,233.489,83.563,285.875
181.143,231.391,83.563,285.875
181.842,232.090,83.563,285.875
178.345,232.790,83.563,285.875
179.044,229.293,83.563,285.875
178.345,228.593,83.563,285.875
177.646,225.096,83.563,285.875
178.898,222.659,85.412,292.200
179.613,224.804,85.412,292.200
181.758,221.229,85.412,292.200
181.555,218.738,87.302,298.665
182.285,220.931,87.302,298.665
184.478,220.200,87.302,298.665
185.208,225.315,87.302,298.665
185.939,221.661,87.302,298.665
183.747,225.315,87.302,298.665
183.016,224.584,87.302,298.665
183.747,228.238,87.302,298.665
180.093,224.584,87.302,298.665
179.363,225.315,87.302,298.665
177.639,227.318,89.233,305.272
175.877,221.616,91.208,312.027
175.113,223.907,91.208,312.027
174.350,220.090,91.208,312.027
172.549,222.182,93.226,318.930
173.329,216.720,93.226,318.930
173.107,222.097,95.288,325.987
170.714,216.514,95.288,325.987
173.798,218.700,97.397,333.199
172.983,216.255,97.397,333.199
172.167,218.700,97.397,333.199
174.613,217.885,97.397,333.199
175.428,220.331,97.397,333.199
174.613,217.885,97.397,333.199
177.059,221.961,97.397,333.199
179.504,217.885,97.397,333.199
180.320,221.961,97.397,333.199
182.765,219.515,97.397,333.199
182.534,221.750,99.552,340.571
186.700,217.584,99.552,340.571
185.867,220.084,99.552,340.571
185.034,215.917,99.552,340.571
187.533,218.417,99.552,340.571
186.700,214.251,99.552,340.571
185.867,215.084,99.552,340.571
183.367,217.584,99.552,340.571
182.534,213.417,99.552,340.571
180.034,217.584,99.552,340.571
177.534,218.417,99.552,340.571
173.839,215.514,101.754,348.106
172.988,209.552,101.754,348.106
167.444,210.119,104.005,355.808
171.796,202.284,104.005,355.808
174.408,210.119,104.005,355.808
180.502,217.954,104.005,355.808
183.114,222.307,104.005,355.808
187.466,226.660,104.005,355.808
191.819,229.272,104.005,355.808
194.431,235.365,104.005,355.808
198.784,232.754,104.005,355.808
201.395,233.624,104.005,355.808
204.007,225.789,104.005,355.808
206.619,221.437,104.005,355.808
209.230,220.566,104.005,355.808
213.583,214.472,104.005,355.808
210.971,206.637,104.005,355.808
208.360,197.061,104.005,355.808
210.971,190.967,104.005,355.808
208.360,183.132,104.005,355.808
205.748,177.038,104.005,355.808
204.877,170.944,104.005,355.808
204.007,170.074,104.005,355.808
203.136,167.462,104.005,355.808
204.007,170.074,104.005,355.808
204.877,172.686,104.005,355.808
205.748,180.521,104.005,355.808
206.619,191.838,104.005,355.808
205.748,201.414,104.005,355.808
204.877,209.249,104.005,355.808
202.266,215.343,104.005,355.808
197.913,216.213,104.005,355.808
191.819,211.861,104.005,355.808
185.725,209.249,104.005,355.808
179.631,206.637,104.005,355.808
173.538,200.543,104.005,355.808
169.185,197.932,104.005,355.808
164.832,190.097,104.005,355.808
162.220,184.003,104.005,355.808
157.868,177.909,104.005,355.808
159.816,180.864,101.787,348.220
164.076,181.716,101.787,348.220
166.632,175.752,101.787,348.220
165.780,171.492,101.787,348.220
170.040,168.936,101.787,348.220
170.892,168.084,101.787,348.220
175.151,172.344,101.787,348.220
174.299,178.308,101.787,348.220
173.448,180.864,101.787,348.220
172.596,183.420,101.787,348.220
176.855,184.272,101.787,348.220
177.707,186.828,101.787,348.220
181.967,191.088,101.787,348.220
186.227,191.940,101.787,348.220
188.783,197.903,101.787,348.220
191.339,197.051,101.787,348.220
192.191,197.903,101.787,348.220
193.043,195.348,101.787,348.220
195.599,196.200,101.787,348.220
193.043,191.940,101.787,348.220
190.487,192.792,101.787,348.220
193.043,193.644,101.787,348.220
195.599,185.976,101.787,348.220
191.339,174.900,101.787,348.220
193.895,165.528,101.787,348.220
198.155,157.860,101.787,348.220
200.711,158.712,101.787,348.220
206.675,159.564,101.787,348.220
212.639,165.528,101.787,348.220
218.603,168.084,101.787,348.220
219.455,168.936,101.787,348.220
220.307,169.788,101.787,348.220
221.159,175.752,101.787,348.220
220.307,180.012,101.787,348.220
220.571,189.473,99.617,340.794
219.737,195.310,99.617,340.794
215.568,197.811,99.617,340.794
213.067,200.313,99.617,340.794
210.565,202.814,99.617,340.794
208.064,203.648,99.617,340.794
205.562,202.814,99.617,340.794
204.728,200.313,99.617,340.794
205.562,201.147,99.617,340.794
209.731,200.313,99.617,340.794
207.230,204.482,99.617,340.794
209.731,200.313,99.617,340.794
208.898,202.814,99.617,340.794
206.396,198.645,99.617,340.794
208.898,197.811,99.617,340.794
208.064,203.648,99.617,340.794
207.230,204.482,99.617,340.794
206.396,205.316,99.617,340.794
205.562,204.482,99.617,340.794
204.728,205.316,99.617,340.794
202.227,206.149,99.617,340.794
198.058,201.980,99.617,340.794
195.556,202.814,99.617,340.794
191.387,200.313,99.617,340.794
190.553,201.147,99.617,340.794
188.052,198.645,99.617,340.794
185.551,202.814,99.617,340.794
183.049,201.980,99.617,340.794
180.548,204.482,99.617,340.794
179.714,205.316,99.617,340.794
178.880,207.817,99.617,340.794
176.379,201.980,99.617,340.794
173.877,206.149,99.617,340.794
171.376,200.313,99.617,340.794
173.877,204.482,99.617,340.794
169.708,198.645,99.617,340.794
172.209,204.482,99.617,340.794
168.040,196.977,99.617,340.794
167.803,197.533,101.821,348.334
165.247,193.272,101.821,348.334
167.803,199.237,101.821,348.334
162.256,190.963,104.074,356.041
166.611,195.318,104.074,356.041
163.998,192.705,104.074,356.041
164.869,198.803,104.074,356.041
161.007,192.153,106.376,363.919
164.449,192.746,108.730,371.970
158.525,183.910,111.135,380.200
161.315,188.561,111.135,380.200
162.246,187.631,111.135,380.200
159.455,184.840,111.135,380.200
162.246,189.491,111.135,380.200
159.455,186.701,111.135,380.200
164.106,191.352,111.135,380.200
159.455,184.840,111.135,380.200
164.106,191.352,111.135,380.200
161.315,188.561,111.135,380.200
167.827,193.212,111.135,380.200
159.455,184.840,111.135,380.200
164.106,189.491,111.135,380.200
161.315,186.701,111.135,380.200
165.967,193.212,111.135,380.200
163.176,194.143,111.135,380.200
164.106,196.933,111.135,380.200
161.315,194.143,111.135,380.200
162.246,198.794,111.135,380.200
157.595,194.143,111.135,380.200
158.525,196.933,111.135,380.200
155.734,192.282,111.135,380.200
156.664,196.933,111.135,380.200
153.874,194.143,111.135,380.200
156.664,198.794,111.135,380.200
152.013,192.282,111.135,380.200
154.804,195.073,111.135,380.200
150.153,192.282,111.135,380.200
154.804,196.933,111.135,380.200
150.153,194.143,111.135,380.200
152.943,196.933,111.135,380.200
148.292,190.422,111.135,380.200
152.943,193.212,111.135,380.200
148.292,188.561,111.135,380.200
151.083,189.491,111.135,380.200
152.013,192.282,111.135,380.200
154.804,195.073,111.135,380.200
153.874,199.724,111.135,380.200
152.943,202.515,111.135,380.200
155.734,203.445,111.135,380.200
156.664,206.236,111.135,380.200
159.455,209.026,111.135,380.200
162.246,213.678,111.135,380.200
163.176,218.329,111.135,380.200
165.967,217.398,111.135,380.200
168.757,220.189,111.135,380.200
165.967,217.398,111.135,380.200
168.757,222.050,111.135,380.200
165.967,219.259,111.135,380.200
165.036,216.468,111.135,380.200
164.106,209.957,111.135,380.200
165.036,201.585,111.135,380.200
165.967,193.212,111.135,380.200
161.315,182.980,111.135,380.200
164.106,178.329,111.135,380.200
166.897,179.259,111.135,380.200
167.827,172.747,111.135,380.200
168.757,168.096,111.135,380.200
167.827,163.445,111.135,380.200
170.618,164.375,111.135,380.200
169.688,161.584,111.135,380.200
172.478,160.654,111.135,380.200
173.408,165.305,111.135,380.200
176.199,158.794,111.135,380.200
173.408,163.445,111.135,380.200
180.870,159.429,108.765,372.092
174.497,169.444,108.765,372.092
182.691,179.458,108.765,372.092
176.318,187.652,108.765,372.092
182.691,192.204,108.765,372.092
179.463,200.559,106.446,364.157
185.700,205.014,106.446,364.157
181.245,209.468,106.446,364.157
187.482,215.705,106.446,364.157
181.245,220.160,106.446,364.157
185.700,222.833,106.446,364.157
183.027,218.378,106.446,364.157
182.136,221.051,106.446,364.157
184.809,218.378,106.446,364.157
180.354,221.051,106.446,364.157
183.027,214.814,106.446,364.157
179.868,219.556,104.176,356.392
185.972,215.196,104.176,356.392
179.868,216.068,104.176,356.392
185.972,215.196,104.176,356.392
181.612,210.836,104.176,356.392
182.484,213.452,104.176,356.392
179.868,216.068,104.176,356.392
184.228,218.684,104.176,356.392
178.124,217.812,104.176,356.392
178.996,225.660,104.176,356.392
178.124,221.300,104.176,356.392
175.508,225.660,104.176,356.392
178.124,221.300,104.176,356.392
173.764,222.172,104.176,356.392
174.636,224.788,104.176,356.392
170.276,227.404,104.176,356.392
167.660,223.044,104.176,356.392
165.044,223.916,104.176,356.392
162.428,219.556,104.176,356.392
158.068,220.428,104.176,356.392
158.940,223.044,104.176,356.392
159.812,220.428,104.176,356.392
162.428,219.556,104.176,356.392
156.324,220.428,104.176,356.392
164.172,216.068,104.176,356.392
158.068,222.172,104.176,356.392
162.428,219.556,104.176,356.392
154.580,222.172,104.176,356.392
158.940,216.068,104.176,356.392
149.349,216.940,104.176,356.392
151.964,209.092,104.176,356.392
142.373,213.452,104.176,356.392
150.220,210.836,104.176,356.392
142.373,218.684,104.176,356.392
149.362,217.455,106.481,364.277
155.601,212.999,106.481,364.277
149.362,222.803,106.481,364.277
157.384,218.347,106.481,364.277
147.580,226.368,106.481,364.277
152.875,214.016,108.837,372.336
142.854,220.393,108.837,372.336
150.156,209.658,111.245,380.574
143.638,214.314,111.245,380.574
150.156,217.107,111.245,380.574
152.950,210.589,111.245,380.574
144.569,218.970,111.245,380.574
149.225,212.451,111.245,380.574
150.156,209.658,111.245,380.574
147.363,218.038,111.245,380.574
150.156,218.970,111.245,380.574
145.500,221.763,111.245,380.574
150.156,226.419,111.245,380.574
145.500,229.212,111.245,380.574
148.294,224.556,111.245,380.574
141.776,229.212,111.245,380.574
144.569,224.556,111.245,380.574
138.051,231.074,111.245,380.574
138.982,232.006,111.245,380.574
134.327,231.074,111.245,380.574
135.258,226.419,111.245,380.574
130.602,223.625,111.245,380.574
131.533,224.556,111.245,380.574
132.464,219.901,111.245,380.574
131.533,220.832,111.245,380.574
128.740,216.176,111.245,380.574
133.395,218.970,111.245,380.574
128.740,216.176,111.245,380.574
133.395,213.383,111.245,380.574
136.189,216.176,111.245,380.574
133.395,213.383,111.245,380.574
138.051,214.314,111.245,380.574
140.845,215.245,111.245,380.574
145.500,218.038,111.245,380.574
146.432,218.970,111.245,380.574
149.225,223.625,111.245,380.574
148.294,218.970,111.245,380.574
154.812,223.625,111.245,380.574
152.018,215.245,111.245,380.574
154.812,218.038,111.245,380.574
156.479,210.930,113.706,388.995
149.817,208.075,113.706,388.995
156.479,209.027,113.706,388.995
149.817,206.171,113.706,388.995
154.576,205.220,113.706,388.995
144.107,200.461,113.706,388.995
150.769,205.220,113.706,388.995
142.203,198.557,113.706,388.995
146.962,201.413,113.706,388.995
134.589,194.750,113.706,388.995
141.251,197.606,113.706,388.995
130.782,192.847,113.706,388.995
133.637,197.606,113.706,388.995
126.975,200.461,113.706,388.995
129.830,205.220,113.706,388.995
125.610,199.929,116.222,397.601
118.801,197.011,116.222,397.601
122.561,201.696,118.793,406.398
121.567,204.679,118.793,406.398
114.607,205.673,118.793,406.398
109.635,200.701,118.793,406.398
116.595,207.662,118.793,406.398
105.658,198.713,118.793,406.398
106.652,207.662,118.793,406.398
99.692,198.713,118.793,406.398
102.675,211.639,118.793,406.398
95.714,204.679,118.793,406.398
104.663,215.616,118.793,406.398
99.692,206.667,118.793,406.398
106.652,213.628,118.793,406.398
99.692,208.656,118.793,406.398
102.675,219.594,118.793,406.398
93.726,208.656,118.793,406.398
84.777,215.616,118.793,406.398
75.828,208.656,118.793,406.398
70.856,207.662,118.793,406.398
73.839,204.679,118.793,406.398
68.867,205.673,118.793,406.398
71.850,204.679,118.793,406.398
64.890,201.696,118.793,406.398
61.907,200.701,118.793,406.398
58.924,199.707,118.793,406.398
53.952,196.724,118.793,406.398
50.969,191.752,118.793,406.398
47.986,196.724,118.793,406.398
45.003,187.775,118.793,406.398
44.009,188.769,118.793,406.398
41.026,181.809,118.793,406.398
45.998,172.860,118.793,406.398
48.981,175.843,118.793,406.398
53.952,174.849,118.793,406.398
56.935,179.820,118.793,406.398
57.930,186.781,118.793,406.398
62.901,193.741,118.793,406.398
67.873,202.690,118.793,406.398
72.845,205.673,118.793,406.398
77.816,212.633,118.793,406.398
84.777,213.628,118.793,406.398
88.621,218.416,121.422,415.390
95.735,225.531,121.422,415.390
104.882,230.612,121.422,415.390
116.062,233.661,121.422,415.390
129.274,240.776,121.422,415.390
144.519,243.825,121.422,415.390
155.699,236.710,121.422,415.390
158.748,235.694,121.422,415.390
163.829,230.612,121.422,415.390
168.911,231.629,121.422,415.390
171.960,220.449,121.422,415.390
175.009,223.498,121.422,415.390
176.025,212.318,121.422,415.390
180.259,213.809,118.832,406.531
177.275,218.782,118.832,406.531
