93.000,113.000,34.000,109.000
96.531,108.925,34.000,109.000
97.679,107.207,33.275,106.676
103.794,107.473,33.275,106.676
105.655,107.739,33.275,106.676
104.326,104.815,33.275,106.676
107.250,102.422,33.275,106.676
109.111,106.410,33.275,106.676
105.655,109.334,33.275,106.676
107.516,112.259,33.275,106.676
110.972,113.588,33.275,106.676
118.682,118.639,33.275,106.676
123.733,118.373,33.275,106.676
127.721,102.688,33.275,106.676
132.240,94.978,33.275,106.676
134.101,90.990,33.275,106.676
130.113,89.130,33.275,106.676
119.213,83.015,33.275,106.676
120.011,84.876,33.275,106.676
116.023,92.054,33.275,106.676
109.377,102.954,33.275,106.676
102.731,107.473,33.275,106.676
92.362,110.929,33.275,106.676
97.945,114.385,33.275,106.676
96.616,109.866,33.275,106.676
95.818,100.029,33.275,106.676
97.148,97.105,33.275,106.676
95.818,94.181,33.275,106.676
97.454,91.987,32.565,104.401
100.316,94.849,32.565,104.401
104.219,100.833,32.565,104.401
106.561,108.378,32.565,104.401
110.984,115.403,32.565,104.401
116.448,118.786,32.565,104.401
117.749,116.444,32.565,104.401
114.366,106.297,32.565,104.401
117.228,101.874,32.565,104.401
111.764,91.727,32.565,104.401
105.735,87.063,33.286,106.711
103.342,84.669,33.286,106.711
100.949,82.276,33.286,106.711
99.619,87.329,33.286,106.711
96.694,100.891,33.286,106.711
87.386,115.518,33.286,106.711
82.870,128.703,32.576,104.435
82.090,132.087,32.576,104.435
83.911,127.662,32.576,104.435
84.692,115.950,32.576,104.435
88.076,104.759,32.576,104.435
90.418,95.129,32.576,104.435
92.240,91.225,32.576,104.435
95.347,84.562,31.881,102.208
100.186,85.835,31.881,102.208
99.932,88.128,31.881,102.208
103.243,98.062,31.881,102.208
108.739,108.726,31.201,100.028
110.982,111.967,31.201,100.028
116.361,109.429,30.536,97.895
122.095,105.065,29.885,95.807
120.424,100.528,29.885,95.807
115.409,95.992,29.885,95.807
106.292,87.117,29.248,93.764
105.124,82.678,29.248,93.764
103.956,78.705,29.248,93.764
97.179,81.743,29.248,93.764
92.272,89.454,29.248,93.764
83.349,99.688,28.624,91.765
82.553,109.263,28.013,89.808
80.091,110.830,28.013,89.808
78.076,107.025,28.013,89.808
76.062,103.668,28.013,89.808
80.762,100.311,28.013,89.808
90.337,96.738,27.416,87.893
94.641,89.019,26.831,86.018
97.427,84.946,26.831,86.018
103.644,81.302,26.831,86.018
107.717,82.802,26.831,86.018
113.995,93.018,26.259,84.184
127.824,108.677,25.699,82.389
135.831,117.506,25.699,82.389
146.303,114.837,25.699,82.389
155.879,108.393,25.151,80.632
164.921,105.781,25.151,80.632
163.113,102.766,25.151,80.632
152.061,99.350,25.151,80.632
145.429,97.140,25.151,80.632
137.994,92.920,25.151,80.632
132.569,90.308,25.151,80.632
123.526,98.546,25.151,80.632
116.091,109.197,25.151,80.632
111.469,123.464,25.151,80.632
113.481,131.490,24.615,78.912
117.611,139.946,24.615,78.912
119.774,141.323,24.615,78.912
118.397,133.653,24.615,78.912
118.201,126.377,24.615,78.912
116.824,122.640,24.615,78.912
116.627,118.510,24.615,78.912
118.004,113.594,24.615,78.912
121.868,109.317,24.090,77.229
123.600,109.510,24.090,77.229
123.408,114.321,24.090,77.229
133.223,123.367,24.090,77.229
136.880,128.564,24.090,77.229
138.997,135.300,24.090,77.229
141.500,127.024,24.090,77.229
149.362,112.079,23.576,75.582
152.941,97.575,23.576,75.582
151.623,94.750,23.576,75.582
148.421,89.664,23.576,75.582
145.595,86.462,23.576,75.582
142.770,88.534,23.576,75.582
134.293,100.024,23.576,75.582
119.839,106.095,23.073,73.971
115.230,107.017,23.073,73.971
110.621,107.570,23.073,73.971
96.796,103.699,23.073,73.971
89.237,97.246,23.073,73.971
90.896,90.057,23.073,73.971
96.980,83.605,23.073,73.971
100.246,82.794,22.581,72.393
108.726,86.583,22.581,72.393
116.123,88.928,22.581,72.393
120.633,102.820,22.581,72.393
124.422,116.712,22.581,72.393
127.489,123.749,22.581,72.393
130.195,126.455,22.581,72.393
138.314,121.944,22.581,72.393
139.938,119.238,22.581,72.393
135.788,115.810,22.581,72.393
128.030,115.630,22.581,72.393
118.468,118.697,22.581,72.393
109.989,123.207,22.581,72.393
89.241,125.914,22.581,72.393
79.318,134.393,22.581,72.393
75.138,139.020,23.081,73.995
70.896,131.460,23.081,73.995
72.925,125.006,23.081,73.995
82.330,118.182,23.081,73.995
90.259,111.359,23.081,73.995
99.295,110.437,23.081,73.995
109.069,105.827,23.081,73.995
112.572,113.019,23.081,73.995
121.309,120.427,23.592,75.632
134.541,139.733,24.114,77.305
130.881,136.072,24.114,77.305
135.409,129.655,23.599,75.657
138.750,123.374,23.096,74.043
134.875,115.439,23.096,74.043
132.098,107.158,22.604,72.464
128.666,104.449,22.604,72.464
122.467,110.966,22.122,70.919
114.696,122.795,21.650,69.407
101.723,128.849,21.650,69.407
102.788,133.757,21.188,67.927
104.650,132.572,21.188,67.927
106.851,128.001,21.188,67.927
113.791,123.092,21.188,67.927
121.748,114.797,21.188,67.927
129.316,111.116,20.736,66.478
131.470,108.962,20.736,66.478
132.298,110.122,20.736,66.478
130.807,116.583,20.736,66.478
127.991,124.701,20.736,66.478
131.246,131.638,20.294,65.060
133.029,129.530,20.294,65.060
134.813,122.882,20.294,65.060
140.812,115.586,20.294,65.060
138.380,112.181,20.294,65.060
133.439,109.905,19.861,63.673
130.424,103.717,19.861,63.673
123.918,101.654,19.861,63.673
121.224,106.462,19.438,62.315
111.129,116.557,19.438,62.315
102.899,132.863,19.438,62.315
99.016,139.852,19.438,62.315
96.376,133.174,19.438,62.315
94.637,127.102,19.023,60.986
95.701,120.871,19.023,60.986
97.677,114.943,19.023,60.986
95.976,112.810,18.618,59.686
97.314,113.554,18.618,59.686
100.438,119.058,18.618,59.686
106.834,125.454,18.618,59.686
109.363,127.090,18.618,59.686
111.594,124.561,18.618,59.686
117.097,112.810,18.618,59.686
119.031,101.059,18.618,59.686
113.230,98.828,18.618,59.686
106.239,99.869,18.618,59.686
103.710,99.721,18.618,59.686
96.422,102.249,18.618,59.686
83.481,113.108,18.618,59.686
62.508,123.966,18.618,59.686
55.517,133.932,18.618,59.686
53.285,132.296,18.618,59.686
51.947,125.900,18.618,59.686
58.343,122.776,18.618,59.686
65.036,116.083,18.618,59.686
72.622,109.687,18.618,59.686
78.721,111.620,18.618,59.686
84.225,113.851,18.618,59.686
90.918,115.785,18.618,59.686
101.777,117.421,18.618,59.686
112.933,119.355,18.618,59.686
120.816,111.769,18.618,59.686
131.972,100.316,18.618,59.686
134.501,92.730,18.618,59.686
132.864,90.498,18.618,59.686
135.096,88.267,18.618,59.686
133.162,85.144,18.618,59.686
126.468,89.160,18.618,59.686
115.341,100.549,18.221,58.413
109.081,106.226,18.221,58.413
110.391,111.904,18.221,58.413
108.208,104.770,18.221,58.413
109.227,98.220,18.221,58.413
111.993,95.745,18.221,58.413
113.885,92.979,18.221,58.413
113.448,93.125,18.221,58.413
114.758,96.182,18.221,58.413
117.233,101.277,18.221,58.413
121.455,107.536,18.221,58.413
125.385,112.631,18.221,58.413
131.354,113.942,18.221,58.413
142.563,107.682,18.221,58.413
151.152,95.890,18.221,58.413
151.006,88.466,18.221,58.413
148.535,82.214,17.832,57.167
143.263,80.931,17.832,57.167
140.570,84.425,17.452,55.948
131.483,99.670,17.080,54.755
117.428,109.631,17.080,54.755
115.654,115.226,17.080,54.755
109.513,109.904,17.080,54.755
105.283,102.126,17.080,54.755
105.692,99.534,17.080,54.755
110.741,95.303,17.080,54.755
118.157,91.547,16.715,53.587
121.496,97.824,16.715,53.587
131.512,109.709,16.715,53.587
139.391,120.794,16.715,53.587
146.907,127.930,16.359,52.445
149.129,131.197,16.359,52.445
156.578,119.565,16.359,52.445
161.676,109.763,16.359,52.445
157.624,101.529,16.359,52.445
154.356,99.307,16.359,52.445
151.350,100.744,16.359,52.445
144.685,107.149,16.359,52.445
137.235,115.644,16.359,52.445
122.922,124.644,16.010,51.326
118.445,122.213,16.010,51.326
112.945,114.922,16.010,51.326
104.609,104.743,15.669,50.232
103.482,99.361,15.669,50.232
106.612,94.729,15.669,50.232
111.995,92.851,15.669,50.232
116.626,98.735,15.669,50.232
121.759,104.618,15.669,50.232
127.114,115.651,15.334,49.160
133.118,116.754,15.334,49.160
141.816,110.996,15.334,49.160
148.238,97.231,15.007,48.112
148.118,89.198,15.007,48.112
145.840,86.920,15.007,48.112
142.363,86.560,15.007,48.112
136.728,92.195,15.007,48.112
129.653,100.948,15.007,48.112
123.059,108.742,15.007,48.112
110.949,111.740,15.007,48.112
111.788,112.099,15.007,48.112
103.755,106.704,15.007,48.112
95.481,101.068,15.007,48.112
93.683,99.270,15.007,48.112
97.879,96.512,15.007,48.112
102.795,93.514,15.007,48.112
105.313,95.313,15.007,48.112
114.603,107.267,14.687,47.086
120.118,110.201,14.687,47.086
125.164,108.441,14.687,47.086
132.088,106.446,14.687,47.086
136.664,101.165,14.687,47.086
144.399,92.053,14.374,46.082
146.581,83.900,14.374,46.082
145.088,81.718,14.374,46.082
142.217,85.507,14.374,46.082
137.832,94.743,14.068,45.099
135.247,101.150,14.068,45.099
123.670,114.974,14.068,45.099
108.047,131.946,14.068,45.099
102.765,132.283,14.068,45.099
97.257,123.404,14.068,45.099
93.099,118.346,14.068,45.099
94.110,116.436,14.068,45.099
98.044,111.378,14.068,45.099
104.586,109.367,13.768,44.137
112.615,111.237,13.768,44.137
120.645,113.107,13.768,44.137
126.475,111.897,13.768,44.137
129.885,112.447,13.768,44.137
133.955,110.137,13.768,44.137
139.125,98.147,13.768,44.137
141.215,85.938,13.768,44.137
138.025,77.468,13.768,44.137
