340.000,358.000,18.000,55.000
338.749,357.305,18.000,55.000
338.332,358.556,18.000,55.000
337.637,360.085,18.000,55.000
334.996,359.946,18.000,55.000
335.135,361.197,18.000,55.000
332.772,359.668,18.000,55.000
330.130,360.363,18.000,55.000
327.211,358.278,18.000,55.000
324.014,357.305,18.000,55.000
321.373,359.112,18.000,55.000
319.010,359.529,18.000,55.000
316.924,359.946,18.000,55.000
314.005,360.919,18.000,55.000
311.920,362.726,18.000,55.000
311.781,363.977,18.000,55.000
309.140,364.951,18.000,55.000
307.333,365.368,18.000,55.000
304.970,366.897,18.000,55.000
303.719,368.426,18.000,55.000
303.858,368.565,18.000,55.000
303.997,370.094,18.000,55.000
303.942,370.207,18.398,56.217
302.095,371.485,18.398,56.217
301.952,373.048,18.398,56.217
299.253,371.485,18.398,56.217
298.258,373.048,18.398,56.217
297.264,374.327,18.398,56.217
297.208,375.032,18.805,57.461
295.900,375.177,18.805,57.461
296.627,375.613,18.805,57.461
295.610,376.339,18.805,57.461
294.593,377.646,18.805,57.461
295.320,378.953,18.805,57.461
296.046,377.936,18.805,57.461
296.772,378.082,18.805,57.461
296.627,377.936,18.805,57.461
297.062,379.243,18.805,57.461
298.079,378.517,18.805,57.461
298.224,379.824,18.805,57.461
294.884,377.356,18.805,57.461
294.739,376.629,18.805,57.461
293.432,377.356,18.805,57.461
293.577,375.468,18.805,57.461
292.560,375.322,18.805,57.461
290.672,375.177,18.805,57.461
291.108,376.194,18.805,57.461
289.801,375.177,18.805,57.461
290.237,373.870,18.805,57.461
290.091,374.887,18.805,57.461
290.817,373.870,18.805,57.461
290.382,374.596,18.805,57.461
290.527,376.775,18.805,57.461
289.510,377.210,18.805,57.461
289.075,377.065,18.805,57.461
289.510,377.791,18.805,57.461
287.332,378.517,18.805,57.461
286.606,379.824,18.805,57.461
285.880,380.551,18.805,57.461
283.701,381.567,18.805,57.461
281.813,382.584,18.805,57.461
281.958,384.472,18.805,57.461
279.780,384.326,18.805,57.461
278.763,385.053,18.805,57.461
277.166,386.360,18.805,57.461
274.697,387.086,18.805,57.461
275.133,385.779,18.805,57.461
272.083,383.891,18.805,57.461
272.519,382.874,18.805,57.461
272.083,381.858,18.805,57.461
270.485,379.970,18.805,57.461
270.631,379.243,18.805,57.461
271.357,377.936,18.805,57.461
270.631,375.467,18.805,57.461
269.324,373.580,18.805,57.461
266.564,371.982,18.805,57.461
266.419,370.094,18.805,57.461
264.241,369.368,18.805,57.461
263.514,369.223,18.805,57.461
264.241,368.497,18.805,57.461
264.386,368.932,18.805,57.461
265.286,371.645,18.404,56.235
264.007,372.640,18.404,56.235
264.149,373.635,18.404,56.235
262.301,373.492,18.404,56.235
261.306,371.929,18.404,56.235
259.174,370.650,18.404,56.235
259.317,370.508,18.404,56.235
256.900,368.376,18.404,56.235
255.905,368.518,18.404,56.235
254.058,369.797,18.404,56.235
251.073,370.223,18.404,56.235
251.499,369.797,18.404,56.235
251.073,368.802,18.404,56.235
249.225,367.523,18.404,56.235
247.378,365.675,18.404,56.235
247.804,366.670,18.404,56.235
247.662,364.822,18.404,56.235
248.372,363.543,18.404,56.235
247.378,362.548,18.404,56.235
247.804,364.396,18.404,56.235
245.103,364.538,18.404,56.235
245.814,364.396,18.404,56.235
243.398,361.980,18.404,56.235
243.824,361.553,18.404,56.235
242.545,362.833,18.404,56.235
242.687,364.680,18.404,56.235
240.555,363.401,18.404,56.235
240.129,363.827,18.404,56.235
238.281,365.391,18.404,56.235
237.855,364.396,18.404,56.235
237.428,362.264,18.404,56.235
238.707,360.701,18.404,56.235
240.839,360.274,18.404,56.235
245.246,358.142,18.404,56.235
247.378,352.315,18.404,56.235
249.794,349.330,18.404,56.235
250.220,347.482,18.404,56.235
248.372,349.046,18.404,56.235
248.799,349.756,18.404,56.235
249.225,347.909,18.404,56.235
250.789,348.904,18.404,56.235
253.205,350.467,18.404,56.235
254.200,351.746,18.404,56.235
256.616,352.741,18.404,56.235
257.895,351.462,18.404,56.235
258.890,351.604,18.404,56.235
260.319,351.519,18.012,55.036
261.293,351.936,18.012,55.036
260.319,352.910,18.012,55.036
259.067,353.883,18.012,55.036
259.763,353.744,18.012,55.036
260.180,352.771,18.012,55.036
260.876,354.023,18.012,55.036
261.293,353.327,18.012,55.036
261.710,351.797,18.012,55.036
260.458,349.710,18.012,55.036
260.876,349.015,18.012,55.036
260.180,347.207,18.012,55.036
261.154,347.902,18.012,55.036
261.571,346.650,18.012,55.036
260.876,347.067,18.012,55.036
259.067,347.207,18.012,55.036
258.372,347.624,18.012,55.036
258.789,348.876,18.012,55.036
258.650,348.737,18.012,55.036
259.346,348.041,18.012,55.036
260.041,349.293,18.012,55.036
257.398,352.492,18.012,55.036
256.703,355.414,18.012,55.036
253.782,356.387,18.012,55.036
250.582,356.526,18.012,55.036
247.105,357.778,18.012,55.036
244.184,359.030,18.012,55.036
242.097,357.222,18.012,55.036
242.236,356.248,18.012,55.036
242.375,356.944,18.012,55.036
242.236,358.196,18.012,55.036
240.706,356.387,18.012,55.036
239.176,358.196,18.012,55.036
237.678,359.752,18.410,56.254
237.536,361.884,18.410,56.254
235.403,363.448,18.410,56.254
234.976,364.443,18.410,56.254
232.844,362.595,18.410,56.254
232.493,361.825,18.818,57.498
229.731,364.005,18.818,57.498
229.071,362.012,19.234,58.771
226.546,362.161,19.234,58.771
224.912,360.230,19.234,58.771
224.545,358.809,19.660,60.071
222.268,357.139,19.660,60.071
222.208,353.166,20.095,61.400
220.214,348.462,20.539,62.758
219.493,345.958,20.994,64.147
216.738,346.762,21.458,65.566
214.252,348.916,21.458,65.566
212.429,348.088,21.458,65.566
213.589,347.922,21.458,65.566
212.836,346.681,21.933,67.017
211.715,347.169,22.418,68.500
209.132,349.465,22.914,70.015
209.796,350.710,23.421,71.564
208.224,350.857,23.939,73.148
207.383,351.007,24.469,74.766
202.996,349.199,25.010,76.420
203.189,351.324,25.010,76.420
199.505,351.080,25.564,78.111
197.729,351.672,25.564,78.111
195.162,351.869,25.564,78.111
193.036,352.029,26.129,79.839
190.009,355.056,26.129,79.839
186.579,357.680,26.129,79.839
186.499,354.493,26.707,81.606
182.993,356.762,26.707,81.606
182.374,361.094,26.707,81.606
178.441,365.112,27.298,83.411
177.483,364.846,27.902,85.257
176.405,366.354,27.902,85.257
172.296,363.846,28.519,87.143
170.381,362.197,29.150,89.071
167.022,364.715,29.795,91.042
165.021,368.243,30.455,93.056
160.048,365.994,31.128,95.115
160.769,367.677,31.128,95.115
161.010,370.321,31.128,95.115
161.731,374.408,31.128,95.115
159.641,372.109,31.817,97.219
155.465,369.758,32.521,99.370
155.887,372.568,33.241,101.569
150.496,376.418,33.241,101.569
147.731,375.029,33.976,103.816
147.083,371.430,34.728,106.113
144.133,374.380,34.728,106.113
139.575,375.154,35.496,108.461
136.011,369.946,35.496,108.461
130.784,362.204,36.282,110.860
130.091,358.362,37.084,113.313
128.790,352.651,37.905,115.820
129.668,347.675,37.905,115.820
131.375,348.519,38.743,118.383
138.855,349.417,38.743,118.383
148.729,350.315,38.743,118.383
159.165,348.074,39.601,121.002
167.294,343.879,40.477,123.679
178.197,338.944,41.372,126.415
184.907,342.458,41.372,126.415
193.533,347.251,41.372,126.415
201.521,360.990,41.372,126.415
204.047,365.227,42.288,129.212
207.306,366.169,43.223,132.071
214.793,358.128,44.180,134.993
216.782,357.697,45.157,137.980
218.092,357.256,46.156,141.033
218.691,361.243,47.177,144.153
217.791,368.342,48.221,147.342
215.326,370.962,49.288,150.602
217.545,375.220,50.379,153.934
219.813,379.572,51.493,157.340
225.778,383.151,51.493,157.340
234.698,382.648,52.632,160.821
240.441,376.230,53.797,164.380
241.688,370.829,53.797,164.380
238.075,364.269,54.987,168.017
230.858,354.921,56.204,171.734
226.184,343.564,57.447,175.534
223.247,332.877,58.718,179.417
224.607,324.261,58.718,179.417
228.192,311.455,60.017,183.387
222.166,304.503,60.017,183.387
225.830,301.031,61.345,187.444
227.609,295.517,62.703,191.591
230.999,287.285,62.703,191.591
236.325,293.580,62.703,191.591
240.684,300.844,62.703,191.591
245.042,298.422,62.703,191.591
252.305,292.127,62.703,191.591
259.569,293.580,62.703,191.591
262.958,298.907,62.703,191.591
266.348,299.391,62.703,191.591
269.738,304.717,62.703,191.591
270.222,311.012,62.703,191.591
268.769,317.308,62.703,191.591
267.573,313.681,64.090,195.830
260.149,307.247,64.090,195.830
257.674,302.792,64.090,195.830
250.290,300.112,65.508,200.163
244.725,294.547,65.508,200.163
244.219,289.994,65.508,200.163
234.607,290.500,65.508,200.163
238.148,292.018,65.508,200.163
241.689,287.464,65.508,200.163
256.360,289.994,65.508,200.163
261.925,281.394,65.508,200.163
267.490,272.793,65.508,200.163
270.020,268.240,65.508,200.163
272.549,265.711,65.508,200.163
282.161,258.122,65.508,200.163
284.691,251.545,65.508,200.163
286.209,256.099,65.508,200.163
283.679,263.687,65.508,200.163
288.232,268.240,65.508,200.163
292.785,268.746,65.508,200.163
296.327,272.287,65.508,200.163
296.833,275.829,65.508,200.163
292.434,268.891,66.957,204.592
296.053,267.339,66.957,204.592
297.605,263.720,66.957,204.592
289.848,267.339,66.957,204.592
281.058,271.993,66.957,204.592
277.438,267.339,66.957,204.592
271.750,271.993,66.957,204.592
270.199,265.271,66.957,204.592
264.511,258.549,66.957,204.592
266.062,263.203,66.957,204.592
254.169,261.651,66.957,204.592
251.583,268.374,66.957,204.592
246.929,264.754,66.957,204.592
246.412,266.305,66.957,204.592
241.758,271.993,66.957,204.592
240.207,267.339,66.957,204.592
242.793,269.925,66.957,204.592
239.173,270.442,66.957,204.592
239.690,274.062,66.957,204.592
235.036,266.305,66.957,204.592
231.416,260.617,66.957,204.592
226.763,255.963,66.957,204.592
233.485,256.480,66.957,204.592
239.173,262.168,66.957,204.592
247.964,268.891,66.957,204.592
253.652,272.510,66.957,204.592
259.340,277.164,66.957,204.592
265.028,282.852,66.957,204.592
272.784,299.916,66.957,204.592
279.506,312.844,66.957,204.592
285.194,319.566,66.957,204.592
288.814,325.254,66.957,204.592
290.365,329.908,66.957,204.592
291.917,334.562,66.957,204.592
293.468,338.181,66.957,204.592
296.053,340.767,66.957,204.592
294.502,341.284,66.957,204.592
293.985,342.835,66.957,204.592
294.502,347.489,66.957,204.592
297.088,353.177,66.957,204.592
291.400,359.899,66.957,204.592
289.848,364.553,66.957,204.592
285.194,367.139,66.957,204.592
286.746,370.758,66.957,204.592
280.023,374.378,66.957,204.592
278.472,383.169,66.957,204.592
270.713,392.826,65.529,200.229
272.231,389.284,65.529,200.229
272.738,385.741,65.529,200.229
269.195,382.199,65.529,200.229
265.653,375.620,65.529,200.229
265.146,368.029,65.529,200.229
263.628,359.426,65.529,200.229
264.134,355.883,65.529,200.229
265.653,348.292,65.529,200.229
267.171,341.713,65.529,200.229
266.665,337.159,65.529,200.229
268.183,338.677,65.529,200.229
265.653,334.122,65.529,200.229
267.171,338.677,65.529,200.229
265.653,343.232,65.529,200.229
268.183,345.762,65.529,200.229
270.083,346.172,66.979,204.659
267.732,347.665,68.461,209.187
264.232,349.190,69.976,213.815
252.805,355.235,71.524,218.546
241.206,367.939,71.524,218.546
247.282,364.073,71.524,218.546
250.044,366.835,71.524,218.546
250.596,368.492,71.524,218.546
251.148,360.206,71.524,218.546
250.596,368.492,71.524,218.546
248.939,380.091,71.524,218.546
251.701,386.167,71.524,218.546
258.320,363.475,69.999,213.885
263.755,362.108,68.506,209.324
269.575,354.172,68.506,209.324
277.511,355.759,68.506,209.324
289.970,352.382,67.045,204.860
308.092,347.722,67.045,204.860
317.930,351.347,67.045,204.860
338.123,356.007,67.045,204.860
347.960,362.738,67.045,204.860
354.165,357.436,65.615,200.492
359.260,341.502,64.216,196.216
379.543,348.853,62.847,192.032
391.677,352.250,62.847,192.032
397.986,344.970,62.847,192.032
415.944,341.572,62.847,192.032
430.020,336.234,62.847,192.032
435.358,330.895,62.847,192.032
440.697,333.321,62.847,192.032
442.153,336.719,62.847,192.032
445.551,343.028,62.847,192.032
443.124,376.518,62.847,192.032
443.609,382.827,62.847,192.032
442.153,381.371,62.847,192.032
442.356,356.754,61.506,187.936
437.131,344.879,61.506,187.936
430.956,346.304,61.506,187.936
421.931,348.679,61.506,187.936
399.606,352.954,61.506,187.936
385.831,356.279,61.506,187.936
371.106,352.954,61.506,187.936
358.281,355.329,61.506,187.936
347.356,359.604,61.506,187.936
337.381,358.179,61.506,187.936
327.406,361.504,61.506,187.936
319.331,367.679,61.506,187.936
316.956,365.304,61.506,187.936
310.781,364.829,61.506,187.936
302.706,368.154,61.506,187.936
297.481,366.729,61.506,187.936
294.156,364.354,61.506,187.936
287.031,366.729,61.506,187.936
278.006,367.204,61.506,187.936
274.681,370.529,61.506,187.936
277.056,373.854,61.506,187.936
270.881,370.529,61.506,187.936
273.256,371.004,61.506,187.936
273.731,372.429,61.506,187.936
274.206,376.704,61.506,187.936
275.631,378.129,61.506,187.936
276.106,380.504,61.506,187.936
276.581,377.179,61.506,187.936
278.956,381.454,61.506,187.936
280.381,383.829,61.506,187.936
282.756,375.754,61.506,187.936
282.281,368.629,61.506,187.936
279.906,365.304,61.506,187.936
278.481,366.729,61.506,187.936
278.006,359.604,61.506,187.936
275.631,355.329,61.506,187.936
277.056,355.804,61.506,187.936
273.731,348.679,61.506,187.936
271.356,349.154,61.506,187.936
267.081,354.379,61.506,187.936
261.965,346.879,62.867,192.095
262.781,340.220,64.258,196.345
265.262,345.679,64.258,196.345
260.947,352.260,65.680,200.689
262.852,360.038,67.133,205.129
259.222,370.926,67.133,205.129
254.556,374.555,67.133,205.129
254.352,365.293,68.618,209.668
257.001,366.883,68.618,209.668
252.232,358.934,68.618,209.668
255.941,354.165,68.618,209.668
255.732,346.897,70.137,214.306
253.024,342.022,70.137,214.306
251.399,345.814,70.137,214.306
251.941,338.772,70.137,214.306
248.149,332.814,70.137,214.306
244.357,334.439,70.137,214.306
243.816,336.064,70.137,214.306
237.858,339.856,70.137,214.306
227.642,336.398,68.641,209.736
223.931,329.507,68.641,209.736
219.160,320.495,68.641,209.736
220.751,311.483,68.641,209.736
224.461,300.351,68.641,209.736
234.533,290.279,68.641,209.736
244.605,275.967,68.641,209.736
253.001,259.298,67.177,205.264
269.084,247.366,67.177,205.264
282.053,234.396,67.177,205.264
288.798,230.765,67.177,205.264
291.392,236.471,67.177,205.264
295.608,243.160,65.745,200.886
297.132,246.715,65.745,200.886
298.655,251.284,65.745,200.886
295.101,254.838,65.745,200.886
294.593,262.454,65.745,200.886
293.070,274.132,65.745,200.886
290.531,280.732,65.745,200.886
292.054,281.240,65.745,200.886
294.223,285.829,64.343,196.602
296.708,281.357,64.343,196.602
300.186,275.891,64.343,196.602
301.677,272.413,64.343,196.602
302.174,275.891,64.343,196.602
303.665,274.400,64.343,196.602
304.161,274.897,64.343,196.602
307.640,276.388,64.343,196.602
311.118,279.866,64.343,196.602
318.572,272.413,64.343,196.602
330.994,270.922,64.343,196.602
341.429,271.419,64.343,196.602
349.876,272.910,64.343,196.602
356.336,273.407,64.343,196.602
361.802,274.897,64.343,196.602
367.268,277.382,64.343,196.602
372.734,277.879,64.343,196.602
379.194,284.338,64.343,196.602
378.697,286.823,64.343,196.602
368.262,289.307,64.343,196.602
364.783,293.779,64.343,196.602
367.268,291.295,64.343,196.602
371.740,295.767,64.343,196.602
377.206,303.221,64.343,196.602
385.653,308.686,64.343,196.602
390.125,306.202,64.343,196.602
394.597,310.674,64.343,196.602
399.070,316.140,64.343,196.602
403.542,318.624,64.343,196.602
407.020,314.152,64.343,196.602
403.542,309.680,64.343,196.602
393.107,308.190,64.343,196.602
369.752,312.662,64.343,196.602
354.348,320.115,64.343,196.602
340.932,324.587,64.343,196.602
314.596,320.115,64.343,196.602
304.161,314.649,64.343,196.602
290.745,311.171,64.343,196.602
277.329,315.643,64.343,196.602
265.900,323.097,64.343,196.602
260.434,329.556,64.343,196.602
255.962,322.103,64.343,196.602
259.440,329.556,64.343,196.602
249.999,335.022,64.343,196.602
251.490,347.445,64.343,196.602
255.962,354.898,64.343,196.602
251.490,349.432,64.343,196.602
259.937,342.973,64.343,196.602
264.409,323.594,64.343,196.602
256.956,314.152,64.343,196.602
247.514,307.693,64.343,196.602
228.135,302.227,64.343,196.602
209.750,302.724,64.343,196.602
210.247,299.245,64.343,196.602
207.762,289.804,64.343,196.602
215.216,283.344,64.343,196.602
220.682,278.872,64.343,196.602
224.160,274.400,64.343,196.602
233.601,267.941,64.343,196.602
250.993,261.481,64.343,196.602
261.428,254.027,64.343,196.602
271.863,248.561,64.343,196.602
281.304,247.071,64.343,196.602
298.695,252.537,64.343,196.602
304.161,256.015,64.343,196.602
309.627,257.506,64.343,196.602
316.087,267.941,64.343,196.602
312.609,274.400,64.343,196.602
309.130,283.841,64.343,196.602
314.596,290.301,64.343,196.602
309.130,286.823,64.343,196.602
308.633,290.301,64.343,196.602
310.124,294.773,64.343,196.602
316.584,288.314,64.343,196.602
325.667,276.343,65.766,200.952
333.286,272.788,65.766,200.952
343.288,283.253,64.364,196.667
355.952,282.954,62.991,192.473
367.141,278.576,62.991,192.473
377.356,284.900,62.991,192.473
386.599,279.549,62.991,192.473
403.625,271.279,62.991,192.473
419.679,264.955,62.991,192.473
425.030,259.604,62.991,192.473
424.543,258.145,62.991,192.473
427.949,258.631,62.991,192.473
431.354,264.955,62.991,192.473
429.895,266.415,62.991,192.473
431.354,271.766,62.991,192.473
430.867,268.361,62.991,192.473
432.946,277.446,61.648,188.368
430.565,284.587,61.648,188.368
426.281,286.016,61.648,188.368
423.900,293.157,61.648,188.368
416.759,299.346,61.648,188.368
404.856,306.488,61.648,188.368
386.289,315.533,61.648,188.368
369.968,323.507,60.333,184.351
361.115,329.564,60.333,184.351
351.330,331.894,60.333,184.351
340.613,327.701,60.333,184.351
332.692,326.303,60.333,184.351
325.703,331.428,60.333,184.351
317.782,332.826,60.333,184.351
311.725,335.156,60.333,184.351
305.632,340.265,59.047,180.420
308.824,344.369,59.047,180.420
308.368,343.001,59.047,180.420
303.352,332.513,59.047,180.420
299.248,325.673,59.047,180.420
303.352,321.569,59.047,180.420
304.720,320.201,59.047,180.420
307.000,314.273,59.047,180.420
301.984,310.169,59.047,180.420
296.056,310.625,59.047,180.420
290.128,315.641,59.047,180.420
281.464,312.449,59.047,180.420
275.536,307.433,59.047,180.420
265.960,308.801,59.047,180.420
254.722,313.801,57.787,176.572
243.725,313.533,56.555,172.807
233.803,319.165,55.349,169.122
222.262,313.608,55.349,169.122
210.721,309.761,55.349,169.122
200.035,314.463,55.349,169.122
184.220,307.196,55.349,169.122
175.243,302.494,55.349,169.122
168.831,308.051,55.349,169.122
157.290,311.898,55.349,169.122
150.024,310.616,55.349,169.122
141.902,313.608,55.349,169.122
133.781,310.616,55.349,169.122
125.659,307.624,55.349,169.122
117.538,303.777,55.349,169.122
108.561,307.624,55.349,169.122
103.005,302.067,55.349,169.122
99.158,297.365,55.349,169.122
95.311,293.518,55.349,169.122
96.593,295.655,55.349,169.122
95.311,299.502,55.349,169.122
99.158,304.204,55.349,169.122
97.875,304.631,55.349,169.122
102.997,311.791,54.169,165.515
105.926,313.046,54.169,165.515
112.201,317.647,54.169,165.515
117.639,319.739,54.169,165.515
122.241,316.811,54.169,165.515
127.679,313.882,54.169,165.515
133.954,316.811,54.169,165.515
139.392,313.882,54.169,165.515
145.667,310.954,54.169,165.515
150.269,313.046,54.169,165.515
154.870,315.137,54.169,165.515
159.472,311.372,54.169,165.515
161.564,312.627,54.169,165.515
161.982,308.026,54.169,165.515
163.237,303.424,54.169,165.515
164.492,300.496,54.169,165.515
165.747,295.894,54.169,165.515
169.512,297.986,54.169,165.515
173.277,295.057,54.169,165.515
177.879,298.822,54.169,165.515
179.134,304.261,54.169,165.515
174.532,304.679,54.169,165.515
177.460,303.424,54.169,165.515
179.552,308.026,54.169,165.515
180.807,309.281,54.169,165.515
183.735,303.842,54.169,165.515
187.500,308.444,54.169,165.515
190.429,311.372,54.169,165.515
193.357,312.627,54.169,165.515
197.122,309.699,54.169,165.515
200.887,310.117,54.169,165.515
202.979,315.556,54.169,165.515
201.724,319.321,54.169,165.515
203.815,320.576,54.169,165.515
207.580,317.647,54.169,165.515
209.672,321.412,54.169,165.515
210.090,326.014,54.169,165.515
208.835,328.106,54.169,165.515
210.927,328.524,54.169,165.515
212.182,333.126,54.169,165.515
214.273,335.217,54.169,165.515
216.365,327.269,54.169,165.515
219.293,321.831,54.169,165.515
221.385,326.432,54.169,165.515
223.477,321.831,54.169,165.515
226.405,314.719,54.169,165.515
229.333,306.771,54.169,165.515
233.098,303.842,54.169,165.515
236.863,304.261,54.169,165.515
238.955,308.862,54.169,165.515
241.883,308.444,54.169,165.515
244.812,305.516,54.169,165.515
244.393,308.444,54.169,165.515
244.812,312.209,54.169,165.515
242.720,312.627,54.169,165.515
238.955,307.189,54.169,165.515
240.210,304.261,54.169,165.515
236.445,303.842,54.169,165.515
236.027,299.241,54.169,165.515
233.098,293.802,54.169,165.515
231.843,296.731,54.169,165.515
230.588,300.496,54.169,165.515
232.680,295.057,54.169,165.515
233.098,297.149,54.169,165.515
236.027,297.567,54.169,165.515
243.138,296.312,54.169,165.515
248.577,300.077,54.169,165.515
254.015,307.189,54.169,165.515
261.127,308.444,54.169,165.515
270.748,302.169,54.169,165.515
284.553,297.567,54.169,165.515
290.464,289.226,55.367,169.177
299.443,289.654,55.367,169.177
305.857,283.240,55.367,169.177
312.271,278.537,55.367,169.177
317.830,282.385,55.367,169.177
317.402,284.523,55.367,169.177
320.395,282.385,55.367,169.177
320.823,280.247,55.367,169.177
321.250,277.254,55.367,169.177
319.112,281.102,55.367,169.177
315.264,284.095,55.367,169.177
308.850,279.392,55.367,169.177
305.002,281.530,55.367,169.177
297.733,281.102,55.367,169.177
291.319,273.833,55.367,169.177
285.761,268.274,55.367,169.177
277.637,272.978,55.367,169.177
268.657,276.826,55.367,169.177
263.099,269.557,55.367,169.177
266.092,266.564,55.367,169.177
258.823,272.978,55.367,169.177
260.105,271.695,55.367,169.177
259.678,277.254,55.367,169.177
259.250,282.812,55.367,169.177
262.243,285.805,55.367,169.177
263.246,290.494,54.186,165.569
261.807,295.890,53.031,162.039
263.036,300.395,53.031,162.039
260.169,308.176,53.031,162.039
258.121,311.862,53.031,162.039
261.807,313.910,53.031,162.039
258.940,318.415,53.031,162.039
261.807,323.739,53.031,162.039
262.216,317.596,53.031,162.039
259.350,314.729,53.031,162.039
259.759,315.957,53.031,162.039
256.892,308.995,53.031,162.039
259.759,303.671,53.031,162.039
259.350,300.804,53.031,162.039
260.310,297.400,51.900,158.583
256.825,290.240,53.048,162.092
250.678,289.204,51.917,158.635
254.286,290.407,51.917,158.635
256.291,288.402,51.917,158.635
259.097,283.992,51.917,158.635
259.498,280.384,51.917,158.635
260.701,285.596,51.917,158.635
258.697,290.808,51.917,158.635
257.494,288.803,51.917,158.635
263.508,282.789,51.917,158.635
267.116,275.973,51.917,158.635
269.923,274.770,51.917,158.635
273.531,279.181,51.917,158.635
273.932,275.572,51.917,158.635
277.541,270.360,51.917,158.635
280.347,265.950,51.917,158.635
281.550,263.945,51.917,158.635
283.555,265.950,51.917,158.635
288.767,270.360,51.917,158.635
288.934,276.302,50.810,155.252
295.605,274.341,50.810,155.252
290.504,268.455,50.810,155.252
283.835,263.073,51.934,158.687
267.032,275.882,53.083,162.198
248.156,281.318,54.257,165.787
240.195,279.223,54.257,165.787
221.771,276.085,55.458,169.455
211.826,276.432,56.685,173.204
201.757,271.616,56.685,173.204
194.315,279.934,56.685,173.204
184.247,283.874,56.685,173.204
175.929,283.436,56.685,173.204
156.681,277.432,57.939,177.036
148.179,281.459,57.939,177.036
138.878,278.603,56.704,173.261
131.463,274.963,55.494,169.566
135.772,272.227,54.311,165.950
138.708,270.969,54.311,165.950
140.283,265.217,55.512,169.621
141.569,262.216,55.512,169.621
142.855,260.072,55.512,169.621
143.576,254.193,56.741,173.374
147.137,253.085,55.531,169.677
152.276,256.961,54.346,166.059
149.338,251.505,54.346,166.059
153.955,248.567,54.346,166.059
155.214,250.665,54.346,166.059
159.831,253.603,54.346,166.059
157.732,256.541,54.346,166.059
161.510,260.319,54.346,166.059
161.929,259.059,54.346,166.059
160.486,266.089,53.188,162.517
165.438,263.865,54.364,166.113
160.820,269.323,54.364,166.113
157.881,273.941,54.364,166.113
162.499,278.559,54.364,166.113
160.400,278.979,54.364,166.113
161.659,283.598,54.364,166.113
160.400,291.575,54.364,166.113
155.878,294.528,55.567,169.788
158.882,301.824,55.567,169.788
161.028,301.394,55.567,169.788
165.748,304.398,55.567,169.788
161.886,303.111,55.567,169.788
159.740,301.824,55.567,169.788
166.177,300.536,55.567,169.788
171.319,301.933,54.382,166.168
170.899,294.793,54.382,166.168
178.039,291.013,54.382,166.168
185.179,289.754,54.382,166.168
191.478,287.654,54.382,166.168
196.098,283.874,54.382,166.168
201.558,280.934,54.382,166.168
200.923,283.111,53.222,162.624
204.623,278.589,53.222,162.624
209.548,275.965,52.087,159.156
205.928,270.736,52.087,159.156
213.571,264.702,52.087,159.156
