264.000,311.000,37.000,69.000
265.856,308.731,37.000,69.000
266.475,308.112,37.000,69.000
266.682,305.018,37.000,69.000
267.713,299.861,37.000,69.000
268.744,297.180,37.000,69.000
269.363,294.498,37.000,69.000
270.394,293.467,37.000,69.000
270.601,292.023,37.000,69.000
271.632,290.167,37.000,69.000
267.713,292.023,37.000,69.000
265.031,293.467,37.000,69.000
263.175,294.911,37.000,69.000
263.381,293.880,37.000,69.000
264.412,292.023,37.000,69.000
262.143,293.054,37.000,69.000
260.287,291.611,37.000,69.000
258.431,292.229,37.000,69.000
255.749,290.373,37.000,69.000
256.368,291.817,37.000,69.000
252.861,292.848,37.000,69.000
253.480,290.167,37.000,69.000
251.624,288.310,37.000,69.000
250.592,285.629,37.000,69.000
247.911,283.772,37.000,69.000
246.054,281.916,37.000,69.000
245.455,280.862,36.211,67.529
244.090,280.998,35.439,66.088
241.521,282.777,35.439,66.088
238.953,288.506,35.439,66.088
240.336,291.470,35.439,66.088
242.047,294.269,34.683,64.679
243.787,293.689,34.683,64.679
247.074,294.269,34.683,64.679
255.775,295.622,34.683,64.679
264.089,296.976,34.683,64.679
273.218,296.734,33.943,63.300
279.084,296.166,33.943,63.300
285.329,297.491,33.943,63.300
293.087,293.895,33.943,63.300
300.467,295.977,33.943,63.300
308.307,299.388,33.220,61.950
316.337,302.369,32.511,60.629
324.545,302.840,31.818,59.336
332.527,304.437,31.818,59.336
340.560,307.292,31.139,58.071
348.756,309.417,30.475,56.832
358.088,311.825,29.825,55.620
365.297,314.181,29.189,54.434
373.271,315.645,29.189,54.434
381.244,315.157,29.189,54.434
393.123,316.621,29.189,54.434
404.677,316.459,29.189,54.434
412.976,316.947,29.189,54.434
421.926,318.411,29.189,54.434
431.201,318.900,29.189,54.434
440.477,318.737,29.189,54.434
451.054,320.852,29.189,54.434
457.075,321.991,29.189,54.434
461.307,320.533,28.567,53.273
464.015,317.188,28.567,53.273
465.701,316.375,27.958,52.137
466.480,314.660,27.958,52.137
466.327,317.770,27.361,51.025
466.178,320.226,26.778,49.937
466.320,318.888,26.207,48.872
466.485,320.621,26.787,49.954
465.439,319.575,26.787,49.954
465.589,321.815,26.787,49.954
464.245,320.173,26.787,49.954
463.793,318.535,27.379,51.059
465.778,317.162,27.379,51.059
464.683,315.172,27.985,52.189
464.535,316.699,28.604,53.343
464.686,315.269,27.994,52.206
464.215,313.234,28.614,53.361
463.402,315.127,29.247,54.541
463.565,313.985,29.247,54.541
462.057,311.183,29.894,55.748
463.283,312.814,30.555,56.981
462.788,315.228,29.904,55.766
462.954,317.728,29.904,55.766
462.105,315.901,30.565,57.000
463.297,317.775,30.565,57.000
462.105,319.649,30.565,57.000
461.590,317.428,31.242,58.261
462.870,319.132,31.933,59.550
461.224,317.181,32.639,60.868
460.674,315.941,33.361,62.215
462.348,316.499,33.361,62.215
461.786,313.302,34.100,63.591
408.749,271.772,34.854,64.998
406.611,276.630,34.854,64.998
404.862,281.099,34.854,64.998
396.119,291.397,34.854,64.998
393.981,295.089,34.854,64.998
396.119,298.003,34.854,64.998
397.479,300.141,34.854,64.998
401.171,300.724,34.854,64.998
403.697,302.084,34.854,64.998
407.000,303.833,34.854,64.998
411.080,304.804,34.854,64.998
414.384,305.776,34.854,64.998
417.298,306.747,34.854,64.998
419.824,307.719,34.854,64.998
423.516,307.913,34.854,64.998
426.042,308.107,34.854,64.998
430.511,307.524,34.854,64.998
432.648,308.885,34.854,64.998
434.786,310.245,34.854,64.998
437.218,312.249,34.111,63.612
440.070,310.918,34.111,63.612
443.303,311.488,34.111,63.612
445.775,312.439,34.111,63.612
445.585,313.390,34.111,63.612
447.296,315.482,34.111,63.612
449.768,316.052,34.111,63.612
449.578,314.341,34.111,63.612
452.050,316.052,34.111,63.612
451.480,314.721,34.111,63.612
451.290,313.009,34.111,63.612
454.403,316.437,33.383,62.255
453.100,316.251,33.383,62.255
456.147,317.812,32.671,60.928
455.968,319.690,31.975,59.628
455.794,321.529,31.293,58.357
454.905,318.892,31.985,59.648
405.156,326.927,32.693,60.968
404.244,330.390,32.693,60.968
404.791,332.760,32.693,60.968
412.264,330.390,32.693,60.968
419.372,329.114,32.693,60.968
424.872,329.007,33.416,62.317
429.529,329.194,33.416,62.317
433.814,332.361,33.416,62.317
438.099,336.273,33.416,62.317
442.011,339.812,33.416,62.317
446.296,341.861,33.416,62.317
449.835,344.283,33.416,62.317
453.002,342.979,33.416,62.317
455.796,341.675,33.416,62.317
457.051,334.978,32.704,60.988
457.926,332.992,32.006,59.687
455.000,321.074,31.324,58.414
454.156,320.182,30.656,57.169
455.694,318.302,30.656,57.169
454.498,319.498,30.656,57.169
421.172,343.937,30.656,57.169
423.052,344.792,30.656,57.169
424.202,346.225,30.002,55.949
423.701,347.061,30.002,55.949
425.972,345.227,30.666,57.187
428.878,345.740,30.666,57.187
430.417,345.911,30.666,57.187
432.297,346.082,30.666,57.187
434.178,345.227,30.666,57.187
436.400,345.740,30.666,57.187
438.964,346.253,30.666,57.187
441.529,346.766,30.666,57.187
444.093,346.595,30.666,57.187
446.657,347.792,30.666,57.187
449.222,346.595,30.666,57.187
451.786,346.082,30.666,57.187
454.351,345.569,30.666,57.187
456.820,346.344,30.012,55.968
459.999,345.842,30.012,55.968
458.158,347.348,30.012,55.968
448.973,340.306,30.676,57.206
451.196,342.187,30.676,57.206
452.736,339.964,30.676,57.206
455.643,341.845,30.676,57.206
458.892,338.596,30.676,57.206
460.373,342.008,30.022,55.986
460.540,340.167,30.022,55.986
462.466,343.541,30.686,57.225
461.952,344.739,30.686,57.225
461.435,344.993,31.365,58.491
447.272,383.986,31.365,58.491
447.797,385.210,31.365,58.491
450.420,386.434,31.365,58.491
452.271,388.574,30.696,57.244
454.153,388.745,30.696,57.244
453.986,393.809,30.041,56.023
455.493,392.637,30.041,56.023
453.651,393.139,30.041,56.023
455.828,394.311,30.041,56.023
453.651,395.149,30.041,56.023
452.813,396.656,30.041,56.023
454.392,396.905,30.706,57.262
453.536,397.419,30.706,57.262
453.708,395.878,30.706,57.262
452.852,395.364,30.706,57.262
451.269,393.488,31.385,58.529
447.110,391.570,32.080,59.824
449.434,393.537,32.080,59.824
451.121,391.205,32.789,61.148
449.051,392.235,33.515,62.501
450.359,392.049,33.515,62.501
449.425,391.114,33.515,62.501
451.854,392.049,33.515,62.501
451.667,393.357,33.515,62.501
453.348,393.170,33.515,62.501
452.414,395.225,33.515,62.501
452.227,396.159,33.515,62.501
453.845,398.086,32.800,61.168
453.662,395.709,32.800,61.168
454.577,394.429,32.800,61.168
455.103,396.668,32.101,59.863
453.850,398.278,32.101,59.863
456.176,396.668,32.101,59.863
457.381,397.823,31.416,58.587
458.898,396.929,30.746,57.337
457.739,398.366,30.090,56.115
428.794,372.286,29.449,54.918
429.661,370.827,30.100,56.133
431.591,373.166,30.766,57.375
434.729,372.951,30.110,56.152
437.009,371.807,30.776,57.394
439.239,371.635,30.776,57.394
440.857,372.959,31.457,58.664
443.238,358.664,32.153,59.962
446.518,358.439,31.468,58.683
449.149,356.509,31.468,58.683
451.781,357.737,31.468,58.683
454.412,354.755,31.468,58.683
457.044,329.669,31.468,58.683
458.563,323.024,30.797,57.432
460.108,321.135,30.797,57.432
458.164,319.253,31.478,58.702
460.446,322.587,31.478,58.702
458.095,318.843,32.174,60.001
454.575,309.432,32.886,61.328
452.880,307.042,33.614,62.685
450.818,310.977,33.614,62.685
448.008,310.790,33.614,62.685
444.447,313.226,33.614,62.685
443.103,310.394,34.358,64.072
444.061,309.436,34.358,64.072
443.486,308.096,34.358,64.072
443.678,307.521,34.358,64.072
445.785,309.245,34.358,64.072
447.125,305.989,34.358,64.072
446.551,303.499,34.358,64.072
448.579,302.151,33.625,62.706
448.757,296.496,32.908,61.369
447.472,294.845,32.908,61.369
444.720,292.460,32.908,61.369
443.069,295.945,32.908,61.369
443.987,298.697,32.908,61.369
443.803,291.909,32.908,61.369
441.785,289.891,32.908,61.369
446.180,288.641,33.636,62.726
447.867,291.079,33.636,62.726
447.305,290.142,33.636,62.726
445.992,293.704,33.636,62.726
445.808,293.108,32.919,61.389
443.152,291.463,32.217,60.080
444.769,290.924,32.217,60.080
444.230,290.026,32.217,60.080
441.536,288.410,32.217,60.080
439.201,287.871,32.217,60.080
442.385,285.902,32.929,61.409
444.683,289.919,32.227,60.099
443.021,287.949,32.940,61.429
441.001,290.336,32.940,61.429
444.715,290.106,32.238,60.119
446.965,292.999,31.550,58.837
448.488,295.491,30.877,57.582
448.983,298.594,30.219,56.354
448.169,297.409,29.575,55.153
448.961,297.520,28.944,53.976
449.114,300.118,28.327,52.825
448.959,300.224,27.723,51.699
451.191,299.733,27.131,50.596
452.855,297.464,27.131,50.596
454.216,303.665,27.131,50.596
453.763,305.027,27.131,50.596
454.489,304.546,26.553,49.517
455.229,307.062,26.553,49.517
456.511,309.730,25.987,48.461
458.045,309.828,25.432,47.428
459.000,310.744,24.890,46.417
457.141,311.814,25.441,47.444
459.462,312.730,24.898,46.432
461.467,313.894,24.367,45.442
462.690,312.400,24.367,45.442
462.010,311.720,24.367,45.442
461.331,310.498,24.367,45.442
463.293,307.447,23.848,44.473
464.756,305.187,23.848,44.473
464.369,306.046,23.339,43.524
465.245,306.886,22.841,42.596
465.366,305.990,22.354,41.688
466.737,304.868,22.354,41.688
448.776,303.243,22.849,42.610
448.649,303.116,22.849,42.610
449.015,304.184,22.362,41.701
450.137,304.309,22.362,41.701
452.606,305.270,22.856,42.624
454.865,304.667,23.362,43.567
456.037,303.755,23.362,43.567
456.948,305.448,23.362,43.567
458.176,304.561,23.879,44.531
459.374,303.629,23.879,44.531
437.703,266.260,24.407,45.516
443.281,264.763,24.407,45.516
449.364,262.989,24.947,46.523
453.954,265.075,24.947,46.523
457.303,266.510,24.415,45.531
454.717,267.190,24.415,45.531
450.225,265.965,24.415,45.531
451.722,264.196,24.415,45.531
453.288,262.139,24.955,46.538
455.931,263.113,24.955,46.538
458.575,264.365,24.955,46.538
458.992,262.834,24.955,46.538
459.688,263.530,24.955,46.538
458.992,265.895,24.955,46.538
455.973,267.545,25.508,47.568
454.658,268.642,26.072,48.621
455.967,269.950,26.072,48.621
457.275,270.967,26.072,48.621
459.164,272.566,26.072,48.621
460.983,275.186,25.516,47.584
460.570,275.282,24.972,46.569
461.823,274.865,24.972,46.569
461.150,276.837,24.439,45.576
463.643,277.454,23.918,44.604
463.255,278.573,23.408,43.653
463.379,280.422,22.909,42.722
462.996,277.740,22.909,42.722
462.357,277.867,22.909,42.722
464.694,278.692,22.420,41.811
464.569,279.567,22.420,41.811
463.444,277.442,22.420,41.811
464.819,274.318,22.420,41.811
463.694,280.942,22.420,41.811
464.819,288.816,22.420,41.811
462.944,297.191,22.420,41.811
462.569,299.066,22.420,41.811
460.895,305.735,22.916,42.736
458.918,306.455,23.423,43.681
460.149,310.443,23.942,44.648
459.192,311.749,24.471,45.636
460.966,308.339,24.471,45.636
460.553,300.615,25.013,46.645
459.843,295.615,25.566,47.677
459.985,297.467,25.566,47.677
459.558,296.185,25.566,47.677
460.840,295.472,25.566,47.677
459.052,289.249,25.021,46.661
458.355,291.341,25.021,46.661
459.052,292.876,25.021,46.661
457.797,295.805,25.021,46.661
459.889,300.687,25.021,46.661
459.753,302.395,24.487,45.666
460.935,304.329,23.965,44.692
460.000,305.798,23.965,44.692
461.469,307.535,23.965,44.692
460.234,313.556,24.495,45.681
460.364,318.123,23.973,44.706
459.128,317.213,24.503,45.696
458.148,315.998,25.046,46.707
458.008,318.651,25.046,46.707
459.265,317.953,25.046,46.707
458.567,316.976,25.046,46.707
460.382,317.953,25.046,46.707
459.684,319.210,25.046,46.707
462.239,308.807,24.511,45.711
464.739,306.792,23.989,44.736
463.319,306.882,23.477,43.782
460.668,308.232,22.977,42.848
459.555,308.319,22.487,41.934
458.949,310.820,22.007,41.040
459.808,313.396,22.007,41.040
458.949,319.162,22.007,41.040
460.544,323.947,22.007,41.040
461.648,325.788,22.007,41.040
460.789,329.100,22.007,41.040
462.875,330.695,22.007,41.040
461.280,330.572,22.007,41.040
460.214,333.020,21.538,40.165
459.614,334.581,21.538,40.165
458.773,333.260,21.538,40.165
457.693,334.101,21.538,40.165
456.612,335.181,21.538,40.165
455.051,336.982,21.538,40.165
454.451,340.945,21.538,40.165
452.409,345.387,21.538,40.165
452.523,346.626,21.078,39.308
454.674,346.705,20.629,38.470
455.709,348.430,20.629,38.470
454.044,351.168,20.189,37.650
453.283,353.631,19.758,36.847
453.812,355.404,19.337,36.061
453.273,357.668,19.337,36.061
452.519,358.854,19.337,36.061
451.764,360.471,19.337,36.061
451.441,362.734,19.337,36.061
450.255,364.567,19.337,36.061
449.285,366.184,19.337,36.061
450.255,368.017,19.337,36.061
451.009,368.771,19.337,36.061
452.842,368.017,19.337,36.061
454.890,368.987,19.337,36.061
456.292,369.957,19.337,36.061
458.771,368.556,19.337,36.061
461.251,367.586,19.337,36.061
463.299,365.537,19.337,36.061
465.131,364.351,19.337,36.061
464.582,365.854,19.765,36.859
466.455,364.642,19.765,36.859
465.436,362.519,20.202,37.674
464.648,363.758,20.202,37.674
466.057,376.209,19.771,36.871
464.845,374.997,19.771,36.871
464.950,373.371,19.350,36.085
464.194,371.753,19.350,36.085
463.645,365.646,19.778,36.883
464.455,360.777,20.215,37.699
463.441,360.890,20.215,37.699
464.417,362.487,19.784,36.895
463.424,362.817,19.784,36.895
464.380,364.593,19.362,36.108
464.066,365.706,18.950,35.338
463.351,367.203,18.545,34.585
464.446,369.664,18.150,33.847
465.517,370.513,17.763,33.125
465.420,371.916,17.384,32.419
466.260,370.674,17.013,31.728
467.081,370.189,16.651,31.051
466.453,370.789,16.295,30.389
467.271,369.971,16.295,30.389
467.882,368.281,15.948,29.741
467.453,367.999,15.608,29.107
466.844,367.912,15.608,29.107
467.262,369.145,15.275,28.486
466.836,368.208,15.275,28.486
468.066,368.758,14.949,27.878
467.663,368.975,14.630,27.284
467.740,370.288,14.318,26.702
468.585,371.265,14.013,26.133
468.208,371.468,13.714,25.575
468.722,371.372,13.422,25.030
469.803,371.134,13.136,24.496
469.872,371.749,12.856,23.974
470.907,371.382,12.581,23.463
470.028,371.565,12.313,22.962
469.822,372.869,12.313,22.962
470.945,373.842,12.050,22.473
471.009,374.794,11.793,21.993
471.959,375.979,11.542,21.524
471.251,376.558,11.542,21.524
471.058,377.266,11.542,21.524
472.111,374.952,11.296,21.065
472.574,374.785,11.546,21.531
454.616,356.716,11.801,22.008
453.498,357.835,11.801,22.008
453.695,356.979,11.801,22.008
454.682,357.966,11.801,22.008
455.669,357.243,11.801,22.008
456.919,354.808,11.801,22.008
459.450,355.725,12.062,22.495
462.038,354.709,12.329,22.992
466.781,351.616,12.329,22.992
468.142,350.007,12.602,23.501
469.055,350.920,12.602,23.501
470.009,349.567,12.881,24.021
470.388,348.481,13.166,24.552
471.048,349.582,13.166,24.552
470.535,350.536,13.166,24.552
471.379,349.275,13.457,25.096
470.854,350.400,13.457,25.096
472.279,350.325,13.457,25.096
471.604,350.250,13.457,25.096
472.832,352.036,13.170,24.561
472.760,355.200,12.889,24.037
472.552,355.941,12.614,23.524
473.296,358.971,12.345,23.022
473.915,359.452,12.345,23.022
473.136,360.983,12.619,23.532
473.769,370.620,12.619,23.532
473.418,373.223,12.619,23.532
473.066,372.309,12.619,23.532
472.707,370.662,12.898,24.053
472.779,371.596,12.898,24.053
473.426,373.250,12.898,24.053
474.649,373.466,12.898,24.053
475.028,374.617,13.183,24.585
474.531,375.659,12.902,24.060
475.322,376.306,12.902,24.060
474.657,375.219,13.187,24.593
466.350,395.312,13.479,25.137
467.627,395.538,13.479,25.137
469.003,394.574,13.192,24.601
468.170,393.005,13.484,25.145
469.400,392.186,13.196,24.609
470.321,393.371,12.915,24.084
469.673,392.867,12.915,24.084
468.737,393.947,12.915,24.084
469.097,395.315,12.915,24.084
469.457,396.827,12.915,24.084
470.249,398.914,12.915,24.084
469.313,399.994,12.915,24.084
469.241,399.202,12.915,24.084
470.033,400.426,12.915,24.084
470.681,399.202,12.915,24.084
469.745,399.994,12.915,24.084
469.529,402.370,12.915,24.084
469.889,403.594,12.915,24.084
469.385,402.658,12.915,24.084
470.321,403.450,12.915,24.084
469.817,402.514,12.915,24.084
469.169,401.722,12.915,24.084
470.070,402.881,12.639,23.570
470.422,402.247,12.639,23.570
470.070,402.881,12.639,23.570
470.680,402.114,12.370,23.068
469.922,401.493,12.370,23.068
470.818,401.011,12.370,23.068
470.335,400.252,12.370,23.068
469.715,399.907,12.370,23.068
470.335,401.769,12.370,23.068
469.991,403.079,12.370,23.068
471.025,403.976,12.370,23.068
470.404,403.493,12.370,23.068
469.922,403.286,12.370,23.068
470.680,403.769,12.370,23.068
470.198,405.079,12.370,23.068
471.194,406.056,12.106,22.576
470.997,407.143,11.848,22.094
471.724,407.605,11.848,22.094
471.129,408.728,11.848,22.094
470.799,407.605,11.848,22.094
471.394,407.143,11.848,22.094
470.667,407.341,11.848,22.094
470.469,406.218,11.848,22.094
471.063,402.849,11.848,22.094
470.469,400.934,11.848,22.094
470.931,399.679,11.848,22.094
470.469,399.613,11.848,22.094
469.742,399.547,11.848,22.094
470.469,398.424,11.848,22.094
470.007,398.754,11.848,22.094
470.337,399.613,11.848,22.094
469.610,400.868,11.848,22.094
470.469,401.330,11.848,22.094
470.271,401.925,11.848,22.094
469.412,402.783,11.848,22.094
470.271,402.057,11.848,22.094
470.073,401.330,11.848,22.094
471.195,402.717,11.848,22.094
470.337,402.123,11.848,22.094
471.195,401.132,11.848,22.094
470.469,401.727,11.848,22.094
470.931,402.849,11.848,22.094
471.526,403.576,11.848,22.094
470.931,402.057,11.848,22.094
471.658,401.595,11.848,22.094
470.799,401.925,11.848,22.094
470.073,401.462,11.848,22.094
471.063,402.717,11.848,22.094
470.601,404.501,11.848,22.094
470.271,405.227,11.848,22.094
470.756,406.148,12.110,22.583
469.909,407.625,11.852,22.102
471.165,408.748,11.852,22.102
470.702,410.929,11.852,22.102
471.297,411.920,11.852,22.102
470.967,412.250,11.852,22.102
471.429,409.277,11.852,22.102
470.967,410.004,11.852,22.102
471.429,409.541,11.852,22.102
470.570,407.361,11.852,22.102
470.504,405.973,11.852,22.102
471.363,406.700,11.852,22.102
470.636,406.105,11.852,22.102
471.363,404.189,11.852,22.102
470.901,402.802,11.852,22.102
471.627,401.282,11.852,22.102
470.636,398.970,11.852,22.102
470.438,399.961,11.852,22.102
470.901,400.687,11.852,22.102
470.174,400.225,11.852,22.102
469.976,399.762,11.852,22.102
471.099,400.489,11.852,22.102
470.240,398.970,11.852,22.102
470.042,397.582,11.852,22.102
471.033,398.837,11.852,22.102
471.759,399.961,11.852,22.102
471.033,399.234,11.852,22.102
470.570,400.357,11.852,22.102
471.033,401.745,11.852,22.102
471.759,403.925,11.852,22.102
471.165,404.123,11.852,22.102
470.306,403.132,11.852,22.102
470.636,402.538,11.852,22.102
469.888,401.539,12.114,22.591
471.036,401.877,12.114,22.591
470.158,400.864,12.114,22.591
469.821,402.012,12.114,22.591
470.834,402.890,12.114,22.591
470.226,402.147,12.114,22.591
471.331,403.104,11.856,22.109
470.737,402.377,11.856,22.109
471.728,402.839,11.856,22.109
470.431,401.703,12.118,22.598
471.407,403.312,11.859,22.116
470.415,404.568,11.859,22.116
470.349,405.295,11.859,22.116
469.886,405.758,11.859,22.116
470.878,407.014,11.859,22.116
469.855,405.741,12.122,22.606
470.733,405.132,12.122,22.606
470.125,406.416,12.122,22.606
469.382,407.430,12.122,22.606
470.125,408.579,12.122,22.606
469.787,409.322,12.122,22.606
470.801,410.201,12.122,22.606
469.896,409.039,12.390,23.106
470.794,410.075,12.390,23.106
469.896,411.111,12.390,23.106
471.160,410.093,12.126,22.613
472.038,408.808,12.126,22.613
471.836,407.524,12.126,22.613
473.120,406.240,12.126,22.613
472.917,404.820,12.126,22.613
473.796,403.671,12.126,22.613
473.593,404.685,12.126,22.613
472.876,404.730,11.867,22.131
473.703,404.137,11.614,21.659
472.517,403.682,11.366,21.197
473.188,402.992,11.124,20.745
473.246,401.001,10.887,20.302
472.719,398.468,10.655,19.869
473.348,396.104,10.427,19.446
472.592,393.837,10.427,19.446
472.302,391.802,10.427,19.446
471.402,389.235,10.658,19.876
472.175,390.364,10.658,19.876
471.748,393.041,10.894,20.316
471.943,395.778,11.135,20.765
471.384,397.082,11.135,20.765
471.695,398.261,11.135,20.765
471.633,397.578,11.135,20.765
471.187,396.383,11.381,21.225
472.012,398.730,11.381,21.225
471.314,399.936,11.381,21.225
470.743,400.634,11.381,21.225
471.904,401.900,11.139,20.772
471.594,400.968,11.139,20.772
471.035,400.906,11.139,20.772
472.091,402.334,11.139,20.772
471.130,403.200,11.385,21.232
471.701,405.294,11.385,21.232
471.130,406.373,11.385,21.232
471.828,406.564,11.385,21.232
471.257,407.516,11.385,21.232
471.701,406.691,11.385,21.232
471.003,405.358,11.385,21.232
470.416,404.794,11.637,21.701
471.259,403.301,11.637,21.701
469.986,400.033,11.894,22.182
469.236,398.893,12.158,22.672
469.846,397.876,12.158,22.672
471.540,394.148,12.158,22.672
470.930,392.996,12.158,22.672
470.456,391.437,12.158,22.672
471.201,389.065,12.158,22.672
470.591,386.151,12.158,22.672
471.570,385.151,11.898,22.189
470.841,386.146,11.898,22.189
469.952,388.585,12.162,22.680
470.591,388.404,12.431,23.182
470.238,390.233,12.706,23.694
469.884,391.579,12.706,23.694
471.088,392.074,12.706,23.694
470.139,394.237,12.987,24.219
469.632,381.712,12.987,24.219
470.718,378.309,12.987,24.219
469.598,374.661,13.274,24.754
469.067,371.240,13.568,25.302
470.051,369.802,13.568,25.302
470.122,369.562,13.279,24.763
469.752,368.599,13.279,24.763
469.375,368.249,13.572,25.310
470.088,367.105,13.873,25.870
469.083,365.481,13.873,25.870
469.315,366.487,13.873,25.870
470.730,370.117,13.577,25.319
469.716,371.800,13.877,25.879
468.519,392.784,14.184,26.452
467.952,391.425,14.498,27.037
468.679,391.990,14.498,27.037
468.599,392.879,14.498,27.037
468.356,393.284,14.498,27.037
467.441,391.727,14.819,27.635
468.953,393.056,14.503,27.046
468.710,391.682,14.503,27.046
469.722,393.139,14.193,26.469
468.852,394.010,14.193,26.469
470.147,393.453,13.891,25.904
468.985,390.433,13.891,25.904
468.598,391.130,13.891,25.904
468.366,391.827,13.891,25.904
469.634,393.372,13.595,25.352
468.648,394.660,13.595,25.352
469.634,396.403,13.595,25.352
468.952,397.389,13.595,25.352
470.192,400.800,13.305,24.811
471.120,401.279,13.021,24.282
471.749,402.447,12.743,23.764
471.406,403.454,12.471,23.258
472.142,404.439,12.206,22.762
472.600,405.403,11.945,22.276
473.048,403.651,11.691,21.801
472.607,400.805,11.441,21.336
473.819,398.573,11.441,21.336
474.372,395.788,11.197,20.881
474.060,396.475,11.197,20.881
473.482,395.402,11.445,21.343
474.216,394.835,11.698,21.816
473.368,397.900,11.698,21.816
473.955,399.139,11.698,21.816
474.841,393.688,11.957,22.298
472.206,395.403,11.702,21.823
466.729,397.937,11.961,22.305
469.433,395.961,12.226,22.799
473.046,393.439,12.226,22.799
475.081,389.281,11.965,22.313
475.948,387.880,11.965,22.313
476.397,388.053,11.710,21.837
471.893,391.644,11.710,21.837
471.200,394.708,11.460,21.371
474.321,385.788,11.714,21.844
473.717,382.498,11.973,22.327
474.585,385.368,11.973,22.327
475.549,385.671,11.717,21.851
476.267,388.349,11.717,21.851
476.833,393.430,11.467,21.385
476.258,400.270,11.467,21.385
477.058,403.025,11.223,20.929
476.119,405.465,11.223,20.929
476.190,406.077,11.471,21.392
476.765,408.827,11.471,21.392
476.062,409.275,11.471,21.392
474.940,412.820,11.725,21.866
475.884,412.108,11.475,21.399
476.561,412.028,11.230,20.943
475.592,415.239,11.479,21.406
475.160,414.049,11.234,20.950
475.340,415.540,10.994,20.503
475.769,418.053,10.994,20.503
475.095,418.972,10.994,20.503
475.033,421.362,10.994,20.503
475.446,422.703,10.760,20.066
475.763,424.037,10.998,20.510
476.294,421.479,10.763,20.072
475.772,424.295,10.534,19.644
475.596,425.176,10.534,19.644
475.991,422.499,10.309,19.225
476.378,421.540,10.089,18.815
476.997,421.034,10.089,18.815
476.266,420.528,10.089,18.815
476.659,420.359,10.089,18.815
477.146,421.373,9.874,18.414
477.202,422.639,9.874,18.414
477.146,422.694,9.874,18.414
477.202,422.529,9.874,18.414
477.477,421.703,9.874,18.414
477.767,421.671,10.093,18.822
477.486,423.528,10.093,18.822
476.382,423.495,10.316,19.238
477.102,424.199,10.096,18.828
477.048,426.385,10.319,19.244
476.659,430.527,10.099,18.834
477.364,429.154,9.884,18.432
477.639,431.303,9.884,18.432
476.703,431.138,9.884,18.432
476.427,429.650,9.884,18.432
476.904,427.138,9.673,18.039
476.644,426.862,9.467,17.655
476.592,423.337,9.265,17.278
474.450,429.147,9.067,16.910
472.200,426.390,9.268,17.284
473.046,422.441,9.070,16.915
472.801,420.720,8.877,16.554
473.611,417.415,8.688,16.201
473.176,416.301,8.688,16.201
473.902,414.993,8.688,16.201
473.272,412.814,8.688,16.201
472.933,407.341,8.688,16.201
473.540,410.548,8.502,15.856
474.133,413.230,8.321,15.518
473.994,416.338,8.321,15.518
474.411,415.549,8.321,15.518
472.667,417.011,8.144,15.187
472.076,419.327,8.144,15.187
472.820,419.970,7.970,14.863
473.804,419.229,7.800,14.546
474.516,417.331,7.634,14.236
475.212,419.246,7.471,13.932
474.690,420.880,7.312,13.635
475.279,421.379,7.156,13.344
474.932,423.405,7.003,13.060
475.496,424.184,6.854,12.781
475.311,424.284,6.708,12.509
474.900,426.191,6.708,12.509
475.311,428.696,6.708,12.509
474.675,430.379,6.708,12.509
473.486,432.279,6.565,12.242
473.520,436.042,6.425,11.981
474.081,436.318,6.567,12.246
474.468,438.460,6.427,11.985
475.193,441.247,6.290,11.729
475.579,442.404,6.290,11.729
474.983,441.598,6.290,11.729
475.509,441.984,6.290,11.729
475.053,441.177,6.290,11.729
475.579,440.511,6.290,11.729
474.983,441.317,6.290,11.729
475.368,442.334,6.290,11.729
474.772,440.967,6.290,11.729
475.030,440.582,6.429,11.989
474.719,441.643,6.292,11.733
475.175,443.362,6.292,11.733
475.070,443.747,6.292,11.733
475.526,440.135,6.292,11.733
474.929,439.468,6.292,11.733
475.455,436.978,6.292,11.733
474.999,434.277,6.292,11.733
474.614,434.312,6.292,11.733
474.929,433.786,6.292,11.733
475.385,431.927,6.292,11.733
474.719,431.120,6.292,11.733
474.473,431.927,6.292,11.733
473.947,431.611,6.292,11.733
474.614,433.190,6.292,11.733
475.350,432.804,6.292,11.733
475.876,431.646,6.292,11.733
475.561,431.611,6.292,11.733
475.245,434.593,6.292,11.733
475.701,436.873,6.292,11.733
475.385,434.733,6.292,11.733
475.140,436.452,6.292,11.733
475.666,440.415,6.292,11.733
475.631,439.889,6.292,11.733
475.385,439.573,6.292,11.733
475.140,442.134,6.292,11.733
475.736,444.554,6.292,11.733
475.350,444.870,6.292,11.733
476.017,442.379,6.292,11.733
475.701,443.116,6.292,11.733
475.385,442.099,6.292,11.733
474.999,438.837,6.292,11.733
475.596,437.118,6.292,11.733
475.280,434.487,6.292,11.733
475.947,431.576,6.292,11.733
475.771,432.313,6.292,11.733
474.333,434.102,6.292,11.733
475.911,438.276,6.292,11.733
474.403,444.484,6.292,11.733
477.876,441.853,6.292,11.733
478.382,445.325,6.158,11.483
478.485,443.781,6.158,11.483
476.048,450.268,6.158,11.483
475.588,448.468,6.294,11.737
475.132,446.748,6.294,11.737
474.816,446.012,6.294,11.737
475.342,447.871,6.294,11.737
475.939,447.696,6.294,11.737
475.764,449.415,6.294,11.737
475.378,454.503,6.294,11.737
475.073,455.135,6.160,11.487
475.588,456.818,6.160,11.487
476.103,460.423,6.160,11.487
475.656,464.097,6.160,11.487
475.279,469.008,6.160,11.487
476.000,470.484,6.160,11.487
477.682,467.772,6.160,11.487
478.245,472.693,6.028,11.242
478.749,473.802,6.028,11.242
478.245,475.651,6.028,11.242
478.681,476.087,6.028,11.242
478.245,478.070,6.028,11.242
478.681,479.583,6.028,11.242
478.245,481.901,6.028,11.242
478.749,482.742,6.028,11.242
478.446,483.380,6.028,11.242
478.902,484.685,6.162,11.490
479.074,485.338,6.162,11.490
478.353,484.891,6.162,11.490
478.525,487.330,6.162,11.490
478.765,488.532,6.162,11.490
479.006,488.979,6.162,11.490
478.215,491.349,6.162,11.490
478.456,491.796,6.162,11.490
478.628,496.776,6.162,11.490
476.051,502.925,6.162,11.490
475.467,502.272,6.162,11.490
475.983,500.864,6.162,11.490
475.536,499.250,6.162,11.490
475.983,501.757,6.162,11.490
475.536,500.417,6.162,11.490
475.147,498.758,6.298,11.745
475.885,500.338,6.298,11.745
475.428,502.760,6.298,11.745
474.902,502.304,6.298,11.745
475.569,501.356,6.298,11.745
475.393,499.495,6.298,11.745
475.968,497.962,6.164,11.494
475.452,498.615,6.164,11.494
475.899,498.443,6.164,11.494
476.346,497.928,6.164,11.494
475.899,497.344,6.164,11.494
476.277,496.622,6.164,11.494
475.762,495.832,6.164,11.494
475.452,495.316,6.164,11.494
476.037,490.678,6.164,11.494
475.452,486.726,6.164,11.494
476.037,483.118,6.164,11.494
475.659,482.053,6.164,11.494
475.127,483.174,6.300,11.749
475.935,487.002,6.300,11.749
478.288,484.087,6.300,11.749
478.674,493.394,6.300,11.749
478.077,502.701,6.300,11.749
478.604,508.496,6.300,11.749
478.840,512.988,6.166,11.498
476.331,519.072,6.166,11.498
475.884,511.132,6.166,11.498
476.400,508.211,6.166,11.498
476.022,509.139,6.166,11.498
475.713,509.654,6.166,11.498
476.434,508.245,6.166,11.498
475.919,503.742,6.166,11.498
474.235,505.426,6.166,11.498
476.125,504.842,6.166,11.498
475.678,500.064,6.166,11.498
475.988,495.905,6.166,11.498
475.541,492.571,6.166,11.498
476.125,490.956,6.166,11.498
475.747,487.484,6.166,11.498
476.400,485.525,6.166,11.498
476.159,488.034,6.166,11.498
475.781,486.625,6.166,11.498
476.366,488.240,6.166,11.498
475.988,488.824,6.166,11.498
475.670,486.807,6.302,11.752
475.283,484.594,6.302,11.752
475.760,482.969,6.441,12.012
475.503,485.631,6.584,12.278
475.163,485.990,6.730,12.550
474.661,486.357,6.879,12.827
474.392,488.159,6.879,12.827
474.993,490.922,7.031,13.111
474.483,491.510,7.031,13.111
474.130,490.843,7.031,13.111
473.542,493.391,7.031,13.111
473.993,493.693,7.186,13.401
474.995,492.051,7.186,13.401
474.624,492.277,7.345,13.698
475.239,492.481,7.345,13.698
474.952,491.867,7.345,13.698
474.665,488.878,7.345,13.698
475.493,487.327,7.189,13.406
475.123,489.299,7.348,13.702
474.672,490.897,7.348,13.702
475.287,491.020,7.348,13.702
474.918,488.930,7.348,13.702
474.549,487.988,7.348,13.702
475.246,488.439,7.348,13.702
474.631,487.333,7.348,13.702
475.328,486.555,7.348,13.702
474.877,485.776,7.348,13.702
474.508,483.114,7.348,13.702
475.205,482.417,7.348,13.702
475.082,482.540,7.348,13.702
474.549,480.779,7.348,13.702
475.378,478.596,7.191,13.410
475.007,477.907,7.350,13.707
474.798,478.563,7.513,14.010
475.484,478.914,7.352,13.711
475.033,478.381,7.352,13.711
474.677,480.384,7.196,13.419
475.222,479.278,7.355,13.716
474.935,477.023,7.355,13.716
474.484,476.490,7.355,13.716
475.181,477.105,7.355,13.716
474.812,475.260,7.355,13.716
475.427,475.793,7.355,13.716
475.058,476.162,7.355,13.716
474.853,473.825,7.355,13.716
474.402,473.210,7.355,13.716
473.597,475.483,7.518,14.019
474.058,476.279,7.518,14.019
473.513,476.070,7.518,14.019
472.968,476.279,7.518,14.019
473.681,474.645,7.518,14.019
474.076,474.011,7.684,14.329
474.942,476.518,7.520,14.024
475.487,478.153,7.520,14.024
475.013,476.997,7.686,14.334
474.627,476.954,7.686,14.334
475.441,480.082,7.686,14.334
475.141,479.783,7.686,14.334
474.756,477.940,7.686,14.334
474.370,479.868,7.686,14.334
475.184,479.225,7.686,14.334
474.542,477.211,7.686,14.334
474.070,476.397,7.686,14.334
473.318,474.416,7.857,14.651
474.063,473.934,7.857,14.651
474.545,470.562,7.857,14.651
474.851,469.554,7.857,14.651
474.446,471.073,8.030,14.975
474.125,472.626,8.208,15.307
474.079,471.482,8.208,15.307
473.851,468.966,8.208,15.307
474.812,467.181,8.208,15.307
474.674,465.030,8.208,15.307
474.445,462.880,8.208,15.307
474.034,462.102,8.208,15.307
473.713,461.598,8.208,15.307
474.583,460.912,8.208,15.307
474.273,461.825,8.033,14.980
475.006,462.546,7.862,14.661
474.524,464.431,7.862,14.661
475.006,464.036,7.862,14.661
474.612,464.694,7.862,14.661
474.042,462.721,7.862,14.661
474.787,460.486,7.862,14.661
475.182,459.566,7.862,14.661
474.776,456.266,8.036,14.985
474.284,453.892,8.036,14.985
474.055,451.634,8.213,15.317
474.284,450.581,8.213,15.317
474.055,451.085,8.213,15.317
473.643,449.391,8.213,15.317
474.239,447.330,8.213,15.317
473.460,446.735,8.213,15.317
473.231,444.583,8.213,15.317
473.918,446.369,8.213,15.317
473.506,451.360,8.213,15.317
474.432,452.097,8.038,14.990
474.993,455.237,7.867,14.671
474.774,458.088,7.867,14.671
474.291,458.921,7.867,14.671
473.721,461.772,7.867,14.671
474.203,463.745,7.867,14.671
473.721,465.455,7.867,14.671
474.467,466.464,7.867,14.671
473.896,468.350,7.867,14.671
473.151,467.692,7.867,14.671
473.896,465.631,7.867,14.671
474.467,463.745,7.867,14.671
473.984,460.719,7.867,14.671
474.554,456.991,7.867,14.671
473.984,454.930,7.867,14.671
474.642,453.044,7.867,14.671
474.054,449.469,8.041,14.995
474.788,447.426,7.869,14.675
475.337,444.495,7.702,14.362
474.964,441.627,7.537,14.056
474.842,442.142,7.377,13.756
474.564,440.346,7.219,13.463
475.378,439.830,7.065,13.176
474.945,440.185,7.065,13.176
475.772,440.539,7.065,13.176
475.417,439.948,7.065,13.176
475.063,436.915,7.065,13.176
474.472,435.694,7.065,13.176
475.063,434.080,7.065,13.176
474.551,430.180,7.065,13.176
474.984,430.298,7.065,13.176
474.551,430.968,7.065,13.176
474.905,430.141,7.065,13.176
475.339,430.416,7.065,13.176
474.827,431.086,7.065,13.176
475.417,429.156,7.065,13.176
474.827,429.904,7.065,13.176
475.339,430.968,7.065,13.176
474.905,430.298,7.065,13.176
474.708,432.071,7.065,13.176
475.299,433.449,7.065,13.176
474.866,434.198,7.065,13.176
475.378,435.576,7.065,13.176
475.023,436.876,7.065,13.176
474.669,438.491,7.065,13.176
475.260,440.264,7.065,13.176
474.487,442.120,7.222,13.467
474.060,443.932,7.068,13.180
474.572,443.972,7.068,13.180
474.375,444.090,7.068,13.180
473.941,443.499,7.068,13.180
474.814,444.133,6.917,12.899
475.594,444.382,6.769,12.624
475.405,442.760,6.769,12.624
475.141,444.080,6.769,12.624
475.179,443.288,6.769,12.624
474.990,442.420,6.769,12.624
475.783,440.571,6.769,12.624
475.519,440.005,6.769,12.624
475.254,441.476,6.769,12.624
474.990,439.778,6.769,12.624
475.632,440.118,6.769,12.624
475.368,439.250,6.769,12.624
475.028,437.703,6.769,12.624
475.443,438.193,6.769,12.624
475.330,439.891,6.769,12.624
475.292,441.590,6.769,12.624
475.028,439.816,6.769,12.624
475.745,440.533,6.769,12.624
475.405,440.571,6.769,12.624
474.839,439.854,6.769,12.624
474.349,438.759,6.769,12.624
474.009,438.948,6.769,12.624
474.651,438.608,6.769,12.624
475.292,437.212,6.769,12.624
474.726,436.268,6.769,12.624
475.292,437.136,6.769,12.624
474.802,436.948,6.769,12.624
475.443,437.363,6.769,12.624
475.104,440.118,6.769,12.624
474.839,440.910,6.769,12.624
475.481,438.457,6.769,12.624
475.066,438.872,6.769,12.624
475.481,440.571,6.769,12.624
474.990,437.212,6.769,12.624
475.707,437.250,6.769,12.624
475.519,435.174,6.769,12.624
475.255,432.193,6.769,12.624
474.915,428.155,6.769,12.624
475.556,430.759,6.769,12.624
475.141,430.343,6.769,12.624
474.877,428.494,6.769,12.624
475.594,428.834,6.769,12.624
475.010,432.805,6.919,12.903
474.574,434.544,7.072,13.189
474.928,434.741,7.072,13.189
476.072,437.382,7.072,13.189
474.071,438.832,7.229,13.481
474.702,440.481,7.389,13.779
475.649,441.263,7.389,13.779
475.183,441.666,7.552,14.084
474.794,442.428,7.719,14.395
474.320,443.934,7.719,14.395
475.108,444.544,7.555,14.088
475.554,442.867,7.394,13.788
475.100,445.794,7.394,13.788
474.564,445.258,7.394,13.788
475.265,445.546,7.394,13.788
475.719,450.039,7.394,13.788
475.512,451.647,7.394,13.788
475.801,450.287,7.394,13.788
476.254,451.647,7.394,13.788
475.976,453.423,7.236,13.494
475.290,455.077,7.236,13.494
475.250,454.793,7.082,13.206
474.967,454.196,7.238,13.498
474.617,452.979,7.084,13.211
475.288,451.281,7.084,13.211
474.854,452.900,7.084,13.211
475.604,454.203,7.084,13.211
475.485,454.716,7.084,13.211
475.841,454.361,7.084,13.211
476.275,453.927,7.084,13.211
476.008,454.562,6.933,12.929
475.738,454.369,6.933,12.929
475.467,454.871,6.933,12.929
476.047,455.528,6.933,12.929
475.776,455.876,6.933,12.929
475.274,454.292,6.933,12.929
475.832,452.902,6.785,12.653
476.087,452.417,6.640,12.383
474.592,454.162,6.787,12.657
475.212,453.094,6.642,12.387
474.747,448.550,6.501,12.123
475.480,448.155,6.362,11.865
476.296,449.539,6.362,11.865
476.876,450.178,6.227,11.612
477.605,451.809,6.227,11.612
477.438,457.521,6.094,11.364
477.666,460.883,5.964,11.122
477.500,462.247,5.964,11.122
478.398,465.871,5.964,11.122
477.917,470.187,5.837,10.884
477.759,470.899,5.712,10.652
477.536,471.249,5.712,10.652
478.269,470.453,5.712,10.652
477.982,469.657,5.712,10.652
477.568,469.307,5.712,10.652
478.237,469.020,5.712,10.652
478.014,472.428,5.712,10.652
477.791,473.033,5.712,10.652
477.632,475.166,5.712,10.652
478.428,479.338,5.712,10.652
478.269,481.854,5.712,10.652
478.110,483.414,5.712,10.652
478.570,483.988,5.590,10.425
478.351,486.388,5.590,10.425
478.196,488.538,5.590,10.425
478.646,488.319,5.471,10.203
478.127,489.508,5.471,10.203
478.585,490.942,5.471,10.203
478.127,489.386,5.471,10.203
478.585,491.491,5.471,10.203
478.066,493.839,5.471,10.203
478.463,495.029,5.471,10.203
478.005,497.134,5.471,10.203
478.463,497.652,5.471,10.203
477.944,497.012,5.471,10.203
477.855,495.856,5.354,9.985
477.706,493.916,5.354,9.985
478.252,490.944,5.240,9.772
478.731,490.682,5.129,9.564
478.648,489.434,5.019,9.360
478.620,485.893,4.912,9.160
478.648,483.072,4.912,9.160
478.304,482.827,4.807,8.965
478.760,482.264,4.807,8.965
478.358,483.309,4.807,8.965
478.813,482.049,4.807,8.965
478.358,476.555,4.807,8.965
478.867,476.100,4.807,8.965
478.465,474.894,4.807,8.965
478.387,470.572,4.705,8.774
478.833,469.077,4.705,8.774
478.439,463.018,4.705,8.774
478.938,459.582,4.705,8.774
478.492,459.189,4.705,8.774
478.938,457.484,4.705,8.774
478.492,455.674,4.705,8.774
478.885,453.864,4.705,8.774
478.439,450.481,4.705,8.774
478.885,447.989,4.705,8.774
478.439,446.546,4.705,8.774
478.885,445.156,4.705,8.774
478.439,441.458,4.705,8.774
478.938,437.550,4.705,8.774
478.544,436.160,4.705,8.774
478.990,434.088,4.705,8.774
478.544,431.281,4.705,8.774
478.990,432.252,4.705,8.774
478.544,432.593,4.705,8.774
478.990,432.199,4.705,8.774
478.544,432.225,4.705,8.774
478.990,436.134,4.705,8.774
478.544,438.783,4.705,8.774
478.990,439.176,4.705,8.774
478.544,440.514,4.705,8.774
478.990,442.533,4.705,8.774
478.597,446.861,4.705,8.774
479.043,447.884,4.705,8.774
478.544,447.438,4.705,8.774
479.043,449.668,4.705,8.774
478.649,453.104,4.705,8.774
478.203,454.179,4.705,8.774
478.702,456.356,4.705,8.774
478.308,457.431,4.705,8.774
478.859,453.786,4.705,8.774
478.466,450.612,4.705,8.774
479.016,450.428,4.705,8.774
478.623,450.769,4.705,8.774
479.121,452.264,4.705,8.774
478.728,451.766,4.705,8.774
478.334,453.838,4.705,8.774
478.833,459.425,4.705,8.774
478.387,463.018,4.705,8.774
478.885,464.933,4.705,8.774
478.492,468.421,4.705,8.774
478.938,470.388,4.705,8.774
478.963,470.002,4.604,8.587
478.988,471.003,4.604,8.587
479.065,476.984,4.604,8.587
478.743,478.733,4.506,8.404
479.300,478.362,4.410,8.224
478.375,481.128,4.316,8.049
478.881,482.981,4.316,8.049
478.568,482.716,4.316,8.049
479.073,483.366,4.316,8.049
478.712,484.737,4.316,8.049
479.217,485.916,4.316,8.049
478.905,485.748,4.316,8.049
478.592,486.157,4.316,8.049
479.049,488.539,4.316,8.049
478.736,489.574,4.316,8.049
479.193,489.357,4.316,8.049
478.929,486.831,4.316,8.049
478.616,487.095,4.316,8.049
479.121,485.387,4.316,8.049
478.808,482.139,4.316,8.049
479.266,481.152,4.316,8.049
478.953,479.492,4.316,8.049
478.640,480.719,4.316,8.049
479.145,481.224,4.316,8.049
478.881,478.794,4.316,8.049
478.568,479.588,4.316,8.049
479.121,481.345,4.316,8.049
478.808,484.064,4.316,8.049
479.314,484.376,4.316,8.049
479.001,483.390,4.316,8.049
478.688,483.221,4.316,8.049
479.193,481.513,4.316,8.049
478.881,479.708,4.316,8.049
478.568,478.096,4.316,8.049
479.073,477.254,4.316,8.049
478.760,477.711,4.316,8.049
479.266,477.976,4.316,8.049
479.381,477.899,4.224,7.877
479.131,477.825,4.134,7.709
478.709,478.196,4.046,7.545
479.182,480.609,4.046,7.545
479.204,481.668,3.960,7.384
479.267,481.810,3.875,7.227
479.375,483.344,3.875,7.227
479.063,485.608,3.793,7.073
479.211,484.064,3.793,7.073
479.359,483.070,3.793,7.073
479.507,482.161,3.793,7.073
479.655,480.787,3.793,7.073
478.957,477.975,3.793,7.073
479.063,473.810,3.793,7.073
479.168,474.212,3.793,7.073
479.274,474.656,3.793,7.073
479.422,474.930,3.793,7.073
479.570,474.021,3.793,7.073
479.676,473.873,3.793,7.073
478.851,474.402,3.793,7.073
478.957,474.254,3.793,7.073
479.105,474.486,3.793,7.073
479.211,475.438,3.793,7.073
479.359,475.036,3.793,7.073
479.464,474.212,3.793,7.073
479.570,475.078,3.793,7.073
479.718,475.565,3.793,7.073
478.894,475.882,3.793,7.073
478.999,478.144,3.793,7.073
479.063,479.053,3.793,7.073
479.168,479.540,3.793,7.073
479.274,481.675,3.793,7.073
479.009,487.151,3.712,6.922
479.568,489.241,3.712,6.922
479.216,491.372,3.712,6.922
478.864,493.586,3.712,6.922
479.423,495.676,3.712,6.922
479.112,496.110,3.712,6.922
479.630,496.379,3.712,6.922
479.278,497.848,3.712,6.922
479.009,496.876,3.712,6.922
479.485,496.441,3.712,6.922
479.174,496.752,3.712,6.922
478.864,496.483,3.712,6.922
479.381,496.835,3.712,6.922
479.112,495.903,3.712,6.922
479.712,494.227,3.712,6.922
478.934,493.244,3.632,6.774
479.227,491.423,3.555,6.630
478.879,487.176,3.634,6.776
479.710,486.426,3.634,6.776
479.221,486.284,3.556,6.632
480.025,487.053,3.635,6.779
479.576,486.872,3.557,6.634
479.873,487.169,3.557,6.634
479.338,487.507,3.557,6.634
479.675,488.121,3.557,6.634
479.972,488.220,3.557,6.634
479.159,489.509,3.557,6.634
474.538,494.805,3.557,6.634
473.011,493.991,3.557,6.634
478.267,492.385,3.557,6.634
478.405,492.048,3.557,6.634
478.663,493.654,3.557,6.634
478.933,492.532,3.636,6.781
475.547,496.120,3.636,6.781
478.497,495.117,3.559,6.636
478.874,495.018,3.559,6.636
478.616,494.482,3.559,6.636
478.968,495.376,3.637,6.783
479.799,490.003,3.637,6.783
479.310,490.525,3.560,6.638
479.292,488.907,3.638,6.785
479.231,488.400,3.638,6.785
479.129,487.528,3.638,6.785
479.961,485.439,3.638,6.785
479.550,484.084,3.561,6.641
479.888,483.270,3.561,6.641
478.478,488.570,3.561,6.641
478.895,488.034,3.561,6.641
478.547,493.460,3.640,6.787
478.486,493.642,3.640,6.787
478.384,495.813,3.640,6.787
478.323,497.944,3.640,6.787
478.466,498.979,3.640,6.787
478.323,494.982,3.640,6.787
479.242,495.465,3.562,6.643
478.865,500.727,3.562,6.643
478.210,500.469,3.562,6.643
479.056,498.891,3.641,6.790
479.280,497.410,3.641,6.790
478.407,495.725,3.641,6.790
478.508,492.944,3.641,6.790
478.610,492.193,3.641,6.790
478.874,491.848,3.641,6.790
479.097,492.802,3.641,6.790
479.442,494.365,3.641,6.790
478.691,495.847,3.641,6.790
478.914,495.705,3.641,6.790
478.447,500.474,3.641,6.790
478.102,500.332,3.641,6.790
478.650,500.718,3.641,6.790
478.143,499.764,3.641,6.790
478.610,497.592,3.641,6.790
479.442,501.104,3.641,6.790
479.774,500.335,3.563,6.645
479.158,498.130,3.563,6.645
479.456,497.355,3.563,6.645
479.794,497.296,3.563,6.645
479.218,494.693,3.563,6.645
479.556,492.091,3.563,6.645
479.893,491.316,3.563,6.645
479.317,486.052,3.563,6.645
479.734,485.198,3.563,6.645
479.238,483.112,3.563,6.645
473.696,486.563,3.642,6.792
477.939,483.172,3.642,6.792
479.328,485.260,3.564,6.647
479.706,485.956,3.564,6.647
480.083,486.095,3.564,6.647
479.587,490.010,3.564,6.647
479.925,489.950,3.564,6.647
479.988,489.072,3.643,6.794
479.577,488.969,3.566,6.649
479.599,488.751,3.644,6.796
479.875,488.359,3.725,6.947
479.424,487.313,3.807,7.100
479.828,484.447,3.807,7.100
479.382,483.874,3.807,7.100
479.743,483.641,3.807,7.100
479.297,483.407,3.807,7.100
479.658,481.943,3.807,7.100
479.212,481.200,3.807,7.100
479.531,480.499,3.807,7.100
479.934,480.393,3.807,7.100
479.446,481.136,3.807,7.100
479.764,480.903,3.807,7.100
479.318,481.518,3.807,7.100
479.637,481.327,3.807,7.100
479.191,480.414,3.807,7.100
479.047,475.028,3.726,6.949
479.691,474.924,3.726,6.949
479.421,475.318,3.726,6.949
479.110,475.547,3.726,6.949
479.795,475.859,3.726,6.949
479.525,474.342,3.726,6.949
479.255,475.152,3.726,6.949
478.902,477.500,3.726,6.949
479.588,479.639,3.726,6.949
479.276,479.286,3.726,6.949
478.923,481.509,3.726,6.949
479.032,484.428,3.809,7.103
479.181,486.700,3.809,7.103
479.330,489.524,3.809,7.103
479.478,490.522,3.809,7.103
479.669,491.392,3.809,7.103
478.969,492.263,3.809,7.103
479.160,492.709,3.809,7.103
479.351,493.070,3.809,7.103
479.542,493.473,3.809,7.103
479.691,494.938,3.809,7.103
478.863,497.805,3.809,7.103
479.011,500.629,3.809,7.103
479.160,501.414,3.809,7.103
479.351,505.003,3.809,7.103
479.542,509.143,3.809,7.103
479.691,510.693,3.809,7.103
478.905,511.521,3.809,7.103
479.096,511.628,3.809,7.103
479.287,511.776,3.809,7.103
479.436,511.840,3.809,7.103
479.627,512.158,3.809,7.103
478.884,511.373,3.809,7.103
479.075,510.460,3.809,7.103
479.266,506.999,3.809,7.103
479.415,506.595,3.809,7.103
479.606,507.169,3.809,7.103
478.820,508.039,3.809,7.103
478.969,509.462,3.809,7.103
479.117,509.823,3.809,7.103
479.266,509.292,3.809,7.103
479.457,508.846,3.809,7.103
479.606,509.589,3.809,7.103
478.778,511.097,3.809,7.103
478.969,510.863,3.809,7.103
479.117,511.861,3.809,7.103
479.308,511.712,3.809,7.103
479.457,510.545,3.809,7.103
479.648,510.438,3.809,7.103
478.905,511.606,3.809,7.103
479.096,510.693,3.809,7.103
479.287,510.672,3.809,7.103
479.478,510.906,3.809,7.103
479.669,512.073,3.809,7.103
478.884,512.392,3.809,7.103
479.075,510.969,3.809,7.103
479.266,511.458,3.809,7.103
479.457,511.606,3.809,7.103
479.606,511.628,3.809,7.103
478.863,513.942,3.809,7.103
479.054,512.944,3.809,7.103
479.245,513.942,3.809,7.103
479.393,514.175,3.809,7.103
479.584,515.683,3.809,7.103
479.733,517.233,3.809,7.103
479.032,518.826,3.809,7.103
479.181,519.696,3.809,7.103
479.372,520.652,3.809,7.103
479.521,521.182,3.809,7.103
479.712,520.991,3.809,7.103
478.969,520.800,3.809,7.103
479.117,521.713,3.809,7.103
479.266,522.541,3.809,7.103
479.457,521.076,3.809,7.103
479.648,520.291,3.809,7.103
478.905,520.057,3.809,7.103
479.054,518.422,3.809,7.103
479.202,519.378,3.809,7.103
479.351,520.291,3.809,7.103
479.499,520.099,3.809,7.103
479.648,520.460,3.809,7.103
478.862,520.057,3.809,7.103
479.054,519.144,3.809,7.103
479.245,519.505,3.809,7.103
479.436,520.970,3.809,7.103
479.627,521.331,3.809,7.103
478.841,522.202,3.809,7.103
479.032,523.072,3.809,7.103
479.223,523.263,3.809,7.103
479.415,524.771,3.809,7.103
479.563,525.641,3.809,7.103
479.754,525.493,3.809,7.103
479.054,524.665,3.809,7.103
479.245,523.794,3.809,7.103
479.478,523.773,3.809,7.103
479.669,524.643,3.809,7.103
479.011,524.325,3.809,7.103
479.202,522.605,3.809,7.103
479.393,521.607,3.809,7.103
479.584,521.671,3.809,7.103
479.818,519.526,3.809,7.103
479.075,517.424,3.809,7.103
479.308,517.106,3.809,7.103
479.457,514.239,3.809,7.103
479.648,514.048,3.809,7.103
478.905,512.541,3.809,7.103
479.138,511.075,3.809,7.103
479.330,511.564,3.809,7.103
479.521,512.180,3.809,7.103
479.712,513.602,3.809,7.103
478.969,514.558,3.809,7.103
479.160,513.815,3.809,7.103
479.351,514.728,3.809,7.103
479.542,515.598,3.809,7.103
479.690,515.704,3.809,7.103
478.820,517.382,3.809,7.103
479.053,518.167,3.809,7.103
479.245,518.061,3.809,7.103
479.436,519.102,3.809,7.103
479.627,519.505,3.809,7.103
478.884,519.993,3.809,7.103
479.075,521.034,3.809,7.103
479.266,521.777,3.809,7.103
479.414,522.647,3.809,7.103
479.606,523.391,3.809,7.103
478.820,525.026,3.809,7.103
479.011,525.132,3.809,7.103
479.202,525.323,3.809,7.103
479.436,526.108,3.809,7.103
479.627,524.474,3.809,7.103
478.926,524.325,3.809,7.103
479.117,523.582,3.809,7.103
479.308,523.858,3.809,7.103
479.499,524.686,3.809,7.103
479.648,523.815,3.809,7.103
478.905,523.030,3.809,7.103
479.096,522.626,3.809,7.103
479.287,521.841,3.809,7.103
479.478,522.244,3.809,7.103
479.669,523.072,3.809,7.103
478.969,523.306,3.809,7.103
479.160,524.728,3.809,7.103
479.351,525.556,3.809,7.103
479.542,527.021,3.809,7.103
479.733,528.656,3.809,7.103
478.990,529.569,3.809,7.103
479.181,530.312,3.809,7.103
479.330,530.206,3.809,7.103
479.521,529.803,3.809,7.103
479.712,529.102,3.809,7.103
478.884,526.788,3.809,7.103
479.075,527.276,3.809,7.103
479.266,527.085,3.809,7.103
479.414,526.045,3.809,7.103
479.606,525.004,3.809,7.103
478.820,522.138,3.809,7.103
479.054,519.186,3.809,7.103
479.245,518.316,3.809,7.103
479.393,517.785,3.809,7.103
479.584,517.721,3.809,7.103
479.775,515.492,3.809,7.103
478.947,513.390,3.809,7.103
479.096,513.921,3.809,7.103
479.245,514.706,3.809,7.103
479.436,515.619,3.809,7.103
479.627,515.513,3.809,7.103
478.884,515.917,3.809,7.103
479.075,516.108,3.809,7.103
479.266,517.700,3.809,7.103
479.457,519.208,3.809,7.103
479.648,520.206,3.809,7.103
478.905,520.524,3.809,7.103
479.096,522.074,3.809,7.103
479.287,523.157,3.809,7.103
479.478,523.773,3.809,7.103
479.584,522.690,3.809,7.103
479.733,521.140,3.809,7.103
478.947,521.374,3.809,7.103
479.096,522.329,3.809,7.103
479.245,520.864,3.809,7.103
479.436,519.271,3.809,7.103
479.627,518.358,3.809,7.103
478.884,516.596,3.809,7.103
479.032,514.876,3.809,7.103
479.181,514.812,3.809,7.103
479.372,513.815,3.809,7.103
479.563,511.585,3.809,7.103
479.754,512.541,3.809,7.103
479.011,513.581,3.809,7.103
479.202,513.475,3.809,7.103
479.393,514.345,3.809,7.103
479.627,515.598,3.809,7.103
478.926,516.129,3.809,7.103
479.117,516.999,3.809,7.103
479.308,518.465,3.809,7.103
479.499,520.015,3.809,7.103
479.690,520.885,3.809,7.103
478.905,522.350,3.809,7.103
479.096,523.221,3.809,7.103
479.287,523.837,3.809,7.103
479.478,522.329,3.809,7.103
479.627,520.567,3.809,7.103
478.884,519.102,3.809,7.103
479.075,518.571,3.809,7.103
479.266,518.295,3.809,7.103
479.457,516.702,3.809,7.103
479.606,515.152,3.809,7.103
478.777,511.606,3.809,7.103
478.969,510.863,3.809,7.103
479.202,510.502,3.809,7.103
479.351,507.041,3.809,7.103
479.542,506.298,3.809,7.103
479.733,507.084,3.809,7.103
478.990,508.082,3.809,7.103
479.181,508.400,3.809,7.103
479.372,509.186,3.809,7.103
479.563,509.462,3.809,7.103
479.754,510.460,3.809,7.103
479.096,511.500,3.809,7.103
479.329,517.084,3.809,7.103
479.521,516.808,3.809,7.103
479.712,516.617,3.809,7.103
478.969,518.040,3.809,7.103
479.160,518.826,3.809,7.103
479.351,521.650,3.809,7.103
479.542,521.926,3.809,7.103
479.733,523.433,3.809,7.103
479.075,524.389,3.809,7.103
479.266,524.665,3.809,7.103
479.457,525.195,3.809,7.103
479.606,522.839,3.809,7.103
478.862,521.289,3.809,7.103
479.053,518.337,3.809,7.103
479.245,518.146,3.809,7.103
479.478,517.275,3.809,7.103
479.669,514.919,3.809,7.103
478.969,515.322,3.809,7.103
479.160,515.725,3.809,7.103
479.308,514.855,3.809,7.103
479.457,512.753,3.809,7.103
479.648,512.137,3.809,7.103
478.947,511.182,3.809,7.103
479.138,508.230,3.809,7.103
479.329,507.360,3.809,7.103
479.521,507.551,3.809,7.103
479.669,506.086,3.809,7.103
478.884,505.215,3.809,7.103
479.075,504.345,3.809,7.103
479.266,503.516,3.809,7.103
