180.000,79.000,37.000,114.000
178.563,81.587,37.000,114.000
177.701,85.898,37.000,114.000
179.138,90.209,37.000,114.000
178.850,91.646,37.000,114.000
177.988,93.084,37.000,114.000
176.551,93.946,37.000,114.000
175.114,95.958,37.000,114.000
172.527,93.946,37.000,114.000
169.940,96.533,37.000,114.000
166.779,99.694,37.000,114.000
163.042,102.281,37.000,114.000
161.030,100.269,37.000,114.000
157.869,99.982,37.000,114.000
156.432,98.545,37.000,114.000
158.443,95.383,37.000,114.000
157.006,92.221,37.000,114.000
156.719,91.359,37.000,114.000
157.581,90.497,37.000,114.000
159.593,92.509,37.000,114.000
161.030,93.946,37.000,114.000
163.617,94.808,37.000,114.000
166.204,96.820,37.000,114.000
167.066,95.383,37.000,114.000
167.928,93.946,37.000,114.000
168.791,94.808,37.000,114.000
169.653,93.946,37.000,114.000
170.515,93.084,37.000,114.000
171.952,89.922,37.000,114.000
171.090,88.485,37.000,114.000
171.377,89.922,37.000,114.000
169.940,90.784,37.000,114.000
168.503,88.772,37.000,114.000
168.216,86.760,37.000,114.000
169.078,84.174,37.000,114.000
169.365,83.886,37.000,114.000
167.928,84.748,37.000,114.000
167.641,83.311,37.000,114.000
166.204,84.174,37.000,114.000
167.066,85.036,37.000,114.000
167.354,88.772,37.000,114.000
164.767,86.760,37.000,114.000
165.848,86.394,37.819,116.522
166.344,87.238,38.655,119.100
163.113,82.494,39.511,121.735
160.351,84.028,39.511,121.735
155.133,84.949,39.511,121.735
151.757,82.187,39.511,121.735
147.767,80.038,39.511,121.735
145.618,84.028,39.511,121.735
143.470,87.405,39.511,121.735
141.935,88.325,39.511,121.735
142.242,85.563,39.511,121.735
143.163,85.870,39.511,121.735
141.015,83.108,39.511,121.735
142.549,82.187,39.511,121.735
145.311,83.722,39.511,121.735
150.529,81.573,39.511,121.735
155.505,81.819,40.385,124.429
161.466,80.877,40.385,124.429
166.172,80.564,40.385,124.429
168.995,79.623,40.385,124.429
167.426,78.681,40.385,124.429
170.250,75.858,40.385,124.429
173.073,76.172,40.385,124.429
175.269,76.485,40.385,124.429
174.328,76.172,40.385,124.429
174.014,78.368,40.385,124.429
175.583,79.309,40.385,124.429
175.269,78.995,40.385,124.429
177.465,78.054,40.385,124.429
175.897,75.858,40.385,124.429
176.210,78.054,40.385,124.429
177.152,77.740,40.385,124.429
176.838,78.054,40.385,124.429
177.152,79.623,40.385,124.429
177.465,81.819,40.385,124.429
174.642,82.760,40.385,124.429
163.035,84.328,40.385,124.429
162.093,85.269,40.385,124.429
163.035,83.701,40.385,124.429
160.839,80.250,40.385,124.429
161.780,79.936,40.385,124.429
162.093,77.113,40.385,124.429
164.917,78.681,40.385,124.429
165.231,77.113,40.385,124.429
168.681,78.054,40.385,124.429
169.623,75.231,40.385,124.429
173.073,76.799,40.385,124.429
173.387,73.976,40.385,124.429
175.583,71.152,40.385,124.429
179.034,70.839,40.385,124.429
181.857,71.152,40.385,124.429
182.799,72.721,40.385,124.429
184.367,75.544,40.385,124.429
185.936,77.740,40.385,124.429
185.622,76.799,40.385,124.429
184.053,77.740,40.385,124.429
184.995,76.799,40.385,124.429
182.799,75.858,40.385,124.429
183.112,76.799,40.385,124.429
181.544,75.231,40.385,124.429
179.975,73.662,40.385,124.429
179.034,72.721,40.385,124.429
179.348,73.662,40.385,124.429
177.779,74.603,40.385,124.429
179.975,72.407,40.385,124.429
175.897,67.701,40.385,124.429
173.073,62.368,40.385,124.429
172.132,58.917,40.385,124.429
169.936,57.349,40.385,124.429
165.858,53.898,40.385,124.429
163.035,51.702,40.385,124.429
160.839,53.271,40.385,124.429
156.760,57.976,40.385,124.429
155.819,60.800,40.385,124.429
155.505,63.623,40.385,124.429
153.937,65.819,40.385,124.429
151.113,69.897,40.385,124.429
150.172,72.721,40.385,124.429
153.623,73.662,40.385,124.429
157.074,73.348,40.385,124.429
159.270,73.662,40.385,124.429
162.721,74.603,40.385,124.429
165.544,76.172,40.385,124.429
167.113,73.976,40.385,124.429
170.564,76.172,40.385,124.429
170.877,80.877,40.385,124.429
173.073,76.799,40.385,124.429
175.269,75.858,40.385,124.429
177.465,78.681,40.385,124.429
178.407,82.760,40.385,124.429
178.720,84.956,40.385,124.429
180.916,85.269,40.385,124.429
182.485,88.720,40.385,124.429
181.544,91.544,40.385,124.429
184.367,95.622,40.385,124.429
184.053,97.191,40.385,124.429
184.367,98.132,40.385,124.429
182.171,97.818,40.385,124.429
181.230,101.269,40.385,124.429
181.544,102.210,40.385,124.429
181.857,103.779,40.385,124.429
181.544,99.073,40.385,124.429
181.230,96.249,40.385,124.429
181.544,97.191,40.385,124.429
179.348,94.995,40.385,124.429
180.916,91.544,40.385,124.429
182.485,91.230,40.385,124.429
182.171,92.799,40.385,124.429
183.740,90.603,40.385,124.429
184.681,86.524,40.385,124.429
184.995,83.701,40.385,124.429
184.053,84.015,40.385,124.429
182.485,81.191,40.385,124.429
180.916,78.368,40.385,124.429
179.348,75.544,40.385,124.429
178.407,73.976,40.385,124.429
176.838,75.544,40.385,124.429
175.269,77.740,40.385,124.429
179.348,78.681,40.385,124.429
182.798,75.231,40.385,124.429
186.249,76.172,40.385,124.429
186.563,75.858,40.385,124.429
186.249,73.662,40.385,124.429
188.445,74.603,40.385,124.429
187.504,76.172,40.385,124.429
187.818,78.995,40.385,124.429
189.386,77.427,40.385,124.429
190.955,80.877,40.385,124.429
189.386,84.328,40.385,124.429
188.445,85.269,40.385,124.429
189.386,83.701,40.385,124.429
186.563,80.877,40.385,124.429
184.367,84.328,40.385,124.429
182.171,86.524,40.385,124.429
184.994,87.465,40.385,124.429
184.053,89.034,40.385,124.429
182.485,87.465,40.385,124.429
181.544,84.642,40.385,124.429
181.857,87.465,40.385,124.429
183.426,84.642,40.385,124.429
183.740,83.701,40.385,124.429
182.171,84.642,40.385,124.429
174.956,88.093,40.385,124.429
175.897,84.642,40.385,124.429
171.191,82.446,40.385,124.429
170.250,78.995,40.385,124.429
168.681,79.936,40.385,124.429
167.740,76.485,40.385,124.429
169.936,75.544,40.385,124.429
174.642,72.093,40.385,124.429
178.093,74.917,40.385,124.429
177.779,77.113,40.385,124.429
180.602,80.564,40.385,124.429
184.053,78.368,40.385,124.429
186.877,74.289,40.385,124.429
189.073,73.348,40.385,124.429
189.386,73.035,40.385,124.429
187.190,72.721,40.385,124.429
186.249,74.289,40.385,124.429
187.818,77.113,40.385,124.429
192.524,80.564,40.385,124.429
197.229,83.387,40.385,124.429
198.170,83.701,40.385,124.429
199.739,80.877,40.385,124.429
200.269,83.081,41.278,127.182
200.145,82.007,42.192,129.996
201.128,85.612,42.192,129.996
201.456,89.217,42.192,129.996
202.439,92.167,42.192,129.996
205.389,95.117,42.192,129.996
202.439,98.067,42.192,129.996
200.800,95.772,42.192,129.996
199.161,96.100,42.192,129.996
194.245,101.016,42.192,129.996
191.398,103.319,43.125,132.872
189.723,104.324,43.125,132.872
184.028,105.329,43.125,132.872
183.693,108.344,43.125,132.872
184.028,112.029,43.125,132.872
185.033,107.004,43.125,132.872
183.358,105.999,43.125,132.872
183.023,101.644,43.125,132.872
180.678,97.959,43.125,132.872
181.683,95.614,43.125,132.872
179.338,90.589,43.125,132.872
173.643,86.904,43.125,132.872
172.638,88.579,43.125,132.872
171.633,90.254,43.125,132.872
170.628,87.909,43.125,132.872
166.943,87.574,43.125,132.872
165.268,84.559,43.125,132.872
166.273,81.544,43.125,132.872
167.278,79.869,43.125,132.872
164.263,76.854,43.125,132.872
158.568,71.159,43.125,132.872
156.223,66.134,43.125,132.872
157.898,63.119,43.125,132.872
166.943,65.464,43.125,132.872
169.958,70.489,43.125,132.872
175.653,72.834,43.125,132.872
180.678,73.169,43.125,132.872
182.353,72.164,43.125,132.872
180.008,69.149,43.125,132.872
179.003,70.154,43.125,132.872
177.998,71.159,43.125,132.872
179.673,73.504,43.125,132.872
180.008,77.189,43.125,132.872
182.353,79.534,43.125,132.872
182.688,81.879,43.125,132.872
185.033,83.554,43.125,132.872
188.048,82.549,43.125,132.872
190.004,82.817,44.079,135.812
188.292,84.529,44.079,135.812
185.895,84.186,44.079,135.812
188.292,85.213,44.079,135.812
187.950,86.241,44.079,135.812
192.401,87.953,44.079,135.812
193.428,89.665,44.079,135.812
195.140,93.431,44.079,135.812
195.483,94.459,44.079,135.812
196.510,93.431,44.079,135.812
192.743,92.404,44.079,135.812
183.498,95.486,44.079,135.812
179.732,101.307,44.079,135.812
178.020,105.073,44.079,135.812
173.568,101.307,44.079,135.812
174.596,96.171,44.079,135.812
172.199,95.828,44.079,135.812
168.432,96.856,44.079,135.812
170.431,92.866,45.054,138.816
170.781,88.316,45.054,138.816
167.631,86.567,45.054,138.816
163.782,89.716,45.054,138.816
159.932,85.867,45.054,138.816
158.882,89.016,45.054,138.816
161.332,85.167,45.054,138.816
158.182,82.017,45.054,138.816
155.626,77.762,44.094,135.856
151.858,82.900,44.094,135.856
148.776,82.557,44.094,135.856
150.488,85.640,44.094,135.856
154.256,92.148,44.094,135.856
157.339,93.861,44.094,135.856
159.051,93.518,44.094,135.856
159.394,92.491,44.094,135.856
158.874,90.308,43.153,132.959
154.516,93.325,43.153,132.959
152.169,87.626,43.153,132.959
153.175,90.643,43.153,132.959
153.510,90.978,43.153,132.959
156.527,93.325,43.153,132.959
154.725,91.188,42.233,130.124
157.678,92.829,42.233,130.124
155.382,93.157,42.233,130.124
154.883,93.595,41.332,127.349
158.415,89.421,41.332,127.349
156.810,85.890,41.332,127.349
156.489,86.853,41.332,127.349
155.525,89.742,41.332,127.349
155.204,90.706,41.332,127.349
152.315,91.669,41.332,127.349
151.827,91.479,40.451,124.633
150.138,89.477,39.588,121.975
147.370,85.479,39.588,121.975
142.758,82.096,39.588,121.975
