84.000,53.000,62.000,70.000
86.338,53.260,62.000,70.000
89.194,53.000,62.000,70.000
90.493,54.299,62.000,70.000
91.792,53.519,62.000,70.000
93.090,54.299,62.000,70.000
91.792,53.519,62.000,70.000
93.204,54.015,60.678,68.507
91.933,52.745,60.678,68.507
91.170,53.507,60.678,68.507
90.408,52.745,60.678,68.507
89.137,52.999,60.678,68.507
87.866,52.236,60.678,68.507
86.087,52.999,60.678,68.507
84.816,52.745,60.678,68.507
83.036,54.015,60.678,68.507
82.274,53.761,60.678,68.507
81.003,54.524,60.678,68.507
80.425,56.479,59.384,67.046
79.181,58.221,59.384,67.046
77.937,57.972,59.384,67.046
78.186,59.713,59.384,67.046
79.539,59.229,58.117,65.617
79.924,59.225,56.878,64.217
80.162,59.463,56.878,64.217
81.353,59.225,56.878,64.217
82.545,58.987,56.878,64.217
83.736,58.272,56.878,64.217
83.974,57.557,56.878,64.217
85.642,56.842,56.878,64.217
86.357,56.604,56.878,64.217
88.025,55.889,56.878,64.217
89.216,56.604,56.878,64.217
90.884,55.889,56.878,64.217
91.599,56.127,56.878,64.217
92.790,55.413,56.878,64.217
93.505,55.651,56.878,64.217
95.173,55.889,56.878,64.217
95.888,56.127,56.878,64.217
96.602,54.936,56.878,64.217
96.841,55.174,56.878,64.217
98.032,55.413,56.878,64.217
98.747,55.651,56.878,64.217
99.462,55.889,56.878,64.217
100.653,56.604,56.878,64.217
99.938,56.366,56.878,64.217
101.129,57.081,56.878,64.217
101.844,56.842,56.878,64.217
101.606,58.510,56.878,64.217
101.368,57.319,56.878,64.217
102.082,57.081,56.878,64.217
100.891,56.842,56.878,64.217
102.187,58.216,55.665,62.848
101.021,57.516,55.665,62.848
100.787,58.682,55.665,62.848
100.088,57.983,55.665,62.848
100.321,57.750,55.665,62.848
99.622,57.050,55.665,62.848
99.855,57.750,55.665,62.848
97.756,57.050,55.665,62.848
97.523,57.750,55.665,62.848
97.756,57.050,55.665,62.848
95.657,57.283,55.665,62.848
96.357,56.584,55.665,62.848
94.725,57.283,55.665,62.848
93.559,56.584,55.665,62.848
94.258,57.750,55.665,62.848
92.160,57.516,55.665,62.848
91.460,57.283,55.665,62.848
91.227,57.050,55.665,62.848
90.061,58.216,55.665,62.848
89.828,57.050,55.665,62.848
88.195,58.216,55.665,62.848
88.895,57.050,55.665,62.848
87.263,57.750,55.665,62.848
87.962,57.516,55.665,62.848
86.796,56.817,55.665,62.848
86.097,57.516,55.665,62.848
86.796,57.283,55.665,62.848
85.630,56.584,55.665,62.848
86.796,57.283,55.665,62.848
85.164,56.584,55.665,62.848
85.864,57.283,55.665,62.848
84.698,56.584,55.665,62.848
84.931,57.283,55.665,62.848
84.698,56.584,55.665,62.848
84.464,56.817,55.665,62.848
85.630,57.516,55.665,62.848
84.931,56.817,55.665,62.848
84.231,57.050,55.665,62.848
84.464,57.283,55.665,62.848
84.698,56.584,55.665,62.848
83.065,56.351,55.665,62.848
84.231,56.584,55.665,62.848
83.998,56.817,55.665,62.848
83.765,57.050,55.665,62.848
83.065,57.283,55.665,62.848
83.765,56.584,55.665,62.848
83.065,57.283,55.665,62.848
84.231,56.584,55.665,62.848
83.998,57.283,55.665,62.848
84.231,56.584,55.665,62.848
84.464,57.283,55.665,62.848
85.164,57.050,55.665,62.848
84.464,57.750,55.665,62.848
85.164,57.050,55.665,62.848
84.931,58.216,55.665,62.848
85.630,57.050,55.665,62.848
86.330,58.216,55.665,62.848
86.097,57.050,55.665,62.848
86.330,58.216,55.665,62.848
87.029,57.050,55.665,62.848
86.330,57.750,55.665,62.848
87.496,57.516,55.665,62.848
88.195,57.283,55.665,62.848
87.962,57.050,55.665,62.848
88.195,58.216,55.665,62.848
88.429,57.050,55.665,62.848
89.128,58.216,55.665,62.848
88.429,57.050,55.665,62.848
89.595,58.216,55.665,62.848
89.361,57.050,55.665,62.848
89.595,58.216,55.665,62.848
90.294,57.516,55.665,62.848
89.595,57.750,55.665,62.848
90.760,57.983,55.665,62.848
89.595,58.216,55.665,62.848
90.760,57.516,55.665,62.848
89.595,57.750,55.665,62.848
90.760,58.449,55.665,62.848
89.128,57.750,55.665,62.848
89.828,58.449,55.665,62.848
88.662,57.283,55.665,62.848
89.361,57.516,55.665,62.848
88.195,58.216,55.665,62.848
87.496,57.516,55.665,62.848
88.195,58.682,55.665,62.848
86.563,57.983,55.665,62.848
87.729,59.149,55.665,62.848
85.630,57.516,55.665,62.848
87.263,59.149,55.665,62.848
86.097,57.516,55.665,62.848
87.263,58.682,55.665,62.848
87.496,57.983,55.665,62.848
88.662,58.682,55.665,62.848
89.361,57.516,55.665,62.848
89.128,57.283,55.665,62.848
88.895,57.050,55.665,62.848
88.662,58.216,55.665,62.848
90.294,57.050,55.665,62.848
89.128,58.216,55.665,62.848
89.361,57.050,55.665,62.848
89.595,58.216,55.665,62.848
89.828,57.050,55.665,62.848
88.662,57.750,55.665,62.848
89.361,57.050,55.665,62.848
88.195,57.750,55.665,62.848
87.962,57.050,55.665,62.848
86.796,57.283,55.665,62.848
86.563,56.584,55.665,62.848
86.796,56.817,55.665,62.848
85.164,57.050,55.665,62.848
84.931,57.283,55.665,62.848
84.231,56.117,55.665,62.848
83.998,55.884,55.665,62.848
83.298,57.050,55.665,62.848
82.599,56.817,55.665,62.848
82.832,56.584,55.665,62.848
81.200,55.884,55.665,62.848
81.899,56.584,55.665,62.848
80.733,55.884,55.665,62.848
80.500,56.117,55.665,62.848
81.200,55.418,55.665,62.848
80.500,55.651,55.665,62.848
80.733,55.884,55.665,62.848
79.568,56.117,55.665,62.848
80.733,54.951,55.665,62.848
79.568,56.117,55.665,62.848
81.200,55.418,55.665,62.848
80.500,56.117,55.665,62.848
81.666,55.418,55.665,62.848
81.899,56.117,55.665,62.848
81.666,55.418,55.665,62.848
83.298,56.117,55.665,62.848
83.998,55.418,55.665,62.848
84.698,56.117,55.665,62.848
85.864,55.884,55.665,62.848
87.496,57.050,55.665,62.848
89.594,57.283,55.665,62.848
91.693,56.584,55.665,62.848
91.926,57.283,55.665,62.848
94.025,57.516,55.665,62.848
95.191,57.750,55.665,62.848
96.357,57.983,55.665,62.848
97.523,57.750,55.665,62.848
98.222,57.050,55.665,62.848
98.456,56.817,55.665,62.848
99.155,56.584,55.665,62.848
98.922,56.351,55.665,62.848
98.222,56.117,55.665,62.848
98.456,55.884,55.665,62.848
97.756,57.050,55.665,62.848
96.124,55.884,55.665,62.848
94.958,55.185,55.665,62.848
93.792,54.019,55.665,62.848
92.160,55.185,55.665,62.848
90.994,53.552,55.665,62.848
89.168,54.067,56.897,64.238
87.500,52.398,56.897,64.238
85.831,53.113,56.897,64.238
83.686,52.875,56.897,64.238
82.018,54.067,56.897,64.238
80.826,53.352,56.897,64.238
79.158,53.590,56.897,64.238
78.443,53.828,56.897,64.238
78.204,53.590,56.897,64.238
76.338,52.138,58.156,65.660
77.069,51.894,58.156,65.660
76.338,51.650,58.156,65.660
76.582,51.894,58.156,65.660
76.338,51.163,58.156,65.660
78.044,50.432,58.156,65.660
77.800,50.189,58.156,65.660
79.018,49.458,58.156,65.660
80.236,49.214,58.156,65.660
81.454,48.483,58.156,65.660
81.064,48.515,59.442,67.112
83.305,47.768,59.442,67.112
85.048,48.017,59.442,67.112
87.289,47.768,59.442,67.112
90.028,48.515,59.442,67.112
92.269,48.764,59.442,67.112
96.004,49.013,59.442,67.112
100.238,48.266,59.442,67.112
104.969,48.515,59.442,67.112
109.700,49.262,59.442,67.112
115.925,49.511,59.442,67.112
121.154,49.760,59.442,67.112
127.379,50.009,59.442,67.112
133.107,48.764,59.442,67.112
138.834,49.013,59.442,67.112
144.063,47.768,59.442,67.112
149.292,48.515,59.442,67.112
155.019,47.768,59.442,67.112
159.751,47.519,59.442,67.112
164.980,46.772,59.442,67.112
168.715,47.021,59.442,67.112
173.446,45.776,59.442,67.112
176.683,47.519,59.442,67.112
179.920,46.772,59.442,67.112
182.161,47.021,59.442,67.112
184.900,46.274,59.442,67.112
187.142,46.523,59.442,67.112
188.885,46.772,59.442,67.112
190.130,47.021,59.442,67.112
191.375,46.274,59.442,67.112
192.122,47.021,59.442,67.112
191.873,46.772,59.442,67.112
191.624,48.017,59.442,67.112
192.371,46.772,59.442,67.112
191.126,48.017,59.442,67.112
189.881,46.772,59.442,67.112
188.636,48.017,59.442,67.112
187.889,47.270,59.442,67.112
185.648,47.519,59.442,67.112
184.402,48.266,59.442,67.112
181.663,48.017,59.442,67.112
179.422,47.768,59.442,67.112
176.683,49.013,59.442,67.112
173.944,48.266,59.442,67.112
170.209,49.013,59.442,67.112
166.474,48.764,59.442,67.112
162.739,50.009,59.442,67.112
158.506,49.262,59.442,67.112
153.774,50.009,59.442,67.112
149.043,49.760,59.442,67.112
143.814,51.005,59.442,67.112
138.585,50.258,59.442,67.112
134.352,51.005,59.442,67.112
129.621,50.756,59.442,67.112
124.889,52.001,59.442,67.112
119.162,51.254,59.442,67.112
114.431,52.001,59.442,67.112
110.198,52.250,59.442,67.112
106.463,52.997,59.442,67.112
103.016,53.473,58.175,65.681
99.361,53.717,58.175,65.681
96.680,54.448,58.175,65.681
94.487,53.717,58.175,65.681
91.806,54.448,58.175,65.681
90.100,53.717,58.175,65.681
87.420,54.448,58.175,65.681
86.201,53.717,58.175,65.681
84.495,53.960,58.175,65.681
83.764,54.204,58.175,65.681
82.546,53.473,58.175,65.681
81.815,53.717,58.175,65.681
81.571,53.960,58.175,65.681
80.840,54.204,58.175,65.681
81.571,53.473,58.175,65.681
81.327,53.717,58.175,65.681
81.571,53.960,58.175,65.681
82.302,54.204,58.175,65.681
83.033,53.473,58.175,65.681
84.252,53.717,58.175,65.681
85.957,53.960,58.175,65.681
87.663,54.691,58.175,65.681
90.344,54.448,58.175,65.681
92.537,54.204,58.175,65.681
95.218,54.448,58.175,65.681
97.899,54.691,58.175,65.681
101.554,55.422,58.175,65.681
104.722,55.179,58.175,65.681
108.378,54.935,58.175,65.681
112.033,55.666,58.175,65.681
116.176,55.422,58.175,65.681
120.806,55.666,58.175,65.681
125.924,56.397,58.175,65.681
130.067,56.154,58.175,65.681
134.697,56.397,58.175,65.681
139.815,55.666,58.175,65.681
144.933,55.910,58.175,65.681
149.075,56.641,58.175,65.681
153.706,56.885,58.175,65.681
158.823,57.128,58.175,65.681
163.454,57.372,58.175,65.681
167.597,57.368,56.934,64.280
171.175,57.606,56.934,64.280
175.706,57.845,56.934,64.280
178.807,58.083,56.934,64.280
182.384,57.368,56.934,64.280
185.962,58.083,56.934,64.280
189.062,57.845,56.934,64.280
191.738,58.300,55.720,62.910
194.306,58.534,55.720,62.910
196.874,58.767,55.720,62.910
198.507,59.000,55.720,62.910
201.075,59.701,55.720,62.910
201.775,59.000,55.720,62.910
202.476,59.701,55.720,62.910
204.109,59.000,55.720,62.910
203.876,59.701,55.720,62.910
204.109,59.000,55.720,62.910
204.343,59.234,55.720,62.910
204.109,58.067,55.720,62.910
203.876,58.300,55.720,62.910
203.176,58.534,55.720,62.910
202.476,58.300,55.720,62.910
201.775,58.067,55.720,62.910
199.675,57.367,55.720,62.910
198.507,57.600,55.720,62.910
197.807,57.833,55.720,62.910
195.706,57.600,55.720,62.910
193.606,56.900,55.720,62.910
192.906,57.600,55.720,62.910
190.338,56.433,55.720,62.910
188.237,56.199,55.720,62.910
186.136,55.499,55.720,62.910
183.569,55.733,55.720,62.910
181.468,55.499,55.720,62.910
178.901,55.266,55.720,62.910
175.399,55.032,55.720,62.910
172.832,55.733,55.720,62.910
169.797,55.032,55.720,62.910
167.230,55.266,55.720,62.910
164.662,54.099,55.720,62.910
161.628,54.332,55.720,62.910
158.348,54.363,56.953,64.301
155.723,53.647,56.953,64.301
152.622,53.408,56.953,64.301
149.520,53.170,56.953,64.301
147.850,52.931,56.953,64.301
144.749,51.738,56.953,64.301
142.601,53.408,56.953,64.301
140.454,52.693,56.953,64.301
139.738,53.408,56.953,64.301
137.114,52.216,56.953,64.301
136.398,52.454,56.953,64.301
135.205,52.216,56.953,64.301
133.535,51.977,56.953,64.301
131.865,51.738,56.953,64.301
131.483,52.265,58.213,65.724
130.263,51.045,58.213,65.724
129.532,52.265,58.213,65.724
129.288,51.045,58.213,65.724
128.897,51.583,59.501,67.178
128.149,51.334,59.501,67.178
128.897,51.583,59.501,67.178
129.146,51.334,59.501,67.178
129.894,51.583,59.501,67.178
130.642,51.334,59.501,67.178
132.387,51.085,59.501,67.178
133.134,50.836,59.501,67.178
134.381,51.583,59.501,67.178
136.125,50.836,59.501,67.178
137.870,51.085,59.501,67.178
139.615,49.839,59.501,67.178
142.357,50.088,59.501,67.178
144.600,48.842,59.501,67.178
147.342,49.091,59.501,67.178
150.084,47.844,59.501,67.178
153.324,48.094,59.501,67.178
157.561,47.346,59.501,67.178
161.300,47.097,59.501,67.178
165.039,46.349,59.501,67.178
168.778,46.100,59.501,67.178
172.516,45.850,59.501,67.178
177.252,46.598,59.501,67.178
180.493,45.352,59.501,67.178
184.730,45.103,59.501,67.178
188.967,44.853,59.501,67.178
192.207,45.601,59.501,67.178
195.946,44.853,59.501,67.178
198.650,44.886,60.817,68.665
202.471,44.122,60.817,68.665
205.783,44.377,60.817,68.665
209.095,43.612,60.817,68.665
212.407,44.377,60.817,68.665
215.210,43.612,60.817,68.665
218.012,43.867,60.817,68.665
220.815,44.631,60.817,68.665
222.598,43.867,60.817,68.665
223.776,43.900,62.163,70.184
225.078,43.119,62.163,70.184
226.380,43.380,62.163,70.184
227.682,43.640,62.163,70.184
226.900,42.338,62.163,70.184
228.202,43.640,62.163,70.184
227.942,42.338,62.163,70.184
226.444,42.912,63.538,71.737
225.645,42.114,63.538,71.737
225.771,41.596,64.944,73.324
223.867,40.780,64.944,73.324
222.506,41.052,64.944,73.324
221.146,41.324,64.944,73.324
219.242,41.052,64.944,73.324
217.337,40.780,64.944,73.324
214.889,39.964,64.944,73.324
211.896,39.692,64.944,73.324
208.904,39.420,64.944,73.324
205.367,38.604,64.944,73.324
202.374,39.420,64.944,73.324
198.837,38.060,64.944,73.324
194.212,38.876,64.944,73.324
190.132,37.516,64.944,73.324
186.051,37.244,64.944,73.324
181.970,38.060,64.944,73.324
177.889,37.788,64.944,73.324
173.808,37.516,64.944,73.324
169.727,37.244,64.944,73.324
165.103,38.060,64.944,73.324
159.586,36.966,66.381,74.946
155.415,37.801,66.381,74.946
151.800,38.079,66.381,74.946
148.741,37.244,66.381,74.946
145.126,38.079,66.381,74.946
142.623,37.244,66.381,74.946
139.564,38.079,66.381,74.946
137.062,37.801,66.381,74.946
135.115,38.635,66.381,74.946
132.612,38.357,66.381,74.946
130.110,38.079,66.381,74.946
129.276,37.801,66.381,74.946
127.885,39.191,66.381,74.946
126.495,38.357,66.381,74.946
126.217,39.191,66.381,74.946
127.051,40.025,66.381,74.946
126.217,40.859,66.381,74.946
127.607,41.137,66.381,74.946
126.773,40.859,66.381,74.946
128.719,42.250,66.381,74.946
129.554,41.972,66.381,74.946
130.944,43.362,66.381,74.946
132.890,43.084,66.381,74.946
134.281,43.362,66.381,74.946
136.227,43.640,66.381,74.946
138.174,44.474,66.381,74.946
139.564,44.752,66.381,74.946
140.955,45.587,66.381,74.946
142.345,46.421,66.381,74.946
143.179,46.699,66.381,74.946
145.126,47.533,66.381,74.946
146.516,47.811,66.381,74.946
146.238,48.645,66.381,74.946
148.741,49.480,66.381,74.946
148.463,49.202,66.381,74.946
148.741,49.480,66.381,74.946
149.575,50.314,66.381,74.946
151.087,50.845,64.965,73.348
150.270,50.029,64.965,73.348
151.750,51.598,63.580,71.784
150.951,52.397,63.580,71.784
151.217,51.598,63.580,71.784
150.418,51.864,63.580,71.784
150.685,51.065,63.580,71.784
149.353,50.799,63.580,71.784
148.554,51.065,63.580,71.784
147.222,51.331,63.580,71.784
145.358,52.130,63.580,71.784
144.752,52.125,62.224,70.253
142.928,52.907,62.224,70.253
141.103,52.647,62.224,70.253
139.278,52.907,62.224,70.253
138.183,53.908,60.897,68.755
134.867,55.183,60.897,68.755
133.081,54.418,60.897,68.755
129.765,55.183,60.897,68.755
127.218,56.162,59.598,67.289
123.972,56.911,59.598,67.289
121.226,56.662,59.598,67.289
118.252,57.620,58.327,65.854
115.564,58.353,58.327,65.854
112.387,58.597,58.327,65.854
109.211,59.819,58.327,65.854
106.035,60.552,58.327,65.854
104.066,61.489,57.084,64.449
101.436,61.250,57.084,64.449
98.805,62.446,57.084,64.449
97.131,61.729,57.084,64.449
94.501,62.446,57.084,64.449
93.305,62.685,57.084,64.449
91.631,62.446,57.084,64.449
90.436,62.685,57.084,64.449
89.240,62.924,57.084,64.449
87.566,63.163,57.084,64.449
87.483,63.159,55.866,63.075
88.305,63.606,54.675,61.730
86.243,64.751,54.675,61.730
86.472,63.606,54.675,61.730
86.243,64.751,54.675,61.730
86.014,64.064,54.675,61.730
86.701,63.835,54.675,61.730
86.472,63.606,54.675,61.730
86.701,64.293,54.675,61.730
87.388,63.606,54.675,61.730
87.617,64.293,54.675,61.730
88.305,63.606,54.675,61.730
88.992,63.835,54.675,61.730
90.595,62.690,54.675,61.730
91.282,62.461,54.675,61.730
91.969,63.148,54.675,61.730
94.031,62.919,54.675,61.730
95.634,62.232,54.675,61.730
96.779,62.919,54.675,61.730
98.382,62.232,54.675,61.730
99.986,62.461,54.675,61.730
102.505,63.148,54.675,61.730
104.108,62.461,54.675,61.730
106.628,63.148,54.675,61.730
108.231,62.461,54.675,61.730
110.292,62.690,54.675,61.730
112.354,62.003,54.675,61.730
115.806,62.882,53.509,60.413
118.272,62.209,53.509,60.413
121.219,63.502,52.368,59.125
123.632,63.282,52.368,59.125
125.607,63.063,52.368,59.125
128.020,63.282,52.368,59.125
130.872,63.502,52.368,59.125
133.723,63.721,52.368,59.125
135.698,64.379,52.368,59.125
138.111,64.160,52.368,59.125
140.524,64.379,52.368,59.125
142.498,65.037,52.368,59.125
144.034,64.818,52.368,59.125
146.447,65.476,52.368,59.125
147.544,64.818,52.368,59.125
149.080,65.476,52.368,59.125
150.615,64.818,52.368,59.125
151.273,65.476,52.368,59.125
153.248,64.818,52.368,59.125
153.906,65.476,52.368,59.125
153.686,64.818,52.368,59.125
154.345,65.476,52.368,59.125
153.686,64.818,52.368,59.125
154.345,65.037,52.368,59.125
153.686,64.379,52.368,59.125
153.906,64.599,52.368,59.125
153.248,64.379,52.368,59.125
153.028,63.721,52.368,59.125
151.931,63.940,52.368,59.125
151.273,62.844,52.368,59.125
150.615,63.502,52.368,59.125
148.641,62.405,52.368,59.125
147.544,62.185,52.368,59.125
146.008,61.527,52.368,59.125
145.350,61.308,52.368,59.125
142.937,60.211,52.368,59.125
142.279,59.992,52.368,59.125
140.743,59.334,52.368,59.125
138.769,59.114,52.368,59.125
137.233,58.895,52.368,59.125
137.014,59.553,52.368,59.125
135.040,58.895,52.368,59.125
133.504,59.553,52.368,59.125
131.530,58.895,52.368,59.125
130.872,59.553,52.368,59.125
129.775,58.456,52.368,59.125
128.678,58.675,52.368,59.125
127.581,58.456,52.368,59.125
126.923,58.237,52.368,59.125
126.571,57.355,53.526,60.433
125.450,57.579,53.526,60.433
125.090,57.143,54.711,61.770
125.778,56.456,54.711,61.770
125.090,57.143,54.711,61.770
126.236,56.456,54.711,61.770
125.549,57.143,54.711,61.770
127.153,56.456,54.711,61.770
127.261,56.486,55.921,63.137
127.964,55.783,55.921,63.137
130.072,56.017,55.921,63.137
130.307,56.720,55.921,63.137
132.415,56.017,55.921,63.137
134.523,56.252,55.921,63.137
136.632,56.017,55.921,63.137
138.740,55.315,55.921,63.137
141.317,55.080,55.921,63.137
143.425,54.846,55.921,63.137
146.002,53.675,55.921,63.137
148.057,53.705,57.158,64.534
150.691,52.508,57.158,64.534
153.288,52.043,58.423,65.962
157.448,50.819,58.423,65.962
160.141,50.574,58.423,65.962
164.301,49.840,58.423,65.962
166.993,50.085,58.423,65.962
170.664,49.840,58.423,65.962
173.846,49.106,58.423,65.962
177.028,49.351,58.423,65.962
179.682,48.367,59.716,67.421
182.934,47.616,59.716,67.421
186.686,47.867,59.716,67.421
189.438,48.117,59.716,67.421
192.190,47.867,59.716,67.421
194.942,47.616,59.716,67.421
198.194,47.366,59.716,67.421
199.945,47.116,59.716,67.421
203.197,48.367,59.716,67.421
204.948,47.616,59.716,67.421
207.699,47.867,59.716,67.421
209.451,48.117,59.716,67.421
210.701,47.867,59.716,67.421
212.452,47.616,59.716,67.421
213.203,47.366,59.716,67.421
213.953,47.116,59.716,67.421
215.204,47.867,59.716,67.421
214.954,47.617,59.716,67.421
216.205,46.866,59.716,67.421
215.955,47.617,59.716,67.421
216.705,46.866,59.716,67.421
215.266,46.899,61.037,68.913
215.521,46.132,61.037,68.913
213.732,46.387,61.037,68.913
213.476,46.643,61.037,68.913
213.732,45.876,61.037,68.913
211.942,46.132,61.037,68.913
210.663,45.876,61.037,68.913
209.385,46.132,61.037,68.913
208.618,45.876,61.037,68.913
205.805,45.109,61.037,68.913
204.015,45.365,61.037,68.913
201.714,45.109,61.037,68.913
198.652,44.081,62.387,70.437
196.299,42.775,62.387,70.437
193.425,43.559,62.387,70.437
190.550,42.775,62.387,70.437
187.675,42.513,62.387,70.437
184.278,41.729,62.387,70.437
180.357,41.991,62.387,70.437
176.960,40.684,62.387,70.437
173.040,41.468,62.387,70.437
169.642,40.161,62.387,70.437
166.245,39.900,62.387,70.437
161.802,39.638,62.387,70.437
158.404,40.423,62.387,70.437
154.484,39.638,62.387,70.437
150.564,39.900,62.387,70.437
146.644,38.593,62.387,70.437
143.769,39.900,62.387,70.437
140.894,38.593,62.387,70.437
136.974,39.900,62.387,70.437
134.099,39.116,62.387,70.437
131.224,39.377,62.387,70.437
128.350,39.638,62.387,70.437
124.677,40.215,63.768,71.996
121.204,38.879,63.768,71.996
119.334,39.146,63.768,71.996
117.464,39.948,63.768,71.996
115.060,39.146,63.768,71.996
113.190,39.948,63.768,71.996
111.855,39.681,63.768,71.996
109.985,39.414,63.768,71.996
108.649,40.215,63.768,71.996
107.313,39.414,63.768,71.996
108.115,40.215,63.768,71.996
106.245,39.414,63.768,71.996
107.046,40.215,63.768,71.996
105.711,39.948,63.768,71.996
105.978,39.681,63.768,71.996
107.313,39.414,63.768,71.996
107.581,40.215,63.768,71.996
108.916,39.414,63.768,71.996
108.115,39.681,63.768,71.996
109.985,38.879,63.768,71.996
110.786,38.612,63.768,71.996
111.587,37.811,63.768,71.996
113.992,38.612,63.768,71.996
114.259,38.345,63.768,71.996
116.129,39.681,63.768,71.996
116.930,38.879,63.768,71.996
118.800,40.215,63.768,71.996
119.601,40.482,63.768,71.996
122.540,41.284,63.768,71.996
123.875,41.016,63.768,71.996
124.677,41.284,63.768,71.996
126.547,42.619,63.768,71.996
128.417,42.352,63.768,71.996
129.752,43.688,63.768,71.996
128.951,43.421,63.768,71.996
131.355,44.756,63.768,71.996
131.088,43.955,63.768,71.996
131.889,44.756,63.768,71.996
131.622,44.489,63.768,71.996
131.889,45.825,63.768,71.996
131.622,44.489,63.768,71.996
131.355,45.825,63.768,71.996
132.156,45.023,63.768,71.996
131.034,45.019,62.408,70.460
130.250,45.803,62.408,70.460
128.943,45.019,62.408,70.460
127.113,45.280,62.408,70.460
125.805,46.064,62.408,70.460
123.452,45.803,62.408,70.460
122.145,46.064,62.408,70.460
119.270,46.326,62.408,70.460
116.394,46.587,62.408,70.460
113.518,47.371,62.408,70.460
110.642,47.633,62.408,70.460
107.244,48.417,62.408,70.460
103.322,48.156,62.408,70.460
99.401,48.417,62.408,70.460
94.956,49.201,62.408,70.460
90.512,48.940,62.408,70.460
86.591,49.201,62.408,70.460
82.146,49.986,62.408,70.460
77.179,49.724,62.408,70.460
73.258,51.031,62.408,70.460
68.813,50.247,62.408,70.460
64.892,51.031,62.408,70.460
61.493,51.293,62.408,70.460
58.095,52.077,62.408,70.460
55.219,51.816,62.408,70.460
52.866,51.554,62.408,70.460
50.760,53.062,61.077,68.958
49.480,52.294,61.077,68.958
48.405,52.783,59.774,67.487
47.654,53.534,59.774,67.487
47.404,53.283,59.774,67.487
46.152,53.033,59.774,67.487
46.903,54.285,59.774,67.487
47.654,53.033,59.774,67.487
47.404,54.285,59.774,67.487
47.654,53.033,59.774,67.487
48.906,54.285,59.774,67.487
50.158,53.534,59.774,67.487
50.408,53.784,59.774,67.487
52.662,54.535,59.774,67.487
54.415,53.784,59.774,67.487
56.168,54.535,59.774,67.487
58.421,54.285,59.774,67.487
60.675,54.535,59.774,67.487
63.429,54.786,59.774,67.487
66.184,55.537,59.774,67.487
68.938,55.287,59.774,67.487
72.694,55.537,59.774,67.487
75.949,56.288,59.774,67.487
79.705,56.539,59.774,67.487
82.960,56.288,59.774,67.487
86.216,56.539,59.774,67.487
89.471,57.290,59.774,67.487
92.726,57.039,59.774,67.487
96.482,58.792,59.774,67.487
99.737,58.542,59.774,67.487
102.993,58.792,59.774,67.487
106.285,59.753,58.500,66.048
108.490,60.978,58.500,66.048
111.186,61.714,58.500,66.048
114.408,62.654,57.252,64.640
116.087,63.374,57.252,64.640
118.245,63.134,57.252,64.640
119.549,64.054,56.031,63.261
121.192,63.819,56.031,63.261
122.468,64.268,54.836,61.912
123.617,64.497,54.836,61.912
124.766,65.187,54.836,61.912
124.995,64.957,54.836,61.912
125.684,64.727,54.836,61.912
125.455,64.957,54.836,61.912
125.225,65.187,54.836,61.912
124.536,65.876,54.836,61.912
124.766,65.187,54.836,61.912
124.076,65.876,54.836,61.912
123.847,65.187,54.836,61.912
123.767,66.068,53.667,60.592
123.093,65.843,53.667,60.592
122.418,66.068,53.667,60.592
121.474,67.364,52.523,59.300
121.254,67.584,52.523,59.300
120.594,68.684,52.523,59.300
120.814,68.904,52.523,59.300
121.034,68.244,52.523,59.300
121.254,69.785,52.523,59.300
120.594,70.445,52.523,59.300
120.814,69.785,52.523,59.300
121.914,70.445,52.523,59.300
122.134,69.785,52.523,59.300
123.754,71.053,51.403,58.035
124.831,70.407,51.403,58.035
125.046,70.622,51.403,58.035
126.553,69.976,51.403,58.035
128.061,70.192,51.403,58.035
129.568,70.407,51.403,58.035
131.506,70.192,51.403,58.035
133.444,69.976,51.403,58.035
135.382,69.761,51.403,58.035
137.751,69.115,51.403,58.035
140.550,69.330,51.403,58.035
143.349,69.115,51.403,58.035
146.579,68.900,51.403,58.035
149.809,68.684,51.403,58.035
152.608,68.038,51.403,58.035
156.699,68.254,51.403,58.035
160.791,68.469,51.403,58.035
164.451,68.684,51.403,58.035
168.112,67.608,51.403,58.035
171.342,67.392,51.403,58.035
175.002,68.900,51.403,58.035
178.663,67.823,51.403,58.035
182.324,68.038,51.403,58.035
185.123,68.254,51.403,58.035
187.922,68.469,51.403,58.035
190.722,68.684,51.403,58.035
193.521,67.608,51.403,58.035
195.889,67.392,51.403,58.035
197.827,68.469,51.403,58.035
199.765,68.254,51.403,58.035
202.134,68.038,51.403,58.035
203.211,67.823,51.403,58.035
204.718,67.608,51.403,58.035
206.225,67.392,51.403,58.035
206.441,68.469,51.403,58.035
207.517,68.684,51.403,58.035
208.163,67.608,51.403,58.035
207.517,67.392,51.403,58.035
208.163,68.469,51.403,58.035
207.517,68.254,51.403,58.035
207.733,68.038,51.403,58.035
206.656,67.392,51.403,58.035
205.579,68.038,51.403,58.035
204.933,67.392,51.403,58.035
202.565,67.177,51.403,58.035
201.919,66.531,51.403,58.035
199.550,65.454,51.403,58.035
198.473,66.100,51.403,58.035
196.105,65.024,51.403,58.035
193.736,64.378,51.403,58.035
191.798,64.163,51.403,58.035
189.430,63.517,51.403,58.035
185.957,61.757,52.540,59.319
183.095,61.537,52.540,59.319
180.674,60.437,52.540,59.319
177.373,59.336,52.540,59.319
174.072,58.676,52.540,59.319
170.979,57.792,53.702,60.632
167.350,57.821,54.890,61.973
165.281,57.591,54.890,61.973
162.752,57.361,54.890,61.973
160.222,56.671,54.890,61.973
158.153,56.901,54.890,61.973
156.083,57.131,54.890,61.973
154.014,55.982,54.890,61.973
152.404,56.671,54.890,61.973
151.255,56.441,54.890,61.973
149.645,55.752,54.890,61.973
147.368,55.782,56.105,63.344
146.016,54.837,57.346,64.746
145.775,54.597,57.346,64.746
145.055,55.318,57.346,64.746
144.814,55.077,57.346,64.746
144.574,54.837,57.346,64.746
144.189,54.370,58.615,66.178
144.926,54.616,58.615,66.178
144.680,53.879,58.615,66.178
145.417,54.125,58.615,66.178
145.662,54.370,58.615,66.178
146.890,54.125,58.615,66.178
148.118,53.879,58.615,66.178
149.837,53.142,58.615,66.178
150.573,52.897,58.615,66.178
151.801,52.160,58.615,66.178
152.426,51.173,59.912,67.642
154.685,50.420,59.912,67.642
155.438,50.169,59.912,67.642
157.119,48.640,61.237,69.139
158.401,47.870,61.237,69.139
160.710,47.101,61.237,69.139
163.019,45.818,61.237,69.139
164.301,45.562,61.237,69.139
166.610,44.279,61.237,69.139
168.919,43.509,61.237,69.139
169.572,41.946,62.592,70.669
171.932,41.684,62.592,70.669
173.243,41.422,62.592,70.669
174.455,41.456,63.977,72.232
176.331,40.652,63.977,72.232
177.570,39.575,65.393,73.830
178.267,39.611,66.839,75.464
178.547,38.771,66.839,75.464
180.507,37.371,66.839,75.464
181.347,37.651,66.839,75.464
181.627,37.931,66.839,75.464
183.027,36.531,66.839,75.464
183.867,37.371,66.839,75.464
183.587,36.531,66.839,75.464
182.557,36.568,68.318,77.133
182.271,35.709,68.318,77.133
182.557,35.423,68.318,77.133
180.554,34.564,68.318,77.133
179.123,34.850,68.318,77.133
178.837,35.137,68.318,77.133
176.833,33.706,68.318,77.133
174.830,35.137,68.318,77.133
172.254,33.706,68.318,77.133
169.679,35.137,68.318,77.133
165.657,33.393,69.830,78.840
160.332,31.610,71.375,80.584
156.445,31.909,71.375,80.584
153.156,30.414,71.375,80.584
149.867,30.713,71.375,80.584
144.424,29.511,72.954,82.367
141.063,29.206,72.954,82.367
137.090,30.122,72.954,82.367
133.117,29.817,72.954,82.367
129.144,28.900,72.954,82.367
125.171,29.206,72.954,82.367
122.420,29.511,72.954,82.367
119.670,27.983,72.954,82.367
117.531,28.900,72.954,82.367
114.780,28.594,72.954,82.367
113.252,28.900,72.954,82.367
110.502,29.206,72.954,82.367
109.585,30.122,72.954,82.367
108.057,30.428,72.954,82.367
107.140,30.122,72.954,82.367
106.834,31.651,72.954,82.367
107.751,32.567,72.954,82.367
108.057,32.873,72.954,82.367
107.751,34.401,72.954,82.367
109.279,35.318,72.954,82.367
109.585,36.235,72.954,82.367
111.113,38.374,72.954,82.367
111.418,38.068,72.954,82.367
112.947,40.819,72.954,82.367
114.475,41.124,72.954,82.367
114.169,42.041,72.954,82.367
115.086,42.347,72.954,82.367
114.780,42.041,72.954,82.367
116.308,42.347,72.954,82.367
116.202,42.341,71.398,80.611
117.100,43.239,71.398,80.611
116.801,42.341,71.398,80.611
117.274,42.913,69.876,78.892
117.172,44.036,68.385,77.209
116.313,43.750,68.385,77.209
114.308,44.036,68.385,77.209
114.021,43.750,68.385,77.209
113.162,44.609,68.385,77.209
111.729,44.322,68.385,77.209
109.724,44.036,68.385,77.209
108.292,44.322,68.385,77.209
107.640,45.974,66.927,75.563
105.117,46.254,66.927,75.563
102.594,47.096,66.927,75.563
100.631,47.937,66.927,75.563
98.108,48.217,66.927,75.563
95.024,48.497,66.927,75.563
93.622,49.338,66.927,75.563
90.538,49.619,66.927,75.563
88.015,50.460,66.927,75.563
86.296,50.995,65.500,73.951
83.278,51.819,65.500,73.951
81.596,52.872,64.103,72.374
79.180,53.677,64.103,72.374
77.300,53.946,64.103,72.374
75.420,55.288,64.103,72.374
74.292,56.319,62.736,70.831
71.927,56.056,62.736,70.831
71.836,57.571,61.398,69.321
69.521,56.800,61.398,69.321
69.778,57.571,61.398,69.321
68.492,56.800,61.398,69.321
67.720,57.057,61.398,69.321
67.463,56.285,61.398,69.321
66.177,56.542,61.398,69.321
66.434,56.800,61.398,69.321
66.691,56.542,61.398,69.321
66.949,56.285,61.398,69.321
67.851,57.272,60.089,67.842
68.606,56.517,60.089,67.842
69.362,56.769,60.089,67.842
70.117,57.021,60.089,67.842
71.375,57.272,60.089,67.842
73.137,56.517,60.089,67.842
74.899,56.769,60.089,67.842
77.668,57.021,60.089,67.842
79.934,57.272,60.089,67.842
83.728,57.268,58.807,66.396
86.438,58.007,58.807,66.396
90.134,57.760,58.807,66.396
93.336,58.992,58.807,66.396
97.524,58.746,58.807,66.396
101.712,59.485,58.807,66.396
105.901,59.006,57.553,64.980
109.517,60.693,57.553,64.980
114.098,59.970,57.553,64.980
118.197,60.693,57.553,64.980
122.295,59.970,57.553,64.980
126.394,60.693,57.553,64.980
130.492,60.452,57.553,64.980
134.109,60.693,57.553,64.980
137.243,60.934,57.553,64.980
140.860,61.658,57.553,64.980
144.494,61.653,56.326,63.594
147.562,62.361,56.326,63.594
150.629,62.125,56.326,63.594
153.225,63.305,56.326,63.594
155.348,62.125,56.326,63.594
157.944,63.305,56.326,63.594
160.067,62.125,56.326,63.594
162.191,63.305,56.326,63.594
164.314,62.597,56.326,63.594
165.966,62.833,56.326,63.594
167.618,63.069,56.326,63.594
169.741,63.305,56.326,63.594
170.921,62.597,56.326,63.594
171.157,62.833,56.326,63.594
172.809,63.069,56.326,63.594
173.989,63.777,56.326,63.594
173.753,63.069,56.326,63.594
175.876,63.777,56.326,63.594
175.168,63.541,56.326,63.594
176.348,63.305,56.326,63.594
177.056,63.069,56.326,63.594
176.348,64.249,56.326,63.594
177.528,63.069,56.326,63.594
177.292,63.777,56.326,63.594
177.528,63.541,56.326,63.594
177.764,62.833,56.326,63.594
177.528,63.069,56.326,63.594
176.820,62.833,56.326,63.594
176.584,62.125,56.326,63.594
175.876,62.361,56.326,63.594
174.225,61.181,56.326,63.594
173.517,61.417,56.326,63.594
172.809,59.766,56.326,63.594
172.101,59.530,56.326,63.594
170.449,58.822,56.326,63.594
169.269,58.114,56.326,63.594
167.618,57.878,56.326,63.594
166.438,57.170,56.326,63.594
164.786,56.934,56.326,63.594
164.078,56.226,56.326,63.594
161.955,55.047,56.326,63.594
160.303,55.755,56.326,63.594
159.123,55.047,56.326,63.594
157.472,55.755,56.326,63.594
156.764,55.047,56.326,63.594
156.056,55.283,56.326,63.594
154.876,54.103,56.326,63.594
154.168,54.811,56.326,63.594
153.460,54.103,56.326,63.594
153.696,54.811,56.326,63.594
153.460,53.631,56.326,63.594
153.224,53.867,56.326,63.594
152.517,54.103,56.326,63.594
153.696,53.867,56.326,63.594
153.460,53.631,56.326,63.594
153.696,53.395,56.326,63.594
154.876,52.687,56.326,63.594
154.168,53.395,56.326,63.594
156.292,52.215,56.326,63.594
157.000,52.451,56.326,63.594
158.180,52.687,56.326,63.594
159.760,53.208,57.572,65.001
160.483,51.519,57.572,65.001
163.618,51.278,57.572,65.001
165.307,50.555,57.572,65.001
167.477,50.314,57.572,65.001
169.165,49.108,57.572,65.001
171.281,48.639,58.846,66.439
173.500,47.899,58.846,66.439
175.150,45.886,60.148,67.909
177.418,46.137,60.148,67.909
180.190,44.374,60.148,67.909
182.961,44.122,60.148,67.909
184.649,42.586,61.479,69.412
187.997,41.814,61.479,69.412
191.345,41.556,61.479,69.412
193.662,41.299,61.479,69.412
196.495,40.526,61.479,69.412
199.328,40.268,61.479,69.412
201.131,40.526,61.479,69.412
204.479,39.238,61.479,69.412
205.135,39.806,62.839,70.947
207.504,38.490,62.839,70.947
209.873,38.753,62.839,70.947
211.189,37.437,62.839,70.947
212.506,38.227,62.839,70.947
213.822,36.911,62.839,70.947
212.506,36.121,62.839,70.947
214.268,36.702,64.229,72.517
212.923,35.356,64.229,72.517
212.116,35.087,64.229,72.517
211.847,36.971,64.229,72.517
209.425,35.625,64.229,72.517
207.542,35.895,64.229,72.517
205.658,36.702,64.229,72.517
203.775,35.895,64.229,72.517
201.354,37.778,64.229,72.517
198.131,35.580,65.650,74.121
196.205,37.505,65.650,74.121
192.630,36.130,65.650,74.121
189.605,37.505,65.650,74.121
186.030,37.230,65.650,74.121
183.005,37.505,65.650,74.121
179.430,37.230,65.650,74.121
175.304,36.955,65.650,74.121
171.179,36.680,65.650,74.121
167.604,38.605,65.650,74.121
163.479,38.330,65.650,74.121
157.331,37.796,67.103,75.761
153.115,38.077,67.103,75.761
148.336,38.358,67.103,75.761
143.557,37.514,67.103,75.761
138.216,37.233,67.103,75.761
133.438,36.390,67.103,75.761
128.659,37.233,67.103,75.761
123.318,37.514,67.103,75.761
118.539,37.795,67.103,75.761
113.761,38.639,67.103,75.761
108.061,39.259,68.587,77.438
104.325,40.121,68.587,77.438
100.590,40.408,68.587,77.438
96.855,40.121,68.587,77.438
93.120,42.707,68.587,77.438
89.385,41.845,68.587,77.438
85.943,42.479,70.105,79.151
83.300,43.360,70.105,79.151
81.832,43.066,70.105,79.151
79.776,42.772,70.105,79.151
78.308,44.241,70.105,79.151
78.014,43.360,70.105,79.151
76.546,44.241,70.105,79.151
75.665,43.947,70.105,79.151
75.371,44.241,70.105,79.151
77.427,45.709,70.105,79.151
76.546,45.415,70.105,79.151
76.839,45.709,70.105,79.151
78.895,47.177,70.105,79.151
79.189,46.884,70.105,79.151
81.244,48.352,70.105,79.151
82.713,48.058,70.105,79.151
83.007,48.939,70.105,79.151
85.650,50.408,70.105,79.151
85.356,51.289,70.105,79.151
88.586,52.757,70.105,79.151
87.705,53.638,70.105,79.151
90.348,54.519,70.105,79.151
91.379,53.948,68.610,77.463
92.816,55.385,68.610,77.463
92.717,54.826,67.147,75.811
94.686,56.232,67.147,75.811
93.842,54.826,67.147,75.811
95.248,56.232,67.147,75.811
95.151,54.601,65.715,74.194
94.325,55.977,65.715,74.194
93.499,54.050,65.715,74.194
93.774,54.876,65.715,74.194
93.148,54.871,64.314,72.612
92.536,54.347,62.942,71.064
91.745,56.192,62.942,71.064
89.372,55.401,62.942,71.064
89.108,56.192,62.942,71.064
86.208,55.929,62.942,71.064
83.835,55.665,62.942,71.064
80.934,55.929,62.942,71.064
78.034,56.720,62.942,71.064
75.401,56.715,61.600,69.548
72.563,58.005,61.600,69.548
69.208,58.779,61.600,69.548
66.632,57.780,60.286,68.065
63.348,59.043,60.286,68.065
60.570,60.305,60.286,68.065
57.562,60.788,59.001,66.614
54.843,61.529,59.001,66.614
52.619,62.271,59.001,66.614
50.394,62.518,59.001,66.614
48.170,63.259,59.001,66.614
46.440,63.507,59.001,66.614
45.698,63.754,59.001,66.614
44.660,63.749,57.742,65.193
45.042,65.144,56.511,63.803
44.806,63.960,56.511,63.803
45.042,65.144,56.511,63.803
45.279,63.960,56.511,63.803
46.463,64.670,56.511,63.803
47.750,64.210,55.306,62.442
48.908,64.905,55.306,62.442
49.140,64.210,55.306,62.442
50.762,63.978,55.306,62.442
53.310,64.210,55.306,62.442
54.932,63.978,55.306,62.442
57.017,63.746,55.306,62.442
60.029,63.515,55.306,62.442
63.041,63.746,55.306,62.442
66.053,63.978,55.306,62.442
70.439,64.421,54.126,61.111
74.293,65.101,54.126,61.111
78.601,64.874,54.126,61.111
83.816,65.101,54.126,61.111
88.578,65.328,54.126,61.111
93.744,65.761,52.972,59.807
98.404,65.539,52.972,59.807
103.461,67.246,51.843,58.532
108.828,66.823,50.737,57.284
112.866,67.461,50.737,57.284
117.300,67.457,49.655,56.062
121.252,68.913,49.655,56.062
124.788,68.289,49.655,56.062
127.492,68.913,49.655,56.062
130.612,68.289,49.655,56.062
133.316,68.913,49.655,56.062
135.188,68.705,49.655,56.062
137.476,68.497,49.655,56.062
138.933,68.705,49.655,56.062
139.973,69.329,49.655,56.062
141.013,69.953,49.655,56.062
141.221,69.329,49.655,56.062
142.261,69.953,49.655,56.062
141.637,69.329,49.655,56.062
141.845,69.537,49.655,56.062
140.389,68.497,49.655,56.062
139.765,68.289,49.655,56.062
138.309,69.329,49.655,56.062
136.852,69.121,49.655,56.062
134.980,68.497,49.655,56.062
132.692,67.457,49.655,56.062
129.988,68.497,49.655,56.062
127.284,67.041,49.655,56.062
124.580,67.249,49.655,56.062
121.460,66.625,49.655,56.062
117.508,65.585,49.655,56.062
113.971,64.961,49.655,56.062
109.187,64.753,49.655,56.062
105.235,63.713,49.655,56.062
100.867,62.673,49.655,56.062
96.083,61.633,49.655,56.062
91.715,60.593,49.655,56.062
86.930,60.385,49.655,56.062
82.978,61.009,49.655,56.062
78.610,59.969,49.655,56.062
74.392,59.565,50.754,57.302
70.352,58.076,50.754,57.302
66.738,59.139,50.754,57.302
62.698,58.076,50.754,57.302
59.509,57.864,50.754,57.302
57.170,57.651,50.754,57.302
54.183,57.238,51.877,58.570
51.792,56.151,51.877,58.570
49.836,57.238,51.877,58.570
47.880,55.716,51.877,58.570
46.794,56.803,51.877,58.570
46.142,56.586,51.877,58.570
45.925,56.368,51.877,58.570
45.273,56.151,51.877,58.570
46.359,57.672,51.877,58.570
45.707,55.716,51.877,58.570
45.359,56.196,53.024,59.866
47.358,55.530,53.024,59.866
48.024,56.640,53.024,59.866
49.135,56.418,53.024,59.866
50.690,56.640,53.024,59.866
51.356,55.974,53.024,59.866
53.799,56.640,53.024,59.866
54.910,54.197,53.024,59.866
57.353,52.642,53.024,59.866
60.241,53.308,53.024,59.866
63.129,51.309,53.024,59.866
65.572,50.199,53.024,59.866
68.015,49.088,53.024,59.866
71.347,48.422,53.024,59.866
74.679,47.755,53.024,59.866
78.011,47.977,53.024,59.866
80.899,47.311,53.024,59.866
84.230,45.756,53.024,59.866
88.006,46.867,53.024,59.866
91.338,46.200,53.024,59.866
95.130,46.690,54.197,61.191
98.535,46.720,55.397,62.545
101.552,46.024,55.397,62.545
105.032,46.536,56.622,63.928
108.590,45.824,56.622,63.928
111.163,46.347,57.875,65.343
112.786,44.870,59.155,66.788
115.512,45.118,59.155,66.788
116.751,45.366,59.155,66.788
118.982,46.605,59.155,66.788
120.716,47.348,59.155,66.788
121.347,45.324,60.464,68.266
122.107,46.590,60.464,68.266
123.374,45.324,60.464,68.266
123.120,46.590,60.464,68.266
124.387,45.324,60.464,68.266
123.627,46.084,60.464,68.266
124.893,45.324,60.464,68.266
123.962,44.831,61.802,69.777
123.185,43.537,61.802,69.777
122.926,43.796,61.802,69.777
120.899,41.681,63.169,71.320
121.164,41.416,63.169,71.320
119.312,40.093,63.169,71.320
118.518,38.770,63.169,71.320
118.253,39.564,63.169,71.320
116.401,38.241,63.169,71.320
116.665,37.976,63.169,71.320
115.872,37.182,63.169,71.320
116.136,36.918,63.169,71.320
114.284,36.653,63.169,71.320
114.548,37.976,63.169,71.320
113.225,36.653,63.169,71.320
112.961,37.447,63.169,71.320
112.167,36.124,63.169,71.320
113.490,35.330,63.169,71.320
112.167,36.124,63.169,71.320
114.019,34.271,63.169,71.320
113.225,35.595,63.169,71.320
116.136,33.742,63.169,71.320
115.342,35.595,63.169,71.320
118.253,33.742,63.169,71.320
120.106,34.536,63.169,71.320
121.429,33.213,63.169,71.320
122.103,34.346,64.567,72.898
125.619,32.993,64.567,72.898
128.053,34.887,64.567,72.898
131.569,34.075,64.567,72.898
135.085,34.887,64.567,72.898
139.684,37.321,64.567,72.898
142.617,35.673,65.996,74.511
146.764,37.055,65.996,74.511
151.464,37.331,65.996,74.511
157.270,36.502,65.996,74.511
162.523,36.779,65.996,74.511
166.669,35.949,65.996,74.511
171.369,35.673,65.996,74.511
175.516,34.843,65.996,74.511
178.557,36.779,65.996,74.511
181.598,35.949,65.996,74.511
184.086,37.331,65.996,74.511
186.575,35.949,65.996,74.511
188.510,38.990,65.996,74.511
189.339,37.608,65.996,74.511
191.908,37.603,64.588,72.922
192.858,38.641,63.211,71.367
191.745,37.105,61.863,69.845
195.094,39.828,63.232,71.391
193.240,37.444,63.232,71.391
197.212,40.776,64.631,72.970
200.190,43.755,64.631,72.970
198.836,44.025,64.631,72.970
201.815,46.462,64.631,72.970
200.461,47.274,64.631,72.970
200.190,49.169,64.631,72.970
199.919,50.523,64.631,72.970
201.815,52.418,64.631,72.970
199.378,49.440,64.631,72.970
198.024,51.335,64.631,72.970
197.753,49.982,64.631,72.970
198.566,51.335,64.631,72.970
197.212,51.606,64.631,72.970
196.941,51.877,64.631,72.970
198.295,53.231,64.631,72.970
197.157,54.270,63.252,71.414
198.482,56.124,63.252,71.414
198.217,55.859,63.252,71.414
199.012,55.594,63.252,71.414
198.747,55.859,63.252,71.414
201.720,55.344,61.903,69.891
203.017,55.603,61.903,69.891
204.832,56.381,61.903,69.891
205.610,56.641,61.903,69.891
207.425,57.418,61.903,69.891
208.722,58.196,61.903,69.891
212.131,60.691,60.583,68.401
215.468,63.622,59.291,66.942
218.734,66.491,58.027,65.514
220.435,68.192,58.027,65.514
224.568,70.062,56.790,64.117
227.185,69.824,56.790,64.117
229.802,71.489,56.790,64.117
230.040,69.348,56.790,64.117
233.608,71.489,56.790,64.117
236.736,73.778,55.578,62.750
236.207,72.428,54.393,61.412
237.802,74.934,54.393,61.412
236.662,73.339,54.393,61.412
235.979,74.478,54.393,61.412
237.574,75.162,54.393,61.412
236.616,73.840,53.233,60.102
235.947,75.847,53.233,60.102
235.010,74.554,52.098,58.820
233.483,76.518,52.098,58.820
231.519,75.426,52.098,58.820
229.554,76.954,52.098,58.820
226.717,74.990,52.098,58.820
223.880,76.954,52.098,58.820
220.170,76.299,52.098,58.820
214.386,77.687,53.251,60.122
209.701,75.233,53.251,60.122
205.463,76.794,53.251,60.122
198.548,75.233,53.251,60.122
194.309,76.794,53.251,60.122
186.948,75.233,53.251,60.122
183.156,76.794,53.251,60.122
175.348,73.894,53.251,60.122
172.448,75.010,53.251,60.122
167.318,72.556,53.251,60.122
164.660,73.412,52.115,58.840
156.146,70.137,52.115,58.840
151.998,69.919,52.115,58.840
147.850,68.827,52.115,58.840
143.702,66.863,52.115,58.840
139.117,65.334,52.115,58.840
134.969,64.679,52.115,58.840
131.258,63.151,52.115,58.840
128.420,65.116,52.115,58.840
125.582,63.588,52.115,58.840
122.744,63.370,52.115,58.840
119.906,64.898,52.115,58.840
117.068,62.933,52.115,58.840
114.230,63.588,52.115,58.840
111.391,62.496,52.115,58.840
109.427,64.461,52.115,58.840
107.462,62.496,52.115,58.840
105.497,60.531,52.115,58.840
103.532,59.003,52.115,58.840
102.004,57.475,52.115,58.840
100.039,58.567,52.115,58.840
98.074,56.602,52.115,58.840
96.109,55.074,52.115,58.840
94.145,57.038,52.115,58.840
91.743,55.510,52.115,58.840
90.652,57.038,52.115,58.840
88.250,54.637,52.115,58.840
85.849,53.109,52.115,58.840
84.757,52.017,52.115,58.840
82.356,51.362,52.115,58.840
79.954,51.581,52.115,58.840
77.553,50.489,52.115,58.840
75.588,51.581,52.115,58.840
73.623,49.616,52.115,58.840
71.658,50.271,52.115,58.840
69.257,50.489,52.115,58.840
66.855,50.707,52.115,58.840
64.890,49.616,52.115,58.840
62.926,50.707,52.115,58.840
60.524,51.362,52.115,58.840
57.686,52.890,52.115,58.840
54.848,53.982,52.115,58.840
52.010,55.510,52.115,58.840
48.299,57.475,52.115,58.840
45.460,59.003,52.115,58.840
42.622,58.785,52.115,58.840
39.784,60.750,52.115,58.840
36.946,60.531,52.115,58.840
34.108,63.370,52.115,58.840
31.270,61.841,52.115,58.840
29.742,63.806,52.115,58.840
27.340,62.278,52.115,58.840
25.375,64.679,52.115,58.840
