197.000,87.000,38.000,18.000
196.458,87.325,38.000,18.000
196.566,87.651,38.000,18.000
196.675,87.759,38.000,18.000
197.217,87.868,38.000,18.000
196.675,87.759,38.000,18.000
197.868,87.000,38.000,18.000
198.410,86.458,38.000,18.000
198.518,87.217,38.000,18.000
197.976,87.325,38.000,18.000
197.868,87.868,38.000,18.000
197.325,88.410,38.000,18.000
196.566,87.217,38.000,18.000
196.458,87.108,38.000,18.000
196.349,86.783,38.000,18.000
196.024,87.108,38.000,18.000
195.265,86.566,38.000,18.000
194.722,86.892,38.000,18.000
194.831,87.434,38.000,18.000
193.855,86.892,38.000,18.000
192.878,87.434,38.000,18.000
193.421,86.458,38.000,18.000
192.878,86.783,38.000,18.000
193.855,87.976,38.000,18.000
193.095,88.735,38.000,18.000
191.685,88.844,38.000,18.000
191.360,88.952,38.000,18.000
191.251,89.061,38.000,18.000
191.143,87.651,38.000,18.000
190.601,88.193,38.000,18.000
192.011,87.434,38.000,18.000
191.468,87.325,38.000,18.000
192.228,87.651,38.000,18.000
191.685,87.976,38.000,18.000
192.661,87.651,38.000,18.000
192.553,86.892,38.000,18.000
192.011,87.217,38.000,18.000
191.685,86.675,38.000,18.000
192.228,87.434,38.000,18.000
191.685,87.325,38.000,18.000
192.011,87.000,38.000,18.000
191.034,86.892,38.000,18.000
190.926,87.434,38.000,18.000
191.034,86.675,38.000,18.000
189.624,86.566,38.000,18.000
190.601,86.458,38.000,18.000
190.058,86.566,38.000,18.000
189.299,87.325,38.000,18.000
189.191,87.434,38.000,18.000
188.214,88.193,38.000,18.000
187.455,87.868,38.000,18.000
187.130,88.844,38.000,18.000
186.370,88.735,38.000,18.000
186.913,88.627,38.000,18.000
186.804,88.519,38.000,18.000
186.045,88.844,38.000,18.000
185.286,89.386,38.000,18.000
184.960,89.061,38.000,18.000
185.503,88.735,38.000,18.000
184.744,89.495,38.000,18.000
184.852,89.169,38.000,18.000
184.527,89.061,38.000,18.000
183.984,88.735,38.000,18.000
184.310,89.495,38.000,18.000
183.117,89.603,38.000,18.000
182.357,90.145,38.000,18.000
182.466,90.037,38.000,18.000
182.357,89.929,38.000,18.000
182.683,90.688,38.000,18.000
183.008,90.796,38.000,18.000
182.249,91.122,38.000,18.000
182.140,90.362,38.000,18.000
182.683,90.471,38.000,18.000
183.008,90.796,38.000,18.000
182.032,91.122,38.000,18.000
181.923,89.712,38.000,18.000
183.117,90.688,38.000,18.000
182.574,90.796,38.000,18.000
184.201,90.905,38.000,18.000
183.876,91.881,38.000,18.000
184.635,92.857,38.000,18.000
184.310,92.749,38.000,18.000
184.635,92.640,38.000,18.000
184.527,93.616,38.000,18.000
183.334,94.593,38.000,18.000
182.574,94.701,38.000,18.000
183.550,94.809,38.000,18.000
183.225,95.352,38.000,18.000
182.683,95.026,38.000,18.000
183.876,94.267,38.000,18.000
184.418,94.593,38.000,18.000
183.659,94.484,38.000,18.000
185.069,94.159,38.000,18.000
184.744,93.833,38.000,18.000
185.937,94.593,38.000,18.000
186.262,94.484,38.000,18.000
185.720,94.809,38.000,18.000
186.696,94.701,38.000,18.000
186.804,95.026,38.000,18.000
186.479,94.484,38.000,18.000
186.371,95.243,38.000,18.000
186.913,94.484,38.000,18.000
186.587,94.159,38.000,18.000
185.177,93.616,38.000,18.000
185.720,93.725,38.000,18.000
186.913,92.749,38.000,18.000
186.587,92.857,38.000,18.000
185.611,92.532,38.000,18.000
185.937,91.772,38.000,18.000
186.045,91.447,38.000,18.000
185.286,91.339,38.000,18.000
185.828,91.013,38.000,18.000
186.804,90.688,38.000,18.000
186.479,91.447,38.000,18.000
186.154,90.688,38.000,18.000
185.611,90.796,38.000,18.000
186.804,90.688,38.000,18.000
186.262,90.579,38.000,18.000
185.503,90.471,38.000,18.000
186.262,90.145,38.000,18.000
185.937,89.386,38.000,18.000
186.479,90.145,38.000,18.000
185.069,89.820,38.000,18.000
184.744,90.796,38.000,18.000
185.286,90.471,38.000,18.000
185.177,90.796,38.000,18.000
184.418,91.772,38.000,18.000
184.527,92.315,38.000,18.000
183.550,92.640,38.000,18.000
183.659,92.966,38.000,18.000
183.984,92.857,38.000,18.000
184.310,92.749,38.000,18.000
183.334,92.640,38.000,18.000
182.791,92.532,38.000,18.000
183.984,92.423,38.000,18.000
183.225,92.315,38.000,18.000
182.032,92.423,38.000,18.000
181.924,91.447,38.000,18.000
183.334,90.905,38.000,18.000
182.574,91.447,38.000,18.000
183.767,90.254,38.000,18.000
183.659,90.362,38.000,18.000
183.984,90.471,38.000,18.000
184.310,90.796,38.000,18.000
183.334,91.339,38.000,18.000
182.791,90.145,38.000,18.000
184.201,89.386,38.000,18.000
183.442,89.278,38.000,18.000
183.334,88.518,38.000,18.000
183.659,89.061,38.000,18.000
183.767,88.735,38.000,18.000
184.093,89.929,38.000,18.000
182.660,90.517,38.841,18.398
182.105,90.406,38.841,18.398
182.881,90.295,38.841,18.398
181.884,90.185,38.841,18.398
182.438,88.965,38.841,18.398
182.549,87.967,38.841,18.398
182.660,87.856,38.841,18.398
181.662,87.967,38.841,18.398
181.551,87.856,38.841,18.398
182.771,87.746,38.841,18.398
181.551,88.743,38.841,18.398
182.327,88.632,38.841,18.398
181.773,88.522,38.841,18.398
181.218,87.524,38.841,18.398
181.134,87.435,39.700,18.805
180.341,87.095,39.700,18.805
181.360,88.115,39.700,18.805
182.380,87.095,39.700,18.805
183.174,88.342,39.700,18.805
183.967,87.549,39.700,18.805
183.627,87.889,39.700,18.805
185.327,88.002,39.700,18.805
185.893,87.662,39.700,18.805
185.100,87.549,39.700,18.805
185.440,87.209,39.700,18.805
185.780,86.869,39.700,18.805
184.987,87.435,39.700,18.805
185.327,86.189,39.700,18.805
185.893,85.622,39.700,18.805
185.553,86.189,39.700,18.805
187.026,85.396,39.700,18.805
186.006,85.962,39.700,18.805
186.346,86.529,39.700,18.805
187.140,85.962,39.700,18.805
187.480,86.529,39.700,18.805
188.046,86.415,39.700,18.805
187.933,86.075,39.700,18.805
188.046,86.869,39.700,18.805
188.386,86.529,39.700,18.805
188.953,86.415,39.700,18.805
188.159,86.302,39.700,18.805
187.820,85.736,39.700,18.805
187.253,86.529,39.700,18.805
188.499,85.962,39.700,18.805
188.839,86.302,39.700,18.805
187.820,85.509,39.700,18.805
188.613,86.075,39.700,18.805
189.859,86.189,39.700,18.805
188.613,85.396,39.700,18.805
189.633,85.509,39.700,18.805
189.293,85.396,39.700,18.805
188.953,85.282,39.700,18.805
188.839,85.169,39.700,18.805
187.820,85.509,39.700,18.805
187.933,85.849,39.700,18.805
187.366,86.189,39.700,18.805
188.386,85.169,39.700,18.805
187.593,85.509,39.700,18.805
188.613,86.075,39.700,18.805
187.115,86.220,40.578,19.221
187.463,85.178,40.578,19.221
186.421,85.062,40.578,19.221
186.305,84.946,40.578,19.221
185.031,84.830,40.578,19.221
184.683,85.178,40.578,19.221
184.104,83.672,40.578,19.221
185.378,84.251,40.578,19.221
184.567,83.440,40.578,19.221
185.146,83.788,40.578,19.221
186.652,84.135,40.578,19.221
186.536,83.093,40.578,19.221
187.169,83.481,41.476,19.647
186.577,82.889,41.476,19.647
186.695,83.244,41.476,19.647
186.577,81.469,41.476,19.647
186.222,81.113,41.476,19.647
187.051,81.942,41.476,19.647
187.169,82.534,41.476,19.647
187.287,83.126,41.476,19.647
186.459,84.191,41.476,19.647
186.814,83.363,41.476,19.647
188.353,84.428,41.476,19.647
187.998,84.310,41.476,19.647
189.300,83.481,41.476,19.647
188.945,83.363,41.476,19.647
190.721,82.771,41.476,19.647
191.312,83.363,41.476,19.647
191.194,81.824,41.476,19.647
192.496,81.942,41.476,19.647
192.141,81.824,41.476,19.647
193.917,81.232,41.476,19.647
193.562,80.877,41.476,19.647
193.443,81.705,41.476,19.647
193.562,81.587,41.476,19.647
193.443,82.179,41.476,19.647
193.088,82.771,41.476,19.647
192.733,83.363,41.476,19.647
192.141,83.718,41.476,19.647
192.496,84.310,41.476,19.647
191.194,83.481,41.476,19.647
192.023,83.599,41.476,19.647
190.721,83.481,41.476,19.647
190.365,83.126,41.476,19.647
190.010,84.191,41.476,19.647
191.786,83.363,41.476,19.647
192.378,84.191,41.476,19.647
192.733,83.836,41.476,19.647
194.509,84.902,41.476,19.647
196.048,84.547,41.476,19.647
197.587,84.191,41.476,19.647
198.416,83.126,41.476,19.647
198.061,83.955,41.476,19.647
200.073,82.416,41.476,19.647
202.086,81.113,41.476,19.647
202.914,81.942,41.476,19.647
204.690,80.166,41.476,19.647
206.466,80.285,41.476,19.647
207.058,78.746,41.476,19.647
209.781,78.390,41.476,19.647
210.609,78.035,41.476,19.647
211.201,78.154,41.476,19.647
212.030,78.035,41.476,19.647
212.149,78.154,41.476,19.647
213.214,78.272,41.476,19.647
212.622,77.207,41.476,19.647
212.030,78.272,41.476,19.647
212.622,79.338,41.476,19.647
212.030,79.456,41.476,19.647
212.149,79.811,41.476,19.647
211.076,80.454,42.394,20.081
210.713,80.090,42.394,20.081
211.802,80.212,42.394,20.081
211.923,79.606,42.394,20.081
211.579,79.761,43.332,20.526
209.688,78.636,44.291,20.980
210.320,78.256,44.291,20.980
209.688,78.130,44.291,20.980
208.803,76.992,44.291,20.980
207.133,77.678,45.271,21.444
206.745,77.291,45.271,21.444
207.391,77.161,45.271,21.444
207.004,76.515,45.271,21.444
205.833,77.216,46.272,21.918
205.172,78.405,46.272,21.918
203.427,78.848,47.296,22.403
203.292,78.173,47.296,22.403
202.617,78.848,47.296,22.403
201.394,77.339,48.342,22.899
201.808,78.305,48.342,22.899
200.557,77.623,49.412,23.406
201.262,78.328,49.412,23.406
201.403,77.340,49.412,23.406
201.262,76.635,49.412,23.406
200.275,75.366,49.412,23.406
200.416,75.789,49.412,23.406
201.685,76.212,49.412,23.406
200.698,75.507,49.412,23.406
199.127,75.687,50.505,23.924
200.136,75.543,50.505,23.924
200.280,75.110,50.505,23.924
201.289,74.966,50.505,23.924
201.434,75.399,50.505,23.924
202.443,74.966,50.505,23.924
202.299,75.399,50.505,23.924
201.866,73.525,50.505,23.924
200.560,72.811,51.623,24.453
202.180,73.548,51.623,24.453
201.149,72.811,51.623,24.453
201.886,72.959,51.623,24.453
200.856,71.312,52.765,24.994
202.211,72.065,52.765,24.994
200.856,72.517,52.765,24.994
201.991,71.459,53.932,25.547
202.145,73.153,53.932,25.547
200.452,74.538,53.932,25.547
201.529,74.384,53.932,25.547
200.452,74.846,53.932,25.547
200.606,75.308,53.932,25.547
200.760,73.922,53.932,25.547
199.990,74.692,53.932,25.547
199.553,74.250,55.125,26.112
198.766,74.722,55.125,26.112
199.868,74.250,55.125,26.112
200.340,75.037,55.125,26.112
201.441,73.935,55.125,26.112
201.284,75.037,55.125,26.112
200.812,75.509,55.125,26.112
201.598,75.351,55.125,26.112
200.497,76.138,55.125,26.112
199.071,75.033,56.345,26.690
200.197,76.480,56.345,26.690
199.393,75.998,56.345,26.690
197.945,76.159,56.345,26.690
197.155,75.363,57.592,27.280
197.648,76.185,57.592,27.280
197.155,75.034,57.592,27.280
195.018,75.198,57.592,27.280
196.169,74.705,57.592,27.280
195.018,75.527,57.592,27.280
194.854,74.705,57.592,27.280
193.374,73.883,57.592,27.280
192.223,72.733,57.592,27.280
191.402,73.883,57.592,27.280
193.210,73.390,57.592,27.280
191.730,74.541,57.592,27.280
190.908,75.034,57.592,27.280
191.073,74.212,57.592,27.280
190.251,74.705,57.592,27.280
190.415,75.198,57.592,27.280
189.265,74.705,57.592,27.280
188.443,75.198,57.592,27.280
188.936,74.705,57.592,27.280
187.785,76.513,57.592,27.280
187.949,77.335,57.592,27.280
187.456,77.500,57.592,27.280
188.278,77.007,57.592,27.280
187.128,77.500,57.592,27.280
188.278,78.650,57.592,27.280
186.470,79.144,57.592,27.280
185.648,79.637,57.592,27.280
187.127,80.459,57.592,27.280
186.634,80.623,57.592,27.280
186.799,81.445,57.592,27.280
185.648,81.281,57.592,27.280
186.799,80.459,57.592,27.280
185.977,80.952,57.592,27.280
185.155,80.459,57.592,27.280
184.990,81.938,57.592,27.280
184.497,82.103,57.592,27.280
184.990,82.596,57.592,27.280
183.511,83.746,57.592,27.280
184.333,85.226,57.592,27.280
183.511,85.390,57.592,27.280
182.021,85.259,58.866,27.884
181.853,84.755,58.866,27.884
181.685,85.595,58.866,27.884
180.509,85.427,58.866,27.884
182.021,84.923,58.866,27.884
181.181,85.763,58.866,27.884
181.685,85.595,58.866,27.884
182.189,85.763,58.866,27.884
181.364,84.932,60.168,28.501
181.192,85.447,60.168,28.501
182.051,86.306,60.168,28.501
183.940,86.134,60.168,28.501
184.165,86.709,61.500,29.131
185.043,86.885,61.500,29.131
183.088,87.109,62.860,29.776
185.061,85.853,62.860,29.776
185.241,85.315,62.860,29.776
186.855,84.418,62.860,29.776
187.035,83.879,62.860,29.776
188.291,82.982,62.860,29.776
188.829,82.085,62.860,29.776
189.009,81.547,62.860,29.776
188.829,81.368,62.860,29.776
187.932,81.547,62.860,29.776
187.035,81.726,62.860,29.776
187.214,81.906,62.860,29.776
187.753,82.085,62.860,29.776
186.497,83.341,62.860,29.776
187.753,81.726,62.860,29.776
186.855,82.265,62.860,29.776
188.829,80.291,62.860,29.776
189.009,81.188,62.860,29.776
188.829,80.291,62.860,29.776
188.291,80.829,62.860,29.776
189.906,79.214,62.860,29.776
189.009,78.317,62.860,29.776
188.499,78.546,64.251,30.435
187.216,78.730,64.251,30.435
188.132,78.913,64.251,30.435
188.316,77.263,64.251,30.435
189.600,79.280,64.251,30.435
187.938,79.895,65.673,31.108
189.250,80.832,65.673,31.108
187.551,81.849,67.126,31.796
186.210,81.274,67.126,31.796
187.934,81.849,67.126,31.796
186.593,82.807,67.126,31.796
185.635,82.999,67.126,31.796
185.443,81.658,67.126,31.796
184.485,82.232,67.126,31.796
183.527,82.807,67.126,31.796
182.569,83.382,67.126,31.796
181.994,81.658,67.126,31.796
181.036,81.083,67.126,31.796
179.697,81.725,68.611,32.500
177.110,81.569,70.129,33.219
176.910,80.968,70.129,33.219
176.309,79.967,70.129,33.219
176.109,80.568,70.129,33.219
175.909,80.768,70.129,33.219
174.908,80.167,70.129,33.219
174.307,78.366,70.129,33.219
176.109,78.966,70.129,33.219
175.508,77.965,70.129,33.219
176.109,78.166,70.129,33.219
177.911,78.366,70.129,33.219
178.511,78.966,70.129,33.219
179.512,78.366,70.129,33.219
180.913,80.167,70.129,33.219
179.912,80.768,70.129,33.219
181.313,80.968,70.129,33.219
182.314,79.967,70.129,33.219
182.915,80.568,70.129,33.219
182.314,81.569,70.129,33.219
184.116,81.368,70.129,33.219
182.715,81.168,70.129,33.219
182.114,80.568,70.129,33.219
182.377,80.408,71.680,33.954
181.354,80.613,71.680,33.954
180.331,80.817,71.680,33.954
181.763,81.022,71.680,33.954
183.195,80.408,71.680,33.954
181.763,79.794,71.680,33.954
179.484,79.206,73.266,34.705
176.765,78.997,73.266,34.705
178.229,77.115,73.266,34.705
178.020,77.324,73.266,34.705
177.811,76.278,73.266,34.705
177.184,76.488,73.266,34.705
177.393,75.860,73.266,34.705
175.929,75.651,73.266,34.705
176.138,75.442,73.266,34.705
175.929,76.906,73.266,34.705
174.465,76.278,73.266,34.705
173.838,76.906,73.266,34.705
174.047,75.024,73.266,34.705
173.419,76.069,73.266,34.705
171.090,74.601,74.887,35.473
170.449,75.669,74.887,35.473
169.808,75.883,74.887,35.473
169.594,73.959,74.887,35.473
168.953,75.028,74.887,35.473
169.594,75.242,74.887,35.473
168.525,75.456,74.887,35.473
170.449,74.387,74.887,35.473
168.953,72.463,74.887,35.473
170.021,73.104,74.887,35.473
171.090,72.036,74.887,35.473
170.021,71.394,74.887,35.473
172.800,71.181,74.887,35.473
174.296,70.539,74.887,35.473
175.365,71.608,74.887,35.473
175.579,71.822,74.887,35.473
175.365,70.326,74.887,35.473
177.289,70.539,74.887,35.473
175.793,70.326,74.887,35.473
174.724,70.539,74.887,35.473
173.228,70.753,74.887,35.473
171.304,70.967,74.887,35.473
170.235,70.326,74.887,35.473
168.311,71.822,74.887,35.473
167.670,71.608,74.887,35.473
167.456,72.677,74.887,35.473
165.960,72.036,74.887,35.473
164.464,70.967,74.887,35.473
164.250,71.181,74.887,35.473
164.891,70.967,74.887,35.473
165.533,69.043,74.887,35.473
165.319,68.402,74.887,35.473
165.960,69.470,74.887,35.473
167.456,69.684,74.887,35.473
166.815,69.898,74.887,35.473
167.029,69.257,74.887,35.473
166.815,69.898,74.887,35.473
165.321,69.284,76.544,36.258
163.792,70.376,76.544,36.258
163.137,70.595,76.544,36.258
165.103,70.376,76.544,36.258
164.447,70.158,76.544,36.258
166.414,70.376,76.544,36.258
166.195,70.158,76.544,36.258
168.599,69.502,76.544,36.258
169.254,67.973,76.544,36.258
169.909,67.317,76.544,36.258
169.254,67.099,76.544,36.258
169.036,66.880,76.544,36.258
168.380,65.788,76.544,36.258
167.725,66.007,76.544,36.258
168.380,64.914,76.544,36.258
168.599,64.696,76.544,36.258
168.380,64.914,76.544,36.258
169.910,63.385,76.544,36.258
170.128,63.603,76.544,36.258
170.346,64.259,76.544,36.258
171.002,63.603,76.544,36.258
170.783,62.511,76.544,36.258
171.002,60.981,76.544,36.258
171.220,59.889,76.544,36.258
171.876,60.108,76.544,36.258
171.220,60.326,76.544,36.258
172.313,60.545,76.544,36.258
171.657,61.200,76.544,36.258
172.750,61.855,76.544,36.258
171.657,62.511,76.544,36.258
174.061,60.545,76.544,36.258
173.842,60.763,76.544,36.258
175.809,60.545,76.544,36.258
175.590,60.763,76.544,36.258
177.993,60.982,76.544,36.258
177.775,59.452,76.544,36.258
179.304,60.108,76.544,36.258
178.649,60.763,76.544,36.258
179.304,61.418,76.544,36.258
178.649,62.074,76.544,36.258
179.304,62.292,76.544,36.258
179.086,62.074,76.544,36.258
179.304,64.040,76.544,36.258
180.834,64.696,76.544,36.258
179.741,66.225,76.544,36.258
180.397,66.881,76.544,36.258
180.615,64.914,76.544,36.258
180.397,65.570,76.544,36.258
178.867,65.351,76.544,36.258
177.775,64.696,76.544,36.258
176.682,65.351,76.544,36.258
177.338,64.696,76.544,36.258
176.682,64.914,76.544,36.258
176.027,64.696,76.544,36.258
175.372,65.788,76.544,36.258
176.464,65.133,76.544,36.258
177.119,65.788,76.544,36.258
176.027,67.317,76.544,36.258
176.245,67.973,76.544,36.258
176.027,68.191,76.544,36.258
175.372,68.410,76.544,36.258
174.279,68.191,76.544,36.258
172.750,67.099,76.544,36.258
171.657,66.007,76.544,36.258
173.187,65.788,76.544,36.258
171.657,66.881,76.544,36.258
170.565,67.973,76.544,36.258
168.162,68.191,76.544,36.258
165.321,69.284,76.544,36.258
163.355,68.628,76.544,36.258
161.826,68.847,76.544,36.258
160.296,69.065,76.544,36.258
160.078,67.973,76.544,36.258
160.296,67.754,76.544,36.258
161.826,68.410,76.544,36.258
162.044,68.191,76.544,36.258
162.263,67.973,76.544,36.258
161.607,66.444,76.544,36.258
164.010,66.662,76.544,36.258
162.044,65.570,76.544,36.258
162.700,66.225,76.544,36.258
164.229,66.881,76.544,36.258
163.137,66.662,76.544,36.258
163.355,67.318,76.544,36.258
163.137,66.662,76.544,36.258
162.481,67.318,76.544,36.258
163.574,67.099,76.544,36.258
165.103,66.444,76.544,36.258
165.758,66.662,76.544,36.258
165.103,67.318,76.544,36.258
166.632,68.410,76.544,36.258
167.725,68.628,76.544,36.258
167.069,67.099,76.544,36.258
167.288,66.007,76.544,36.258
165.758,64.477,76.544,36.258
165.103,65.133,76.544,36.258
165.758,64.040,76.544,36.258
165.103,64.259,76.544,36.258
164.010,65.351,76.544,36.258
163.792,66.881,76.544,36.258
162.700,67.099,76.544,36.258
164.229,67.754,76.544,36.258
163.574,67.973,76.544,36.258
163.355,67.754,76.544,36.258
161.826,69.721,76.544,36.258
160.733,69.065,76.544,36.258
160.952,69.721,76.544,36.258
159.859,70.813,76.544,36.258
159.641,71.469,76.544,36.258
158.985,70.813,76.544,36.258
157.019,71.906,76.544,36.258
156.801,71.250,76.544,36.258
156.145,72.343,76.544,36.258
155.490,73.435,76.544,36.258
156.145,74.527,76.544,36.258
155.490,75.620,76.544,36.258
155.708,76.275,76.544,36.258
154.616,76.931,76.544,36.258
153.960,77.149,76.544,36.258
152.868,77.368,76.544,36.258
152.649,78.460,76.544,36.258
153.305,79.116,76.544,36.258
154.753,80.134,74.912,35.485
153.684,81.203,74.912,35.485
154.753,81.844,74.912,35.485
153.256,82.486,74.912,35.485
152.615,84.838,74.912,35.485
151.546,84.197,74.912,35.485
151.759,86.121,74.912,35.485
151.118,86.762,74.912,35.485
150.904,88.259,74.912,35.485
151.118,90.184,74.912,35.485
148.766,91.253,74.912,35.485
149.407,92.322,74.912,35.485
146.200,92.963,74.912,35.485
147.697,94.032,74.912,35.485
147.053,95.029,73.314,34.728
147.262,96.075,73.314,34.728
147.890,96.285,73.314,34.728
146.453,96.050,71.751,33.987
147.415,97.399,70.221,33.262
147.215,99.203,70.221,33.262
148.618,99.404,70.221,33.262
147.616,100.406,70.221,33.262
148.618,101.408,70.221,33.262
148.818,102.009,70.221,33.262
149.821,102.210,70.221,33.262
150.422,103.613,70.221,33.262
149.420,103.813,70.221,33.262
148.418,104.815,70.221,33.262
150.132,106.136,68.723,32.553
149.151,107.509,68.723,32.553
148.955,108.490,68.723,32.553
148.367,109.471,68.723,32.553
147.778,110.451,68.723,32.553
146.798,111.040,68.723,32.553
146.963,112.332,67.258,31.859
148.605,112.487,65.823,31.180
147.290,113.051,65.823,31.180
148.535,113.564,64.420,30.515
149.754,114.067,63.046,29.864
149.934,114.607,63.046,29.864
149.394,114.786,63.046,29.864
150.240,116.666,61.701,29.227
150.049,117.487,60.386,28.604
150.566,118.004,60.386,28.604
152.040,118.807,59.098,27.994
151.534,119.313,59.098,27.994
151.028,120.157,59.098,27.994
150.522,121.338,59.098,27.994
151.366,121.506,59.098,27.994
151.534,121.000,59.098,27.994
151.703,121.844,59.098,27.994
152.547,122.350,59.098,27.994
152.715,122.856,59.098,27.994
152.884,122.350,59.098,27.994
154.065,121.844,59.098,27.994
153.559,121.338,59.098,27.994
154.065,122.181,59.098,27.994
154.571,121.675,59.098,27.994
154.739,121.844,59.098,27.994
155.920,122.687,59.098,27.994
156.089,123.193,59.098,27.994
155.920,123.699,59.098,27.994
156.426,125.217,59.098,27.994
156.258,126.398,59.098,27.994
156.764,127.916,59.098,27.994
157.270,129.434,59.098,27.994
156.089,129.941,59.098,27.994
154.908,130.784,59.098,27.994
156.089,130.278,59.098,27.994
154.908,131.459,59.098,27.994
156.351,131.920,57.838,27.397
155.856,130.434,57.838,27.397
155.361,131.259,57.838,27.397
155.526,131.094,57.838,27.397
155.031,130.929,57.838,27.397
154.205,131.094,57.838,27.397
154.370,131.259,57.838,27.397
154.510,132.029,56.604,26.813
155.269,131.848,55.397,26.241
155.111,132.638,55.397,26.241
155.549,133.375,54.216,25.681
155.978,133.798,53.060,25.134
157.565,133.044,51.928,24.598
157.121,133.489,51.928,24.598
158.675,133.037,50.821,24.073
159.400,133.762,50.821,24.073
160.082,133.879,49.737,23.560
161.075,133.169,49.737,23.560
160.933,133.595,49.737,23.560
160.507,132.318,49.737,23.560
160.365,133.027,49.737,23.560
160.791,134.021,49.737,23.560
161.785,134.447,49.737,23.560
162.211,133.737,49.737,23.560
162.353,134.447,49.737,23.560
162.779,133.737,49.737,23.560
163.773,133.879,49.737,23.560
164.482,134.021,49.737,23.560
164.057,134.447,49.737,23.560
165.902,134.873,49.737,23.560
166.044,135.583,49.737,23.560
166.754,134.589,49.737,23.560
167.180,135.299,49.737,23.560
167.038,134.305,49.737,23.560
169.167,134.447,49.737,23.560
168.174,134.305,49.737,23.560
170.019,134.447,49.737,23.560
170.960,135.382,48.676,23.057
172.488,135.243,48.676,23.057
174.213,136.159,47.638,22.565
172.717,135.479,47.638,22.565
173.941,136.159,47.638,22.565
175.104,136.793,46.622,22.084
175.769,135.329,46.622,22.084
176.435,136.527,46.622,22.084
177.573,136.890,45.628,21.613
176.661,136.500,45.628,21.613
177.313,135.327,45.628,21.613
176.922,135.718,45.628,21.613
178.789,135.321,44.655,21.152
179.426,135.193,44.655,21.152
180.319,134.301,44.655,21.152
181.721,134.429,44.655,21.152
182.103,133.791,44.655,21.152
183.250,134.429,44.655,21.152
182.103,133.027,44.655,21.152
183.760,132.899,44.655,21.152
184.652,133.282,44.655,21.152
186.726,132.647,43.703,20.701
187.599,132.772,43.703,20.701
188.472,131.649,43.703,20.701
189.345,133.271,43.703,20.701
188.472,133.645,43.703,20.701
189.595,134.019,43.703,20.701
189.220,132.647,43.703,20.701
189.844,133.770,43.703,20.701
190.717,132.647,43.703,20.701
190.343,134.518,43.703,20.701
190.468,134.643,43.703,20.701
192.497,135.224,42.771,20.260
194.012,136.029,41.859,19.828
195.264,136.816,40.966,19.405
195.381,136.465,40.966,19.405
195.498,136.816,40.966,19.405
196.317,137.635,40.966,19.405
196.200,137.751,40.966,19.405
196.551,138.336,40.966,19.405
195.732,138.453,40.966,19.405
196.551,138.570,40.966,19.405
195.498,139.388,40.966,19.405
196.317,139.973,40.966,19.405
197.135,141.026,40.966,19.405
197.486,141.610,40.966,19.405
198.305,141.727,40.966,19.405
198.655,142.078,40.966,19.405
199.240,142.896,40.966,19.405
200.292,143.013,40.966,19.405
200.877,143.130,40.966,19.405
201.696,143.247,40.966,19.405
202.514,143.598,40.966,19.405
204.268,142.779,40.966,19.405
205.087,142.896,40.966,19.405
206.139,143.247,40.966,19.405
206.490,143.832,40.966,19.405
207.074,144.183,40.966,19.405
206.490,145.001,40.966,19.405
207.776,144.884,40.966,19.405
207.659,145.703,40.966,19.405
207.308,146.755,40.966,19.405
209.296,147.574,40.966,19.405
208.711,147.924,40.966,19.405
208.361,148.743,40.966,19.405
209.413,148.860,40.966,19.405
209.530,149.444,40.966,19.405
208.478,148.860,40.966,19.405
209.998,149.444,40.966,19.405
209.179,148.626,40.966,19.405
209.764,148.977,40.966,19.405
210.348,148.626,40.966,19.405
211.167,148.041,40.966,19.405
212.219,148.626,40.966,19.405
212.336,146.872,40.966,19.405
211.284,146.989,40.966,19.405
211.869,146.872,40.966,19.405
212.687,146.521,40.966,19.405
212.804,145.937,40.966,19.405
214.090,146.521,40.966,19.405
214.675,145.235,40.966,19.405
214.324,145.820,40.966,19.405
215.610,144.767,40.966,19.405
214.558,144.884,40.966,19.405
214.909,144.767,40.966,19.405
215.727,144.650,40.966,19.405
215.610,144.767,40.966,19.405
216.897,143.949,40.966,19.405
216.780,143.364,40.966,19.405
217.364,142.078,40.966,19.405
218.651,143.364,40.966,19.405
217.832,142.546,40.966,19.405
219.352,143.130,40.966,19.405
221.340,143.715,40.966,19.405
222.626,142.195,40.966,19.405
222.977,142.779,40.966,19.405
224.263,141.259,40.966,19.405
224.380,141.844,40.966,19.405
225.432,140.792,40.966,19.405
226.251,140.909,40.966,19.405
226.836,141.493,40.966,19.405
226.485,140.441,40.966,19.405
227.771,140.792,40.966,19.405
228.356,140.207,40.966,19.405
230.110,140.792,40.966,19.405
231.162,139.739,40.966,19.405
231.513,138.921,40.966,19.405
232.565,139.739,40.966,19.405
232.448,137.985,40.966,19.405
234.670,139.038,40.966,19.405
235.722,137.751,40.966,19.405
235.605,136.933,40.966,19.405
236.190,137.518,40.966,19.405
237.476,136.699,40.966,19.405
239.230,136.582,40.966,19.405
240.049,135.530,40.966,19.405
238.295,135.179,40.966,19.405
238.178,135.296,40.966,19.405
238.763,134.945,40.966,19.405
237.944,134.127,40.966,19.405
239.464,134.945,40.966,19.405
240.750,133.659,40.966,19.405
240.166,133.308,40.966,19.405
240.516,132.723,40.966,19.405
241.803,133.542,40.966,19.405
240.984,133.191,40.966,19.405
241.569,133.776,40.966,19.405
241.452,132.723,40.966,19.405
242.037,133.074,40.966,19.405
241.686,133.425,40.966,19.405
241.803,132.373,40.966,19.405
242.621,131.788,40.966,19.405
242.270,132.373,40.966,19.405
243.089,131.320,40.966,19.405
243.206,131.671,40.966,19.405
242.621,132.022,40.966,19.405
242.504,132.373,40.966,19.405
243.089,131.320,40.966,19.405
241.803,132.139,40.966,19.405
241.218,132.957,40.966,19.405
242.037,133.308,40.966,19.405
240.750,131.788,40.966,19.405
239.464,132.840,40.966,19.405
240.283,132.957,40.966,19.405
239.464,132.607,40.966,19.405
240.049,132.723,40.966,19.405
239.230,133.074,40.966,19.405
238.646,133.659,40.966,19.405
238.529,132.607,40.966,19.405
237.944,132.957,40.966,19.405
238.763,133.542,40.966,19.405
237.944,132.957,40.966,19.405
238.529,133.776,40.966,19.405
237.710,133.425,40.966,19.405
238.061,133.542,40.966,19.405
237.710,133.425,40.966,19.405
236.658,132.840,40.966,19.405
235.839,133.191,40.966,19.405
236.658,132.373,40.966,19.405
235.839,131.086,40.966,19.405
235.021,131.905,40.966,19.405
235.570,131.548,40.092,18.991
234.998,130.290,40.092,18.991
234.426,130.175,40.092,18.991
234.998,129.603,40.092,18.991
233.739,129.260,40.092,18.991
234.540,129.374,40.092,18.991
233.739,129.946,40.092,18.991
234.083,128.687,40.092,18.991
233.282,129.260,40.092,18.991
233.625,129.832,40.092,18.991
234.197,128.802,40.092,18.991
233.167,129.145,40.092,18.991
233.282,129.488,40.092,18.991
232.938,129.832,40.092,18.991
233.510,129.031,40.092,18.991
232.480,129.603,40.092,18.991
232.366,128.802,40.092,18.991
232.480,129.832,40.092,18.991
231.908,129.946,40.092,18.991
231.107,130.747,40.092,18.991
229.848,129.946,40.092,18.991
230.878,130.976,40.092,18.991
230.077,132.006,40.092,18.991
228.361,132.578,40.092,18.991
227.789,131.777,40.092,18.991
227.674,132.349,40.092,18.991
226.644,133.150,40.092,18.991
227.216,132.807,40.092,18.991
226.186,132.693,40.092,18.991
226.072,132.578,40.092,18.991
226.186,132.464,40.092,18.991
224.928,133.494,40.092,18.991
226.186,133.150,40.092,18.991
224.699,133.036,40.092,18.991
224.127,132.464,40.092,18.991
222.639,133.494,40.092,18.991
223.669,132.693,40.092,18.991
224.012,132.578,40.092,18.991
222.524,131.548,40.092,18.991
223.097,132.121,40.092,18.991
222.067,132.464,40.092,18.991
221.723,133.265,40.092,18.991
222.524,132.235,40.092,18.991
221.952,132.349,40.092,18.991
222.753,132.006,40.092,18.991
222.410,131.205,40.092,18.991
221.838,132.006,40.092,18.991
222.868,131.434,40.092,18.991
222.296,132.006,40.092,18.991
221.037,130.747,40.092,18.991
220.465,130.862,40.092,18.991
221.723,131.205,40.092,18.991
222.524,131.548,40.092,18.991
222.181,130.290,40.092,18.991
222.753,131.548,40.092,18.991
222.639,130.976,40.092,18.991
223.669,132.235,40.092,18.991
223.783,132.121,40.092,18.991
224.127,132.006,40.092,18.991
223.097,132.121,40.092,18.991
223.669,132.693,40.092,18.991
224.241,133.265,40.092,18.991
224.355,133.837,40.092,18.991
224.012,133.036,40.092,18.991
222.982,134.295,40.092,18.991
224.241,135.096,40.092,18.991
223.898,134.981,40.092,18.991
225.156,135.783,40.092,18.991
224.355,136.126,40.092,18.991
225.156,137.156,40.092,18.991
224.355,138.643,40.092,18.991
225.156,137.613,40.092,18.991
225.729,138.872,40.092,18.991
225.614,139.902,40.092,18.991
225.042,140.703,40.092,18.991
224.470,140.360,40.092,18.991
224.813,141.161,40.092,18.991
224.699,141.275,40.092,18.991
224.584,141.619,40.092,18.991
224.012,141.047,40.092,18.991
223.898,141.619,40.092,18.991
225.385,141.047,40.092,18.991
225.042,141.848,40.092,18.991
224.928,141.047,40.092,18.991
226.186,141.848,40.092,18.991
224.928,141.275,40.092,18.991
225.958,141.848,40.092,18.991
224.699,141.733,40.092,18.991
226.186,141.390,40.092,18.991
224.928,142.420,40.092,18.991
226.186,142.534,40.092,18.991
225.156,141.733,40.092,18.991
226.186,142.763,40.092,18.991
225.843,143.106,40.092,18.991
227.102,143.450,40.092,18.991
226.987,143.793,40.092,18.991
227.560,142.305,40.092,18.991
228.590,143.106,40.092,18.991
229.391,143.679,40.092,18.991
229.276,143.564,40.092,18.991
229.162,142.534,40.092,18.991
230.192,143.335,40.092,18.991
230.077,144.136,40.092,18.991
229.734,143.564,40.092,18.991
231.154,144.098,39.237,18.586
230.818,145.106,39.237,18.586
232.424,146.059,38.401,18.190
231.218,145.731,38.401,18.190
232.424,146.279,38.401,18.190
230.999,147.046,38.401,18.190
231.986,146.717,38.401,18.190
231.876,147.265,38.401,18.190
231.986,147.813,38.401,18.190
231.657,146.827,38.401,18.190
231.328,147.594,38.401,18.190
230.999,147.703,38.401,18.190
232.205,148.252,38.401,18.190
232.095,148.361,38.401,18.190
231.328,147.813,38.401,18.190
230.561,146.388,38.401,18.190
231.328,147.375,38.401,18.190
230.780,147.703,38.401,18.190
231.766,147.375,38.401,18.190
231.657,148.580,38.401,18.190
231.109,147.155,38.401,18.190
231.657,147.923,38.401,18.190
230.232,146.717,38.401,18.190
230.341,146.827,38.401,18.190
229.355,146.059,38.401,18.190
230.122,146.607,38.401,18.190
231.109,145.840,38.401,18.190
230.561,146.607,38.401,18.190
230.013,145.621,38.401,18.190
230.780,145.950,38.401,18.190
230.451,147.155,38.401,18.190
230.561,148.142,38.401,18.190
230.889,148.032,38.401,18.190
230.122,148.800,38.401,18.190
230.889,149.348,38.401,18.190
230.341,150.553,38.401,18.190
230.670,149.128,38.401,18.190
230.341,150.334,38.401,18.190
229.793,150.663,38.401,18.190
230.780,149.676,38.401,18.190
230.451,150.005,38.401,18.190
230.122,150.334,38.401,18.190
231.109,150.444,38.401,18.190
231.438,149.676,38.401,18.190
230.232,150.224,38.401,18.190
231.218,151.211,38.401,18.190
231.547,150.444,38.401,18.190
230.561,149.676,38.401,18.190
231.109,150.444,38.401,18.190
231.657,150.115,38.401,18.190
230.890,151.321,38.401,18.190
231.657,150.992,38.401,18.190
232.205,150.005,38.401,18.190
231.876,150.334,38.401,18.190
232.424,150.663,38.401,18.190
231.438,149.676,38.401,18.190
232.205,150.224,38.401,18.190
232.972,150.772,38.401,18.190
232.424,149.786,38.401,18.190
231.876,150.553,38.401,18.190
233.301,150.224,38.401,18.190
232.534,151.430,38.401,18.190
233.959,150.224,38.401,18.190
234.945,151.649,38.401,18.190
234.397,150.005,38.401,18.190
234.287,151.211,38.401,18.190
235.932,150.005,38.401,18.190
236.041,150.772,38.401,18.190
235.932,149.786,38.401,18.190
236.699,150.334,38.401,18.190
236.151,150.882,38.401,18.190
237.576,150.115,38.401,18.190
237.028,151.540,38.401,18.190
238.014,150.553,38.401,18.190
238.343,151.320,38.401,18.190
237.795,152.307,38.401,18.190
238.562,152.855,38.401,18.190
238.014,151.868,38.401,18.190
239.001,152.417,38.401,18.190
238.453,151.868,38.401,18.190
238.781,152.636,38.401,18.190
239.987,152.088,38.401,18.190
240.974,152.636,38.401,18.190
240.206,151.868,38.401,18.190
241.412,152.636,38.401,18.190
240.645,152.088,38.401,18.190
241.631,153.293,38.401,18.190
242.398,153.841,38.401,18.190
242.508,153.513,38.401,18.190
243.275,152.965,38.401,18.190
244.262,154.389,38.401,18.190
244.152,154.938,38.401,18.190
243.604,154.170,38.401,18.190
243.495,155.157,38.401,18.190
243.823,155.047,38.401,18.190
244.371,155.595,38.401,18.190
244.043,155.705,38.401,18.190
245.906,156.253,38.401,18.190
246.673,156.801,38.401,18.190
247.002,156.472,38.401,18.190
247.769,157.459,38.401,18.190
248.536,157.568,38.401,18.190
249.084,157.897,38.401,18.190
250.071,158.226,38.401,18.190
249.304,158.993,38.401,18.190
248.975,159.322,38.401,18.190
250.400,159.870,38.401,18.190
249.633,158.883,38.401,18.190
250.838,159.870,38.401,18.190
251.386,159.979,38.401,18.190
250.838,160.308,38.401,18.190
252.044,160.856,38.401,18.190
252.811,160.308,38.401,18.190
252.702,161.076,38.401,18.190
253.250,161.185,38.401,18.190
254.017,161.733,38.401,18.190
254.126,160.966,38.401,18.190
255.551,161.514,38.401,18.190
254.784,160.308,38.401,18.190
255.771,161.514,38.401,18.190
255.880,160.308,38.401,18.190
256.867,161.514,38.401,18.190
257.415,161.404,38.401,18.190
258.352,162.549,37.582,17.802
259.747,162.871,37.582,17.802
261.141,163.407,37.582,17.802
261.678,163.086,37.582,17.802
261.356,164.265,37.582,17.802
261.034,163.300,37.582,17.802
262.214,164.051,37.582,17.802
261.034,164.587,37.582,17.802
262.214,163.622,37.582,17.802
261.678,164.587,37.582,17.802
263.072,164.051,37.582,17.802
264.252,164.802,37.582,17.802
264.360,164.695,37.582,17.802
264.896,165.231,37.582,17.802
264.574,164.480,37.582,17.802
264.896,165.660,37.582,17.802
265.647,166.196,37.582,17.802
265.325,165.445,37.582,17.802
265.861,166.196,37.582,17.802
267.041,166.518,37.582,17.802
267.792,166.625,37.582,17.802
268.114,166.733,37.582,17.802
269.294,166.840,37.582,17.802
268.329,166.947,37.582,17.802
269.294,167.055,37.582,17.802
269.187,166.733,37.582,17.802
270.581,166.411,37.582,17.802
270.474,166.518,37.582,17.802
271.654,166.196,37.582,17.802
272.405,165.875,37.582,17.802
272.941,167.055,37.582,17.802
273.692,167.805,37.582,17.802
272.941,167.055,37.582,17.802
274.121,167.805,37.582,17.802
275.087,167.484,37.582,17.802
275.838,166.304,37.582,17.802
276.159,165.982,37.582,17.802
277.554,166.947,37.582,17.802
278.090,166.625,37.582,17.802
279.270,166.089,37.582,17.802
278.519,166.840,37.582,17.802
279.699,166.304,37.582,17.802
280.879,165.338,37.582,17.802
281.416,165.445,37.582,17.802
281.094,165.553,37.582,17.802
282.488,165.875,37.582,17.802
282.810,166.411,37.582,17.802
284.205,166.518,37.582,17.802
285.385,166.625,37.582,17.802
284.848,166.947,37.582,17.802
286.457,167.269,37.582,17.802
286.136,166.304,37.582,17.802
287.745,166.625,37.582,17.802
287.637,166.947,37.582,17.802
288.817,167.055,37.582,17.802
289.354,167.162,37.582,17.802
288.817,166.196,37.582,17.802
289.997,166.947,37.582,17.802
291.177,167.913,37.582,17.802
292.143,167.805,37.582,17.802
291.177,167.484,37.582,17.802
291.928,168.020,37.582,17.802
291.177,168.342,37.582,17.802
292.357,167.162,37.582,17.802
291.392,167.484,37.582,17.802
291.285,167.805,37.582,17.802
292.036,168.127,37.582,17.802
292.787,166.947,37.582,17.802
291.821,167.913,37.582,17.802
292.787,167.591,37.582,17.802
293.108,167.269,37.582,17.802
293.645,166.304,37.582,17.802
293.752,166.196,37.582,17.802
293.430,165.660,37.582,17.802
293.537,166.196,37.582,17.802
294.074,164.587,37.582,17.802
294.785,164.053,36.780,17.422
293.210,164.158,36.780,17.422
293.735,163.843,36.780,17.422
292.790,162.689,36.780,17.422
293.525,162.584,36.780,17.422
294.050,161.849,36.780,17.422
292.895,162.164,36.780,17.422
292.160,161.639,36.780,17.422
293.105,160.484,36.780,17.422
292.790,159.749,36.780,17.422
292.055,160.274,36.780,17.422
292.580,160.589,36.780,17.422
292.685,159.224,36.780,17.422
291.740,159.749,36.780,17.422
291.425,158.384,36.780,17.422
291.320,157.229,36.780,17.422
290.375,158.384,36.780,17.422
289.850,156.390,36.780,17.422
288.486,155.025,36.780,17.422
288.171,156.180,36.780,17.422
287.226,155.445,36.780,17.422
286.701,153.660,36.780,17.422
285.756,153.555,36.780,17.422
284.601,153.030,36.780,17.422
284.916,153.765,36.780,17.422
283.341,152.610,36.780,17.422
282.817,151.875,36.780,17.422
281.242,152.400,36.780,17.422
280.507,151.245,36.780,17.422
279.772,152.190,36.780,17.422
278.197,152.085,36.780,17.422
276.833,152.400,36.780,17.422
275.888,150.196,36.780,17.422
274.313,150.511,36.780,17.422
273.788,149.566,36.780,17.422
272.843,150.301,36.780,17.422
271.898,149.566,36.780,17.422
270.953,149.881,36.780,17.422
270.009,150.196,36.780,17.422
268.854,150.091,36.780,17.422
268.119,148.936,36.780,17.422
267.174,147.991,36.780,17.422
266.229,148.096,36.780,17.422
264.654,147.571,36.780,17.422
262.660,147.466,36.780,17.422
261.085,147.571,36.780,17.422
259.720,147.046,36.780,17.422
258.146,147.571,36.780,17.422
256.781,146.206,36.780,17.422
254.996,145.681,36.780,17.422
253.421,145.156,36.780,17.422
252.686,146.311,36.780,17.422
250.272,145.576,36.780,17.422
249.117,145.681,36.780,17.422
247.122,143.897,36.780,17.422
245.128,144.632,36.780,17.422
243.973,144.107,36.780,17.422
241.978,144.422,36.780,17.422
240.403,142.217,36.780,17.422
239.039,142.742,36.780,17.422
237.464,142.007,36.780,17.422
236.519,142.322,36.780,17.422
234.944,141.587,36.780,17.422
232.950,141.692,36.780,17.422
231.375,141.377,36.780,17.422
229.800,139.802,36.780,17.422
228.645,140.537,36.780,17.422
227.280,140.012,36.780,17.422
227.595,139.907,36.780,17.422
226.231,137.913,36.780,17.422
224.236,137.808,36.780,17.422
222.871,137.913,36.780,17.422
221.716,138.018,36.780,17.422
220.771,137.913,36.780,17.422
219.617,137.598,36.780,17.422
219.302,137.913,36.780,17.422
219.617,138.647,36.780,17.422
217.622,138.542,36.780,17.422
217.097,139.067,36.780,17.422
216.782,139.172,36.780,17.422
215.627,139.907,36.780,17.422
215.312,139.382,36.780,17.422
214.368,139.487,36.780,17.422
214.472,140.432,36.780,17.422
213.948,141.167,36.780,17.422
213.213,141.902,36.780,17.422
212.478,141.167,36.780,17.422
212.769,142.264,35.996,17.051
211.433,141.955,35.996,17.051
210.303,140.620,35.996,17.051
209.378,139.900,35.996,17.051
208.865,140.003,35.996,17.051
208.967,140.106,35.996,17.051
208.248,139.592,35.996,17.051
207.323,139.489,35.996,17.051
206.193,138.154,35.996,17.051
205.268,138.462,35.996,17.051
206.193,138.565,35.996,17.051
205.063,137.024,35.996,17.051
204.549,135.893,35.996,17.051
205.063,135.996,35.996,17.051
203.933,134.660,35.996,17.051
204.241,133.736,35.996,17.051
203.316,134.044,35.996,17.051
202.597,134.147,35.996,17.051
203.316,132.400,35.996,17.051
202.803,132.914,35.996,17.051
203.316,131.784,35.996,17.051
202.186,132.297,35.996,17.051
201.672,131.989,35.996,17.051
201.364,131.270,35.996,17.051
200.439,130.756,35.996,17.051
200.748,129.420,35.996,17.051
200.234,130.345,35.996,17.051
199.515,130.242,35.996,17.051
199.618,130.551,35.996,17.051
198.693,130.037,35.996,17.051
199.176,130.714,35.228,16.687
198.271,130.010,35.228,16.687
198.549,130.285,34.477,16.331
196.876,130.777,34.477,16.331
196.581,129.104,34.477,16.331
197.270,128.612,34.477,16.331
196.581,128.317,34.477,16.331
197.613,128.965,33.742,15.983
198.094,129.061,33.742,15.983
197.613,129.350,33.742,15.983
198.287,129.447,33.742,15.983
198.576,129.158,33.742,15.983
199.250,128.869,33.742,15.983
199.154,128.387,33.742,15.983
198.865,128.869,33.742,15.983
198.191,128.195,33.742,15.983
197.902,128.869,33.742,15.983
197.228,128.965,33.742,15.983
197.516,128.484,33.742,15.983
197.613,128.772,33.742,15.983
197.131,127.328,33.742,15.983
196.457,127.424,33.742,15.983
196.168,127.713,33.742,15.983
196.072,126.846,33.742,15.983
196.710,127.852,33.022,15.642
196.427,126.815,33.022,15.642
197.597,127.436,32.318,15.309
197.320,125.868,32.318,15.309
198.643,126.120,31.629,14.982
199.415,126.541,30.954,14.663
200.210,125.746,30.954,14.663
199.769,126.188,30.954,14.663
200.865,126.429,30.294,14.350
201.298,125.651,30.294,14.350
201.903,126.256,30.294,14.350
201.989,126.689,30.294,14.350
202.768,125.046,30.294,14.350
203.373,123.749,30.294,14.350
202.768,123.143,30.294,14.350
203.200,123.576,30.294,14.350
203.978,122.106,30.294,14.350
204.065,121.673,30.294,14.350
203.978,121.068,30.294,14.350
204.238,121.673,30.294,14.350
204.497,121.414,30.294,14.350
204.065,120.809,30.294,14.350
205.708,120.030,30.294,14.350
205.275,119.425,30.294,14.350
205.708,119.166,30.294,14.350
206.313,119.425,30.294,14.350
206.918,116.745,30.294,14.350
206.313,117.177,30.294,14.350
207.437,117.263,30.294,14.350
206.832,115.793,30.294,14.350
207.783,114.842,30.294,14.350
208.215,113.545,30.294,14.350
209.685,112.248,30.294,14.350
210.117,111.816,30.294,14.350
211.760,111.038,30.294,14.350
212.539,109.741,30.294,14.350
213.490,109.308,30.294,14.350
214.614,109.568,30.294,14.350
215.738,107.579,30.294,14.350
216.516,107.146,30.294,14.350
216.603,107.752,30.294,14.350
217.554,107.146,30.294,14.350
218.159,108.443,30.294,14.350
218.073,108.530,30.294,14.350
218.678,108.616,30.294,14.350
218.592,108.530,30.294,14.350
218.505,108.271,30.294,14.350
218.419,108.876,30.294,14.350
218.332,108.271,30.294,14.350
218.764,108.011,30.294,14.350
217.986,107.406,30.294,14.350
217.554,106.801,30.294,14.350
216.430,107.406,30.294,14.350
216.689,106.455,30.294,14.350
216.257,105.503,30.294,14.350
216.343,105.071,30.294,14.350
215.392,105.503,30.294,14.350
213.749,105.071,30.294,14.350
214.182,105.503,30.294,14.350
214.614,104.898,30.294,14.350
214.009,105.158,30.294,14.350
214.960,105.071,30.294,14.350
214.182,106.195,30.294,14.350
214.441,107.146,30.294,14.350
213.144,107.406,30.294,14.350
213.749,106.628,30.294,14.350
213.144,107.060,30.294,14.350
213.057,107.665,30.294,14.350
211.760,107.752,30.294,14.350
210.809,108.357,30.294,14.350
210.550,108.616,30.294,14.350
209.253,110.086,30.294,14.350
210.204,111.556,30.294,14.350
209.080,112.680,30.294,14.350
208.302,113.459,30.294,14.350
207.523,114.756,30.294,14.350
206.399,115.015,30.294,14.350
205.967,115.102,30.294,14.350
206.918,115.534,30.294,14.350
206.486,114.410,30.294,14.350
205.535,114.669,30.294,14.350
205.448,114.929,30.294,14.350
205.880,115.015,30.294,14.350
206.659,114.410,30.294,14.350
206.053,114.323,30.294,14.350
206.659,115.275,30.294,14.350
206.226,115.707,30.294,14.350
207.178,114.583,30.294,14.350
206.572,115.015,30.294,14.350
206.140,115.620,30.294,14.350
206.745,114.842,30.294,14.350
206.486,114.929,30.294,14.350
207.091,113.459,30.294,14.350
206.486,112.508,30.294,14.350
206.745,112.248,30.294,14.350
206.486,113.372,30.294,14.350
206.053,112.248,30.294,14.350
207.005,113.199,30.294,14.350
206.226,113.459,30.294,14.350
205.794,112.508,30.294,14.350
204.843,112.767,30.294,14.350
203.341,112.877,30.965,14.667
203.253,113.142,30.965,14.667
203.518,113.408,30.965,14.667
204.137,112.789,30.965,14.667
203.518,113.408,30.965,14.667
202.900,112.966,30.965,14.667
203.695,112.524,30.965,14.667
204.667,111.021,30.965,14.667
203.695,111.817,30.965,14.667
202.900,111.905,30.965,14.667
204.402,110.756,30.965,14.667
204.844,109.430,30.965,14.667
205.463,108.458,30.965,14.667
204.667,109.254,30.965,14.667
204.579,108.635,30.965,14.667
205.198,109.254,30.965,14.667
204.579,108.105,30.965,14.667
204.667,109.607,30.965,14.667
204.402,108.635,30.965,14.667
203.076,109.254,30.965,14.667
203.518,108.105,30.965,14.667
204.844,107.132,30.965,14.667
204.225,107.928,30.965,14.667
203.960,107.309,30.965,14.667
205.109,106.514,30.965,14.667
203.783,107.486,30.965,14.667
204.225,106.691,30.965,14.667
202.874,106.987,31.650,14.992
202.805,107.102,32.350,15.324
203.082,106.086,32.350,15.324
203.729,106.917,32.350,15.324
202.159,108.302,32.350,15.324
202.620,108.949,32.350,15.324
201.420,110.334,32.350,15.324
200.774,110.796,32.350,15.324
199.937,111.105,33.066,15.663
201.353,111.577,33.066,15.663
200.314,112.804,33.066,15.663
199.276,111.766,33.066,15.663
198.238,112.238,33.066,15.663
197.774,112.358,33.797,16.009
198.450,113.612,33.797,16.009
197.967,113.323,33.797,16.009
197.292,114.191,33.797,16.009
198.160,114.287,33.797,16.009
197.292,114.577,33.797,16.009
196.418,113.499,34.545,16.363
197.108,114.386,34.545,16.363
196.418,114.091,34.545,16.363
197.699,114.978,34.545,16.363
197.404,114.879,34.545,16.363
197.108,114.386,34.545,16.363
197.009,114.879,34.545,16.363
197.108,114.189,34.545,16.363
196.615,115.668,34.545,16.363
197.502,116.358,34.545,16.363
197.798,114.682,34.545,16.363
197.314,113.171,35.309,16.725
198.422,113.474,35.309,16.725
197.314,113.776,35.309,16.725
198.825,112.063,35.309,16.725
197.703,110.937,36.091,17.096
198.836,111.246,36.091,17.096
199.557,111.349,36.091,17.096
199.248,111.452,36.091,17.096
199.145,110.525,36.091,17.096
199.454,108.979,36.091,17.096
199.969,109.494,36.091,17.096
200.278,109.391,36.091,17.096
202.442,110.525,36.091,17.096
194.921,110.834,36.091,17.096
195.231,111.967,36.091,17.096
197.289,112.312,36.889,17.474
199.290,112.838,36.889,17.474
201.080,113.365,36.889,17.474
202.659,112.838,36.889,17.474
204.028,113.154,36.889,17.474
205.608,113.470,36.889,17.474
206.555,113.365,36.889,17.474
208.766,112.838,36.889,17.474
209.714,114.207,36.889,17.474
210.945,113.905,37.705,17.860
211.698,114.873,37.705,17.860
212.882,114.766,37.705,17.860
213.246,115.350,38.539,18.256
214.676,115.680,38.539,18.256
212.995,116.733,39.392,18.659
214.456,117.071,39.392,18.659
213.220,118.532,39.392,18.659
214.231,117.970,39.392,18.659
212.995,116.733,39.392,18.659
211.509,115.710,40.264,19.072
209.514,116.334,41.155,19.494
208.691,115.981,41.155,19.494
209.279,115.394,41.155,19.494
208.221,115.981,41.155,19.494
209.748,114.689,41.155,19.494
209.866,114.807,41.155,19.494
210.688,113.515,41.155,19.494
211.041,113.162,41.155,19.494
210.923,112.340,41.155,19.494
212.215,112.457,41.155,19.494
211.863,113.750,41.155,19.494
213.390,114.337,41.155,19.494
213.038,113.750,41.155,19.494
211.973,114.387,42.065,19.926
211.134,113.045,42.996,20.366
211.257,115.132,42.996,20.366
209.635,115.798,43.947,20.817
211.101,114.917,44.919,21.278
211.229,116.584,44.919,21.278
210.588,118.507,44.919,21.278
211.022,119.735,45.913,21.748
209.581,120.390,45.913,21.748
208.926,121.045,45.913,21.748
210.105,120.128,45.913,21.748
209.188,121.831,45.913,21.748
209.843,121.176,45.913,21.748
210.015,120.528,46.929,22.230
209.881,121.733,46.929,22.230
209.747,122.939,46.929,22.230
210.685,121.733,46.929,22.230
211.622,122.671,46.929,22.230
212.076,121.452,47.967,22.721
211.391,121.863,47.967,22.721
211.254,121.452,47.967,22.721
209.445,120.206,49.029,23.224
209.305,119.787,49.029,23.224
210.005,119.367,49.029,23.224
209.305,120.067,49.029,23.224
209.725,119.367,49.029,23.224
209.585,118.107,49.029,23.224
208.886,117.687,49.029,23.224
209.650,115.833,50.113,23.738
208.649,115.118,50.113,23.738
208.506,116.120,50.113,23.738
208.076,115.690,50.113,23.738
208.792,114.975,50.113,23.738
208.935,116.263,50.113,23.738
208.826,116.742,51.222,24.263
209.557,118.058,51.222,24.263
209.995,117.034,51.222,24.263
210.726,117.181,51.222,24.263
211.750,117.327,51.222,24.263
211.311,117.473,51.222,24.263
212.413,117.660,52.355,24.800
212.562,117.211,52.355,24.800
211.516,116.464,52.355,24.800
213.758,118.108,52.355,24.800
214.206,117.660,52.355,24.800
213.459,118.407,52.355,24.800
214.275,116.427,53.514,25.349
215.344,116.274,53.514,25.349
214.581,114.900,53.514,25.349
214.781,113.827,54.698,25.909
214.662,114.350,55.908,26.483
216.098,113.233,55.908,26.483
215.300,114.350,55.908,26.483
215.178,113.229,57.145,27.069
214.377,112.422,58.409,27.668
215.544,110.922,58.409,27.668
216.378,109.421,58.409,27.668
217.878,110.588,58.409,27.668
220.046,110.755,58.409,27.668
220.879,109.588,58.409,27.668
223.046,110.755,58.409,27.668
225.214,108.588,58.409,27.668
226.714,110.088,58.409,27.668
227.214,108.588,58.409,27.668
229.382,108.754,58.409,27.668
229.215,107.921,58.409,27.668
230.382,107.087,58.409,27.668
228.882,107.587,58.409,27.668
228.381,108.421,58.409,27.668
225.833,106.558,59.702,28.280
227.366,105.024,59.702,28.280
227.878,106.217,59.702,28.280
227.025,106.047,59.702,28.280
226.188,104.496,61.022,28.905
228.453,102.580,61.022,28.905
229.404,101.719,62.373,29.545
229.582,102.609,62.373,29.545
228.707,101.358,63.753,30.199
227.058,101.213,65.163,30.867
226.500,100.655,65.163,30.867
227.802,101.585,65.163,30.867
226.872,101.027,65.163,30.867
227.430,102.329,65.163,30.867
227.244,100.655,65.163,30.867
224.400,102.822,66.605,31.550
225.351,103.393,66.605,31.550
224.020,105.484,66.605,31.550
224.591,105.674,66.605,31.550
225.161,105.864,66.605,31.550
226.872,104.153,66.605,31.550
226.682,105.484,66.605,31.550
226.931,104.938,68.079,32.248
225.182,104.743,68.079,32.248
226.931,102.606,68.079,32.248
225.960,102.411,68.079,32.248
224.211,102.994,68.079,32.248
224.794,102.411,68.079,32.248
223.822,102.217,68.079,32.248
222.462,102.411,68.079,32.248
223.045,102.217,68.079,32.248
223.628,103.189,68.079,32.248
223.045,102.606,68.079,32.248
225.571,102.023,68.079,32.248
224.211,104.160,68.079,32.248
225.960,105.909,68.079,32.248
223.433,107.658,68.079,32.248
221.685,109.407,68.079,32.248
217.604,109.990,68.079,32.248
213.912,109.795,68.079,32.248
210.997,109.213,68.079,32.248
208.471,109.795,68.079,32.248
205.945,108.435,68.079,32.248
205.362,108.241,68.079,32.248
204.779,106.881,68.079,32.248
203.030,108.241,68.079,32.248
202.447,109.213,68.079,32.248
201.475,109.407,68.079,32.248
200.892,107.269,68.079,32.248
200.698,109.018,68.079,32.248
199.338,108.824,68.079,32.248
199.144,108.630,68.079,32.248
198.172,109.601,68.079,32.248
196.423,108.630,68.079,32.248
193.897,109.990,68.079,32.248
191.759,111.739,68.079,32.248
189.622,111.544,68.079,32.248
187.873,110.573,68.079,32.248
186.124,113.099,68.079,32.248
187.096,113.682,68.079,32.248
186.513,114.265,68.079,32.248
185.930,113.682,68.079,32.248
186.124,111.933,68.079,32.248
186.319,109.796,68.079,32.248
186.513,107.658,68.079,32.248
185.930,104.355,68.079,32.248
185.347,101.051,68.079,32.248
185.930,96.582,68.079,32.248
183.404,93.667,68.079,32.248
182.044,90.752,68.079,32.248
180.295,88.226,68.079,32.248
178.934,85.700,68.079,32.248
177.963,83.174,68.079,32.248
179.712,81.814,68.079,32.248
179.517,80.842,68.079,32.248
181.655,79.871,68.079,32.248
183.015,80.065,68.079,32.248
185.153,81.425,68.079,32.248
186.513,83.174,68.079,32.248
187.873,85.700,68.079,32.248
190.399,87.449,68.079,32.248
192.925,88.421,68.079,32.248
194.674,90.558,68.079,32.248
195.257,92.696,68.079,32.248
196.229,94.056,68.079,32.248
196.812,92.696,68.079,32.248
195.840,90.169,68.079,32.248
196.034,87.643,68.079,32.248
195.840,85.117,68.079,32.248
195.257,82.980,68.079,32.248
196.229,81.231,68.079,32.248
197.589,81.036,68.079,32.248
197.783,80.065,68.079,32.248
200.698,78.705,68.079,32.248
202.836,78.510,68.079,32.248
203.030,80.648,68.079,32.248
202.447,82.785,68.079,32.248
201.864,85.311,68.079,32.248
198.949,87.060,68.079,32.248
196.812,89.198,68.079,32.248
194.674,91.335,68.079,32.248
193.314,93.473,68.079,32.248
191.954,94.833,68.079,32.248
191.371,96.970,68.079,32.248
192.342,97.553,68.079,32.248
193.703,96.193,68.079,32.248
194.674,95.610,68.079,32.248
195.646,93.084,68.079,32.248
197.006,90.947,68.079,32.248
196.423,88.032,68.079,32.248
195.840,85.894,68.079,32.248
193.314,85.700,68.079,32.248
191.565,85.117,68.079,32.248
189.816,85.700,68.079,32.248
191.565,84.728,68.079,32.248
189.816,85.311,68.079,32.248
190.788,85.894,68.079,32.248
188.650,86.089,68.079,32.248
188.067,86.283,68.079,32.248
189.816,87.643,68.079,32.248
188.456,88.226,68.079,32.248
190.205,89.975,68.079,32.248
191.954,90.558,68.079,32.248
191.759,91.918,68.079,32.248
194.286,92.501,68.079,32.248
195.257,91.530,68.079,32.248
194.286,92.890,68.079,32.248
194.091,93.861,68.079,32.248
195.451,92.113,68.079,32.248
197.589,91.141,68.079,32.248
196.229,92.501,68.079,32.248
197.589,94.250,68.079,32.248
196.617,96.388,68.079,32.248
196.812,97.359,68.079,32.248
196.229,98.331,68.079,32.248
195.257,98.914,68.079,32.248
193.897,98.331,68.079,32.248
193.314,99.302,68.079,32.248
195.063,97.942,68.079,32.248
194.091,97.748,68.079,32.248
195.063,97.165,68.079,32.248
196.423,95.805,68.079,32.248
198.949,94.444,68.079,32.248
201.864,93.473,68.079,32.248
205.167,92.501,68.079,32.248
209.637,91.918,68.079,32.248
212.940,91.724,68.079,32.248
217.021,89.975,68.079,32.248
220.324,90.947,68.079,32.248
222.073,90.752,68.079,32.248
222.656,90.947,68.079,32.248
223.628,90.752,68.079,32.248
224.211,90.558,68.079,32.248
224.793,91.530,68.079,32.248
223.822,93.278,68.079,32.248
223.628,95.805,68.079,32.248
224.599,97.165,68.079,32.248
225.571,98.525,68.079,32.248
224.599,98.331,68.079,32.248
227.760,99.236,66.627,31.560
228.711,98.286,66.627,31.560
230.042,99.236,66.627,31.560
232.769,96.823,65.206,30.887
231.466,98.126,65.206,30.887
230.163,97.568,65.206,30.887
229.977,97.382,65.206,30.887
227.930,97.568,65.206,30.887
226.999,97.382,65.206,30.887
225.696,97.940,65.206,30.887
225.138,98.871,65.206,30.887
224.207,99.429,65.206,30.887
224.766,98.126,65.206,30.887
223.835,99.057,65.206,30.887
224.710,99.566,63.815,30.228
223.435,98.655,63.815,30.228
224.710,97.380,63.815,30.228
225.620,95.740,63.815,30.228
226.531,93.373,63.815,30.228
228.535,94.283,63.815,30.228
229.810,92.280,63.815,30.228
231.449,91.005,63.815,30.228
233.453,90.094,63.815,30.228
235.092,91.005,63.815,30.228
236.651,89.045,62.454,29.584
236.829,89.936,62.454,29.584
234.868,87.618,62.454,29.584
235.759,88.866,62.454,29.584
235.566,89.354,61.123,28.953
236.438,86.388,61.123,28.953
236.962,86.562,61.123,28.953
237.136,86.737,61.123,28.953
237.956,87.550,59.819,28.335
238.810,86.013,59.819,28.335
236.590,86.525,59.819,28.335
238.810,86.696,59.819,28.335
240.688,83.793,59.819,28.335
242.566,84.306,59.819,28.335
244.444,85.159,59.819,28.335
245.639,84.647,59.819,28.335
243.420,82.769,59.819,28.335
244.615,83.281,59.819,28.335
241.712,83.452,59.819,28.335
242.225,82.257,59.819,28.335
241.381,83.711,58.543,27.731
240.212,82.541,58.543,27.731
241.319,84.931,57.295,27.140
239.193,85.421,57.295,27.140
240.592,86.499,56.073,26.561
238.832,85.699,56.073,26.561
240.272,86.499,56.073,26.561
239.173,86.011,54.877,25.995
240.583,86.481,54.877,25.995
241.679,86.324,54.877,25.995
243.402,86.794,54.877,25.995
245.438,86.011,54.877,25.995
247.788,86.167,54.877,25.995
249.511,86.324,54.877,25.995
252.800,87.107,54.877,25.995
255.463,87.264,54.877,25.995
258.126,87.734,54.877,25.995
260.162,86.637,54.877,25.995
262.825,85.541,54.877,25.995
265.675,83.855,53.707,25.440
267.668,82.476,53.707,25.440
269.661,82.016,53.707,25.440
271.654,80.023,53.707,25.440
273.556,80.146,52.562,24.898
275.418,80.267,51.441,24.367
274.693,80.385,50.344,23.847
275.986,79.667,50.344,23.847
277.279,79.811,50.344,23.847
278.860,80.242,50.344,23.847
277.873,80.080,49.270,23.339
278.858,80.784,49.270,23.339
280.123,80.643,49.270,23.339
281.389,80.221,49.270,23.339
283.406,80.877,48.220,22.841
284.920,81.565,48.220,22.841
282.382,82.737,47.191,22.354
281.170,83.141,47.191,22.354
279.958,83.545,47.191,22.354
277.399,84.219,47.191,22.354
275.109,84.623,47.191,22.354
272.549,85.296,47.191,22.354
267.296,85.431,47.191,22.354
265.814,86.104,47.191,22.354
265.680,84.353,47.191,22.354
264.755,86.799,46.185,21.877
266.469,87.985,46.185,21.877
264.491,89.699,46.185,21.877
265.678,90.358,46.185,21.877
267.391,90.490,46.185,21.877
268.051,92.467,46.185,21.877
269.764,92.599,46.185,21.877
268.605,93.976,45.200,21.411
270.952,95.572,44.236,20.954
273.006,97.621,43.293,20.507
272.634,99.865,42.370,20.070
273.480,100.953,42.370,20.070
272.876,102.767,42.370,20.070
273.211,103.098,41.466,19.642
274.223,102.509,40.582,19.223
276.108,103.718,39.716,18.813
276.422,103.154,38.869,18.412
278.086,102.156,38.869,18.412
276.422,102.710,38.869,18.412
276.302,101.303,38.040,18.019
275.759,99.891,38.040,18.019
276.736,98.914,38.040,18.019
276.627,96.634,38.040,18.019
275.650,95.222,38.040,18.019
275.324,94.679,38.040,18.019
274.999,92.833,38.040,18.019
275.107,90.987,38.040,18.019
275.867,89.359,38.040,18.019
276.193,87.730,38.040,18.019
277.170,86.101,38.040,18.019
276.006,84.514,37.229,17.635
276.750,83.345,37.229,17.635
276.225,84.046,36.435,17.259
277.716,82.526,35.658,16.891
277.606,82.608,34.898,16.531
278.701,83.106,34.898,16.531
278.594,83.762,34.154,16.178
279.471,83.469,34.154,16.178
278.399,82.592,34.154,16.178
277.911,83.469,34.154,16.178
277.424,82.982,34.154,16.178
278.106,81.325,34.154,16.178
276.839,82.202,34.154,16.178
