276.000,161.000,73.000,74.000
278.026,161.289,73.000,74.000
280.630,161.000,73.000,74.000
283.234,160.132,73.000,74.000
286.996,160.421,73.000,74.000
290.179,160.132,73.000,74.000
293.941,159.843,73.000,74.000
297.703,160.711,73.000,74.000
300.886,161.000,73.000,74.000
304.069,160.132,73.000,74.000
306.673,161.000,73.000,74.000
308.120,160.711,73.000,74.000
310.145,158.106,73.000,74.000
311.013,152.608,73.000,74.000
311.882,147.110,73.000,74.000
313.328,141.034,73.000,74.000
314.197,137.272,73.000,74.000
314.486,138.719,73.000,74.000
314.775,141.323,73.000,74.000
313.328,143.927,73.000,74.000
313.039,147.110,73.000,74.000
312.171,149.136,73.000,74.000
311.882,150.004,73.000,74.000
311.013,150.872,73.000,74.000
311.303,151.740,73.000,74.000
310.435,153.187,73.000,74.000
310.145,154.055,73.000,74.000
308.699,156.081,73.000,74.000
307.830,157.528,73.000,74.000
307.541,159.553,73.000,74.000
307.252,161.000,73.000,74.000
307.541,162.447,73.000,74.000
307.252,162.157,73.000,74.000
307.541,161.868,73.000,74.000
306.094,162.736,73.000,74.000
306.384,161.289,73.000,74.000
305.516,161.000,73.000,74.000
303.490,162.447,73.000,74.000
303.779,162.736,73.000,74.000
301.754,165.340,73.000,74.000
300.886,167.366,73.000,74.000
300.596,168.813,73.000,74.000
300.307,170.260,73.000,74.000
301.175,171.128,73.000,74.000
301.464,171.996,73.000,74.000
302.332,172.864,73.000,74.000
302.622,173.153,73.000,74.000
302.332,171.707,73.000,74.000
302.622,173.153,73.000,74.000
302.332,171.707,73.000,74.000
302.622,173.153,73.000,74.000
301.754,172.864,73.000,74.000
300.886,174.890,73.000,74.000
301.175,174.600,73.000,74.000
300.886,174.890,73.000,74.000
300.018,175.758,73.000,74.000
300.307,175.468,73.000,74.000
300.596,176.915,73.000,74.000
300.307,177.783,73.000,74.000
300.596,179.230,73.000,74.000
299.728,180.098,73.000,74.000
299.439,180.966,73.000,74.000
300.886,181.834,73.000,74.000
301.754,180.388,73.000,74.000
302.622,177.783,73.000,74.000
304.069,175.179,73.000,74.000
304.937,173.153,73.000,74.000
305.226,172.285,73.000,74.000
305.516,173.153,73.000,74.000
305.226,175.179,73.000,74.000
305.516,179.520,73.000,74.000
305.226,186.754,73.000,74.000
306.094,193.409,73.000,74.000
305.805,197.171,73.000,74.000
304.937,198.039,73.000,74.000
304.069,197.171,73.000,74.000
303.201,196.303,73.000,74.000
301.754,196.592,73.000,74.000
299.728,199.197,73.000,74.000
298.281,201.801,73.000,74.000
296.834,204.984,73.000,74.000
295.388,207.588,73.000,74.000
293.679,208.271,74.615,75.637
292.792,210.933,74.615,75.637
291.046,212.244,76.266,77.311
290.744,212.546,76.266,77.311
289.837,212.244,76.266,77.311
289.535,210.128,76.266,77.311
288.628,206.802,76.266,77.311
288.930,204.686,76.266,77.311
288.628,203.175,76.266,77.311
288.325,201.058,76.266,77.311
288.628,200.151,76.266,77.311
287.721,199.244,76.266,77.311
287.418,198.338,76.266,77.311
287.116,197.431,76.266,77.311
288.023,196.524,76.266,77.311
288.930,196.221,76.266,77.311
289.837,195.314,76.266,77.311
290.139,195.617,76.266,77.311
291.046,196.524,76.266,77.311
291.953,196.826,76.266,77.311
292.860,197.128,76.266,77.311
293.162,196.826,76.266,77.311
294.069,197.128,76.266,77.311
294.372,195.617,76.266,77.311
294.674,195.314,76.266,77.311
294.976,194.407,76.266,77.311
295.883,194.105,76.266,77.311
296.185,193.803,76.266,77.311
296.488,194.105,76.266,77.311
295.581,193.198,76.266,77.311
295.279,193.501,76.266,77.311
296.185,192.594,76.266,77.311
295.883,192.291,76.266,77.311
295.581,191.384,76.266,77.311
295.279,191.687,76.266,77.311
296.185,191.989,76.266,77.311
295.883,191.687,76.266,77.311
296.185,192.594,76.266,77.311
297.092,192.291,76.266,77.311
296.790,191.989,76.266,77.311
297.092,191.082,76.266,77.311
297.395,190.780,76.266,77.311
296.488,191.687,76.266,77.311
296.185,191.384,76.266,77.311
296.488,191.082,76.266,77.311
295.581,191.384,76.266,77.311
295.279,191.687,76.266,77.311
296.185,191.384,76.266,77.311
296.488,191.082,76.266,77.311
296.185,190.780,76.266,77.311
296.488,190.477,76.266,77.311
296.185,189.570,76.266,77.311
296.488,188.664,76.266,77.311
296.185,188.361,76.266,77.311
296.488,186.850,76.266,77.311
295.581,185.943,76.266,77.311
295.279,185.036,76.266,77.311
296.185,184.734,76.266,77.311
295.883,185.036,76.266,77.311
295.581,183.524,76.266,77.311
295.279,183.222,76.266,77.311
294.976,181.710,76.266,77.311
294.069,180.803,76.266,77.311
293.767,180.501,76.266,77.311
293.465,178.990,76.266,77.311
293.767,176.873,76.266,77.311
294.069,175.966,76.266,77.311
294.372,175.664,76.266,77.311
293.465,175.966,76.266,77.311
293.767,175.059,76.266,77.311
294.069,174.757,76.266,77.311
294.372,175.664,76.266,77.311
293.465,176.571,76.266,77.311
293.162,176.873,76.266,77.311
294.674,175.966,76.266,77.311
292.889,176.679,77.953,79.021
293.816,176.988,77.953,79.021
293.507,178.533,77.953,79.021
293.198,178.224,77.953,79.021
292.889,179.769,77.953,79.021
293.816,178.224,77.953,79.021
293.507,179.769,77.953,79.021
293.198,178.224,77.953,79.021
292.271,179.151,77.953,79.021
292.580,176.988,77.953,79.021
292.271,175.443,77.953,79.021
291.344,175.752,77.953,79.021
291.035,173.589,77.953,79.021
290.108,172.044,77.953,79.021
289.799,172.971,77.953,79.021
290.108,171.426,77.953,79.021
288.563,173.589,77.953,79.021
289.490,171.426,77.953,79.021
288.563,174.825,77.953,79.021
288.254,173.280,77.953,79.021
287.327,176.679,77.953,79.021
287.636,174.516,77.953,79.021
287.327,177.915,77.953,79.021
287.636,176.988,77.953,79.021
287.945,180.387,77.953,79.021
288.254,179.460,77.953,79.021
287.945,182.859,77.953,79.021
288.254,180.078,77.953,79.021
287.945,183.477,77.953,79.021
288.872,181.314,77.953,79.021
288.563,181.005,77.953,79.021
288.254,180.078,77.953,79.021
287.945,182.241,77.953,79.021
288.045,177.841,79.678,80.770
287.729,176.893,79.678,80.770
287.413,176.577,79.678,80.770
288.825,172.079,81.441,82.557
289.148,171.757,81.441,82.557
290.117,170.142,81.441,82.557
291.085,171.757,81.441,82.557
291.408,170.142,81.441,82.557
292.376,173.694,81.441,82.557
293.345,173.371,81.441,82.557
294.313,176.276,81.441,82.557
295.282,174.662,81.441,82.557
296.896,178.213,81.441,82.557
298.510,176.599,81.441,82.557
298.833,179.504,81.441,82.557
300.447,177.890,81.441,82.557
300.124,177.567,81.441,82.557
300.447,179.827,81.441,82.557
298.833,177.567,81.441,82.557
298.510,179.182,81.441,82.557
296.896,176.922,81.441,82.557
297.219,175.953,81.441,82.557
295.605,174.985,81.441,82.557
294.636,174.016,81.441,82.557
294.313,174.985,81.441,82.557
293.345,172.725,81.441,82.557
292.376,171.111,81.441,82.557
292.699,169.497,81.441,82.557
292.376,167.883,81.441,82.557
291.408,164.977,81.441,82.557
291.731,162.717,81.441,82.557
290.117,161.749,81.441,82.557
291.085,158.843,81.441,82.557
290.117,157.229,81.441,82.557
291.085,156.261,81.441,82.557
290.117,155.938,81.441,82.557
291.731,154.324,81.441,82.557
293.174,150.396,83.243,84.383
292.844,153.366,83.243,84.383
295.814,151.056,83.243,84.383
295.920,147.041,85.085,86.250
297.607,147.379,85.085,86.250
297.269,145.692,85.085,86.250
296.678,143.689,86.967,88.158
296.333,141.275,86.967,88.158
295.299,140.241,86.967,88.158
293.264,134.616,88.891,90.109
291.502,133.559,88.891,90.109
289.422,130.003,90.858,92.103
286.549,127.116,92.868,94.140
283.972,126.748,92.868,94.140
282.131,127.852,92.868,94.140
280.291,125.276,92.868,94.140
279.186,125.644,92.868,94.140
278.082,126.748,92.868,94.140
276.978,124.171,92.868,94.140
275.873,126.012,92.868,94.140
276.241,124.907,92.868,94.140
277.346,128.221,92.868,94.140
276.978,125.644,92.868,94.140
276.609,128.957,92.868,94.140
275.505,125.644,92.868,94.140
278.082,129.693,92.868,94.140
276.978,127.116,92.868,94.140
278.082,130.429,92.868,94.140
279.186,133.006,92.868,94.140
278.818,131.902,92.868,94.140
279.923,136.687,92.868,94.140
280.291,136.319,92.868,94.140
280.659,138.896,92.868,94.140
279.554,140.737,92.868,94.140
281.395,142.577,92.868,94.140
281.027,143.682,92.868,94.140
281.395,145.522,92.868,94.140
282.499,147.363,92.868,94.140
283.604,149.204,92.868,94.140
283.972,151.044,92.868,94.140
285.076,152.885,92.868,94.140
286.917,155.462,92.868,94.140
287.285,158.039,92.868,94.140
287.653,159.879,92.868,94.140
286.549,161.720,92.868,94.140
287.894,163.788,90.888,92.133
287.534,164.869,90.888,92.133
287.894,165.950,90.888,92.133
286.093,164.869,90.888,92.133
286.453,168.111,90.888,92.133
286.093,166.310,90.888,92.133
286.453,168.832,90.888,92.133
286.093,169.913,90.888,92.133
285.012,170.273,90.888,92.133
285.372,170.633,90.888,92.133
285.732,170.994,90.888,92.133
285.372,169.913,90.888,92.133
286.453,173.155,90.888,92.133
287.534,172.074,90.888,92.133
287.894,172.435,90.888,92.133
287.534,173.516,90.888,92.133
289.335,171.714,90.888,92.133
288.975,174.236,90.888,92.133
289.335,171.714,90.888,92.133
289.695,172.795,90.888,92.133
288.614,170.994,90.888,92.133
288.975,169.192,90.888,92.133
288.614,168.832,90.888,92.133
288.254,168.472,90.888,92.133
289.335,167.391,90.888,92.133
288.975,167.031,90.888,92.133
287.173,165.950,90.888,92.133
286.813,164.148,90.888,92.133
285.012,168.111,90.888,92.133
285.372,164.869,90.888,92.133
285.732,163.788,90.888,92.133
284.651,167.031,90.888,92.133
285.012,163.068,90.888,92.133
284.651,160.546,90.888,92.133
284.291,165.229,90.888,92.133
286.093,162.707,90.888,92.133
286.453,159.465,90.888,92.133
284.651,154.781,90.888,92.133
280.688,150.098,90.888,92.133
283.210,154.781,90.888,92.133
278.527,147.215,90.888,92.133
276.725,138.929,90.888,92.133
273.483,134.966,90.888,92.133
270.961,132.444,90.888,92.133
268.087,131.799,92.899,94.171
265.149,128.083,94.954,96.255
263.708,128.970,97.055,98.384
261.437,125.886,99.202,100.561
261.043,126.279,99.202,100.561
259.538,125.575,101.397,102.786
259.136,125.977,101.397,102.786
258.734,127.987,101.397,102.786
259.136,127.585,101.397,102.786
258.734,125.575,101.397,102.786
261.548,124.369,101.397,102.786
261.146,123.967,101.397,102.786
260.744,125.173,101.397,102.786
264.361,121.556,101.397,102.786
260.744,126.781,101.397,102.786
264.361,123.163,101.397,102.786
262.730,127.746,99.235,100.594
267.057,125.779,99.235,100.594
265.091,129.319,99.235,100.594
269.418,128.139,99.235,100.594
266.664,133.253,99.235,100.594
268.631,131.286,99.235,100.594
265.877,135.613,99.235,100.594
270.204,134.433,99.235,100.594
268.238,137.187,99.235,100.594
267.057,137.580,99.235,100.594
270.598,136.400,99.235,100.594
267.844,138.367,99.235,100.594
271.384,137.187,99.235,100.594
268.631,138.367,99.235,100.594
267.451,137.973,99.235,100.594
266.271,136.793,99.235,100.594
269.811,136.400,99.235,100.594
264.224,131.614,101.430,102.820
262.214,132.820,101.430,102.820
264.224,134.027,101.430,102.820
261.409,132.820,101.430,102.820
263.420,134.831,101.430,102.820
264.626,135.233,101.430,102.820
262.616,134.831,101.430,102.820
263.822,135.233,101.430,102.820
263.420,133.222,101.430,102.820
265.430,134.429,101.430,102.820
260.699,135.912,99.267,100.627
263.453,133.945,99.267,100.627
266.208,133.552,99.267,100.627
267.388,135.519,99.267,100.627
262.273,134.339,99.267,100.627
265.027,136.306,99.267,100.627
266.994,135.125,99.267,100.627
262.666,137.880,99.267,100.627
265.421,139.060,99.267,100.627
268.175,141.815,99.267,100.627
263.060,143.782,99.267,100.627
265.814,145.750,99.267,100.627
267.781,146.143,99.267,100.627
262.666,147.324,99.267,100.627
265.420,150.865,99.267,100.627
266.601,152.046,99.267,100.627
262.273,154.800,99.267,100.627
265.814,156.767,99.267,100.627
266.994,158.735,99.267,100.627
263.453,160.702,99.267,100.627
266.207,163.457,99.267,100.627
268.175,165.424,99.267,100.627
263.846,166.605,99.267,100.627
266.601,169.359,99.267,100.627
262.272,167.392,99.267,100.627
265.814,172.507,99.267,100.627
262.272,170.540,99.267,100.627
265.027,170.933,99.267,100.627
267.781,168.966,99.267,100.627
261.879,172.507,99.267,100.627
266.994,169.753,99.267,100.627
274.471,165.424,99.267,100.627
268.568,170.540,99.267,100.627
276.832,165.424,99.267,100.627
272.503,169.753,99.267,100.627
278.406,164.637,99.267,100.627
274.864,168.966,99.267,100.627
280.767,163.850,99.267,100.627
278.799,166.605,99.267,100.627
282.341,164.637,99.267,100.627
280.373,167.392,99.267,100.627
279.980,166.211,99.267,100.627
281.160,164.244,99.267,100.627
279.193,166.998,99.267,100.627
278.799,161.883,99.267,100.627
275.258,164.637,99.267,100.627
272.503,163.457,99.267,100.627
268.962,166.211,99.267,100.627
266.994,162.670,99.267,100.627
270.536,165.424,99.267,100.627
267.781,163.457,99.267,100.627
266.601,163.063,99.267,100.627
266.207,162.670,99.267,100.627
269.749,162.276,99.267,100.627
267.781,161.096,99.267,100.627
266.601,159.128,99.267,100.627
265.420,157.161,99.267,100.627
265.027,154.407,99.267,100.627
265.420,150.865,99.267,100.627
263.453,148.111,99.267,100.627
263.060,146.143,99.267,100.627
262.666,143.389,99.267,100.627
260.699,139.847,99.267,100.627
258.731,136.306,99.267,100.627
257.551,133.552,99.267,100.627
255.583,130.797,99.267,100.627
253.616,127.256,99.267,100.627
252.435,126.075,99.267,100.627
253.616,124.895,99.267,100.627
251.648,122.140,99.267,100.627
254.403,125.682,99.267,100.627
251.648,122.140,99.267,100.627
253.616,120.960,99.267,100.627
250.861,119.779,99.267,100.627
250.468,121.747,99.267,100.627
250.074,121.353,99.267,100.627
253.616,124.108,99.267,100.627
250.861,122.927,99.267,100.627
253.616,126.469,99.267,100.627
252.435,128.436,99.267,100.627
255.190,130.404,99.267,100.627
254.796,133.158,99.267,100.627
258.338,135.126,99.267,100.627
257.157,137.093,99.267,100.627
260.699,139.060,99.267,100.627
259.518,141.028,99.267,100.627
261.486,142.995,99.267,100.627
261.879,144.963,99.267,100.627
263.846,146.930,99.267,100.627
264.240,149.685,99.267,100.627
266.994,152.439,99.267,100.627
267.388,155.981,99.267,100.627
268.568,158.735,99.267,100.627
269.749,162.276,99.267,100.627
271.716,165.818,99.267,100.627
272.897,169.359,99.267,100.627
272.503,172.901,99.267,100.627
272.897,174.868,99.267,100.627
274.864,176.836,99.267,100.627
277.060,179.046,97.150,98.481
277.446,179.431,97.150,98.481
277.060,180.587,97.150,98.481
278.986,181.742,97.150,98.481
278.601,180.587,97.150,98.481
278.986,181.742,97.150,98.481
280.141,182.127,97.150,98.481
281.297,180.202,97.150,98.481
280.911,182.127,97.150,98.481
282.837,179.431,97.150,98.481
283.992,182.127,97.150,98.481
285.918,180.972,97.150,98.481
286.303,182.897,97.150,98.481
288.228,180.202,97.150,98.481
289.384,182.127,97.150,98.481
291.309,178.661,97.150,98.481
290.924,181.357,97.150,98.481
291.309,177.891,97.150,98.481
291.694,179.046,97.150,98.481
290.539,176.351,97.150,98.481
290.154,178.276,97.150,98.481
289.769,179.431,97.150,98.481
288.614,178.276,97.150,98.481
287.458,180.202,97.150,98.481
287.073,180.587,97.150,98.481
287.458,181.742,97.150,98.481
287.073,182.127,97.150,98.481
289.769,180.202,97.150,98.481
288.614,180.587,97.150,98.481
290.539,178.661,97.150,98.481
293.431,180.083,95.079,96.381
297.714,177.841,93.051,94.326
298.083,176.734,93.051,94.326
298.452,174.152,93.051,94.326
299.558,175.997,93.051,94.326
299.189,172.677,93.051,94.326
298.821,175.259,93.051,94.326
298.452,174.152,93.051,94.326
295.870,174.521,93.051,94.326
296.239,170.464,93.051,94.326
292.181,171.570,93.051,94.326
291.812,168.988,93.051,94.326
289.230,171.570,93.051,94.326
289.599,168.251,93.051,94.326
286.280,171.570,93.051,94.326
285.173,172.677,93.051,94.326
286.280,169.357,93.051,94.326
283.698,171.939,93.051,94.326
284.804,172.308,93.051,94.326
284.435,174.152,93.051,94.326
284.067,175.259,93.051,94.326
284.435,177.103,93.051,94.326
287.017,176.734,93.051,94.326
285.173,178.579,93.051,94.326
287.755,175.997,93.051,94.326
288.124,177.841,93.051,94.326
287.755,177.472,93.051,94.326
289.599,175.628,93.051,94.326
289.968,176.734,93.051,94.326
290.337,175.628,93.051,94.326
287.017,175.259,93.051,94.326
288.862,173.415,93.051,94.326
286.280,174.521,93.051,94.326
288.124,171.202,93.051,94.326
284.067,173.784,93.051,94.326
285.173,168.988,93.051,94.326
281.853,170.095,93.051,94.326
284.435,166.038,93.051,94.326
279.640,167.882,93.051,94.326
282.222,163.825,93.051,94.326
278.903,163.456,93.051,94.326
281.485,160.136,93.051,94.326
278.165,161.243,93.051,94.326
280.009,157.923,93.051,94.326
277.427,156.079,93.051,94.326
279.271,154.234,93.051,94.326
277.427,153.866,93.051,94.326
278.534,152.021,93.051,94.326
278.903,151.653,93.051,94.326
279.271,150.546,93.051,94.326
278.903,151.653,93.051,94.326
280.747,149.071,93.051,94.326
278.903,150.915,93.051,94.326
281.485,147.595,93.051,94.326
281.853,146.489,93.051,94.326
282.960,146.120,93.051,94.326
284.066,148.702,93.051,94.326
284.435,145.382,93.051,94.326
284.804,142.800,93.051,94.326
285.173,143.169,93.051,94.326
283.329,142.800,93.051,94.326
284.435,141.694,93.051,94.326
284.066,143.538,93.051,94.326
282.960,142.431,93.051,94.326
283.329,145.751,93.051,94.326
281.484,146.120,93.051,94.326
282.591,148.702,93.051,94.326
281.806,152.907,91.067,92.314
282.889,150.380,91.067,92.314
283.250,150.741,91.067,92.314
281.445,150.380,91.067,92.314
281.084,150.019,91.067,92.314
281.445,153.268,91.067,92.314
281.084,150.019,91.067,92.314
281.445,151.102,91.067,92.314
282.528,149.297,91.067,92.314
283.610,151.824,91.067,92.314
284.693,149.297,91.067,92.314
286.498,151.102,91.067,92.314
287.581,148.575,91.067,92.314
288.900,151.995,89.125,90.346
290.667,149.522,89.125,90.346
291.020,147.756,89.125,90.346
290.667,149.522,89.125,90.346
290.313,147.756,89.125,90.346
292.285,152.465,87.224,88.419
292.631,149.353,87.224,88.419
291.594,147.624,87.224,88.419
293.323,149.353,87.224,88.419
294.360,147.624,87.224,88.419
295.397,147.279,87.224,88.419
295.051,146.241,87.224,88.419
296.780,146.587,87.224,88.419
297.817,145.550,87.224,88.419
298.855,147.279,87.224,88.419
301.275,144.858,87.224,88.419
302.312,146.587,87.224,88.419
304.041,146.241,87.224,88.419
304.387,147.279,87.224,88.419
306.115,146.241,87.224,88.419
305.770,147.279,87.224,88.419
306.807,145.550,87.224,88.419
305.770,146.587,87.224,88.419
307.498,144.167,87.224,88.419
305.770,145.896,87.224,88.419
308.190,142.784,87.224,88.419
307.844,145.896,87.224,88.419
310.264,142.092,87.224,88.419
308.536,145.204,87.224,88.419
310.264,142.092,87.224,88.419
307.844,145.204,87.224,88.419
310.264,142.092,87.224,88.419
307.153,145.204,87.224,88.419
308.190,142.092,87.224,88.419
305.770,144.513,87.224,88.419
305.424,142.784,87.224,88.419
303.004,145.204,87.224,88.419
304.041,142.092,87.224,88.419
301.621,143.821,87.224,88.419
299.892,141.401,87.224,88.419
298.855,143.130,87.224,88.419
297.817,140.709,87.224,88.419
296.089,142.438,87.224,88.419
295.051,140.018,87.224,88.419
293.323,140.363,87.224,88.419
292.285,139.326,87.224,88.419
289.865,141.746,87.224,88.419
288.828,139.326,87.224,88.419
286.407,142.438,87.224,88.419
285.370,140.709,87.224,88.419
284.333,144.513,87.224,88.419
283.296,142.784,87.224,88.419
280.875,147.279,87.224,88.419
279.147,146.241,87.224,88.419
277.418,149.353,87.224,88.419
274.998,149.699,87.224,88.419
273.960,152.811,87.224,88.419
273.615,150.390,87.224,88.419
270.503,154.885,87.224,88.419
268.774,157.305,87.224,88.419
270.503,154.885,87.224,88.419
266.700,159.380,87.224,88.419
267.737,157.651,87.224,88.419
264.625,162.146,87.224,88.419
266.354,157.651,87.224,88.419
264.625,161.454,87.224,88.419
264.019,155.813,89.154,90.375
262.252,157.580,89.154,90.375
261.898,154.399,89.154,90.375
262.959,154.046,89.154,90.375
261.192,156.520,89.154,90.375
262.252,153.339,89.154,90.375
261.192,156.520,89.154,90.375
262.959,154.046,89.154,90.375
261.898,157.227,89.154,90.375
264.372,156.166,89.154,90.375
263.312,156.520,89.154,90.375
264.372,154.753,89.154,90.375
264.726,157.227,89.154,90.375
265.573,152.927,91.126,92.375
266.656,152.566,91.126,92.375
269.185,150.037,91.126,92.375
271.713,151.121,91.126,92.375
276.409,150.037,91.126,92.375
278.938,148.953,91.126,92.375
282.911,151.482,91.126,92.375
287.607,148.231,91.126,92.375
292.303,153.649,91.126,92.375
293.169,150.004,93.143,94.419
297.969,154.804,93.143,94.419
300.553,153.696,93.143,94.419
303.138,157.757,93.143,94.419
305.722,157.388,93.143,94.419
307.568,157.757,93.143,94.419
309.414,159.604,93.143,94.419
311.999,157.019,93.143,94.419
310.891,158.865,93.143,94.419
312.737,156.281,93.143,94.419
312.368,158.127,93.143,94.419
312.737,155.542,93.143,94.419
310.891,156.650,93.143,94.419
312.737,153.327,93.143,94.419
309.414,153.696,93.143,94.419
310.522,151.850,93.143,94.419
308.676,150.742,93.143,94.419
309.045,151.112,93.143,94.419
310.153,150.742,93.143,94.419
309.045,152.589,93.143,94.419
310.153,151.481,93.143,94.419
308.307,153.327,93.143,94.419
306.460,154.435,93.143,94.419
303.138,154.065,93.143,94.419
301.291,152.958,93.143,94.419
297.230,151.850,93.143,94.419
293.169,153.696,93.143,94.419
292.061,150.373,93.143,94.419
290.954,148.527,93.143,94.419
289.846,146.681,93.143,94.419
290.954,145.574,93.143,94.419
292.061,142.989,93.143,94.419
293.907,140.405,93.143,94.419
295.753,139.297,93.143,94.419
297.599,138.189,93.143,94.419
296.492,135.605,93.143,94.419
297.599,134.497,93.143,94.419
297.969,133.389,93.143,94.419
300.553,133.020,93.143,94.419
300.184,130.436,93.143,94.419
302.030,130.805,93.143,94.419
300.922,127.482,93.143,94.419
297.977,124.522,95.203,96.508
297.599,124.145,95.203,96.508
296.467,123.768,95.203,96.508
292.673,120.742,97.310,98.643
289.202,119.585,97.310,98.643
292.673,123.057,97.310,98.643
291.516,121.899,97.310,98.643
293.445,123.828,97.310,98.643
293.830,124.214,97.310,98.643
296.530,125.371,97.310,98.643
298.459,127.300,97.310,98.643
299.616,127.685,97.310,98.643
299.231,127.300,97.310,98.643
301.931,128.457,97.310,98.643
300.002,130.386,97.310,98.643
298.073,130.771,97.310,98.643
294.602,131.928,97.310,98.643
290.359,132.314,97.310,98.643
295.373,135.786,97.310,98.643
291.130,133.086,97.310,98.643
295.373,133.471,97.310,98.643
293.445,133.857,97.310,98.643
291.516,131.928,97.310,98.643
289.587,131.543,97.310,98.643
294.602,133.471,97.310,98.643
292.673,133.086,97.310,98.643
291.516,133.471,97.310,98.643
297.302,134.629,97.310,98.643
301.545,137.329,97.310,98.643
300.388,136.171,97.310,98.643
300.002,138.872,97.310,98.643
302.702,135.400,97.310,98.643
300.773,138.100,97.310,98.643
299.616,134.629,97.310,98.643
299.231,137.329,97.310,98.643
300.388,134.629,97.310,98.643
297.688,136.557,97.310,98.643
295.759,137.714,97.310,98.643
294.602,138.100,97.310,98.643
293.445,137.714,97.310,98.643
293.059,137.329,97.310,98.643
291.902,137.714,97.310,98.643
290.744,135.786,97.310,98.643
288.816,135.400,97.310,98.643
286.887,133.471,97.310,98.643
284.959,131.543,97.310,98.643
282.258,129.614,97.310,98.643
281.101,127.685,97.310,98.643
279.944,126.528,97.310,98.643
278.015,126.143,97.310,98.643
276.858,123.442,97.310,98.643
275.701,123.057,97.310,98.643
275.315,121.899,97.310,98.643
274.930,120.742,97.310,98.643
274.544,119.585,97.310,98.643
273.387,120.742,97.310,98.643
273.001,117.271,97.310,98.643
274.929,114.571,97.310,98.643
273.772,116.499,97.310,98.643
273.387,114.571,97.310,98.643
275.315,111.870,97.310,98.643
273.038,112.780,99.463,100.825
271.855,115.540,99.463,100.825
275.404,109.626,99.463,100.825
271.440,112.192,101.663,103.056
270.231,117.431,101.663,103.056
273.052,111.386,101.663,103.056
271.843,117.431,101.663,103.056
269.828,122.670,101.663,103.056
270.231,119.043,101.663,103.056
268.216,125.088,101.663,103.056
267.813,124.685,101.663,103.056
271.440,125.894,101.663,103.056
271.037,127.909,101.663,103.056
270.634,127.506,101.663,103.056
270.231,128.715,101.663,103.056
269.022,129.924,101.663,103.056
267.813,131.133,101.663,103.056
266.604,133.148,101.663,103.056
265.395,134.357,101.663,103.056
264.992,136.371,101.663,103.056
266.201,138.386,101.663,103.056
264.186,139.595,101.663,103.056
266.201,142.416,101.663,103.056
264.992,144.431,101.663,103.056
267.007,147.252,101.663,103.056
266.604,149.267,101.663,103.056
266.201,152.088,101.663,103.056
265.798,154.909,101.663,103.056
267.813,156.924,101.663,103.056
264.186,154.909,101.663,103.056
266.201,159.342,101.663,103.056
266.604,160.551,101.663,103.056
267.813,158.536,101.663,103.056
269.022,161.357,101.663,103.056
269.425,160.148,101.663,103.056
269.022,159.745,101.663,103.056
270.231,157.730,101.663,103.056
268.216,156.521,101.663,103.056
269.425,155.312,101.663,103.056
269.828,154.909,101.663,103.056
271.037,152.894,101.663,103.056
270.634,151.685,101.663,103.056
271.037,150.476,101.663,103.056
271.440,149.267,101.663,103.056
270.231,148.058,101.663,103.056
270.634,146.043,101.663,103.056
271.843,144.834,101.663,103.056
271.440,142.819,101.663,103.056
271.843,140.804,101.663,103.056
272.246,140.401,101.663,103.056
271.843,139.192,101.663,103.056
272.246,137.983,101.663,103.056
273.455,138.386,101.663,103.056
272.246,137.177,101.663,103.056
274.261,138.386,101.663,103.056
271.440,137.177,101.663,103.056
273.455,137.580,101.663,103.056
271.440,136.371,101.663,103.056
272.649,135.968,101.663,103.056
271.440,135.566,101.663,103.056
272.649,134.357,101.663,103.056
273.052,136.371,101.663,103.056
274.261,134.357,101.663,103.056
273.052,133.954,101.663,103.056
275.067,131.939,101.663,103.056
276.276,129.924,101.663,103.056
275.873,129.521,101.663,103.056
276.276,126.700,101.663,103.056
275.067,124.685,101.663,103.056
274.664,123.476,101.663,103.056
272.649,121.461,101.663,103.056
271.440,121.864,101.663,103.056
271.843,122.267,101.663,103.056
272.246,122.670,101.663,103.056
271.843,121.461,101.663,103.056
273.858,123.476,101.663,103.056
274.261,121.461,101.663,103.056
275.470,123.476,101.663,103.056
275.067,120.655,101.663,103.056
277.082,121.864,101.663,103.056
277.485,122.267,101.663,103.056
277.082,122.670,101.663,103.056
278.291,123.073,101.663,103.056
276.276,121.058,101.663,103.056
277.485,122.267,101.663,103.056
277.888,122.670,101.663,103.056
278.291,120.655,101.663,103.056
277.082,119.446,101.663,103.056
278.291,120.655,101.663,103.056
277.082,115.416,101.663,103.056
278.291,115.819,101.663,103.056
276.276,111.386,101.663,103.056
276.679,109.371,101.663,103.056
276.276,105.744,101.663,103.056
275.067,102.923,101.663,103.056
276.276,101.714,101.663,103.056
276.679,100.505,101.663,103.056
277.082,98.491,101.663,103.056
278.291,98.088,101.663,103.056
279.500,98.491,101.663,103.056
279.903,97.282,101.663,103.056
281.918,100.103,101.663,103.056
282.321,99.700,101.663,103.056
281.918,100.103,101.663,103.056
283.127,100.505,101.663,103.056
283.530,100.103,101.663,103.056
281.515,101.311,101.663,103.056
281.918,102.520,101.663,103.056
280.709,102.117,101.663,103.056
280.306,104.132,101.663,103.056
279.097,105.341,101.663,103.056
280.569,108.382,99.495,100.858
280.964,109.566,99.495,100.858
279.780,111.537,99.495,100.858
280.175,113.509,99.495,100.858
280.569,115.481,99.495,100.858
280.964,118.242,99.495,100.858
281.358,120.214,99.495,100.858
282.541,124.552,99.495,100.858
284.513,128.102,99.495,100.858
286.485,130.074,99.495,100.858
286.880,132.835,99.495,100.858
287.274,135.596,99.495,100.858
288.457,135.201,99.495,100.858
286.485,137.962,99.495,100.858
286.880,139.934,99.495,100.858
288.063,141.117,99.495,100.858
290.824,141.511,99.495,100.858
303.839,137.962,99.495,100.858
304.233,139.934,99.495,100.858
304.627,140.328,99.495,100.858
305.022,141.511,99.495,100.858
303.839,144.272,99.495,100.858
259.272,126.524,99.495,100.858
255.723,124.552,99.495,100.858
257.695,124.947,99.495,100.858
258.878,125.341,99.495,100.858
257.695,124.158,99.495,100.858
259.667,124.552,99.495,100.858
260.850,125.736,99.495,100.858
260.455,127.708,99.495,100.858
263.216,126.524,99.495,100.858
262.822,128.496,99.495,100.858
263.216,129.680,99.495,100.858
263.610,132.440,99.495,100.858
264.794,132.046,99.495,100.858
262.822,136.384,99.495,100.858
264.005,135.990,99.495,100.858
263.610,140.328,99.495,100.858
264.005,139.934,99.495,100.858
262.822,144.272,99.495,100.858
262.427,144.667,99.495,100.858
262.822,147.427,99.495,100.858
261.638,148.610,99.495,100.858
263.610,149.794,99.495,100.858
262.427,151.766,99.495,100.858
262.033,152.949,99.495,100.858
261.638,154.921,99.495,100.858
262.822,155.315,99.495,100.858
261.638,157.287,99.495,100.858
263.610,159.259,99.495,100.858
262.427,158.076,99.495,100.858
262.822,160.837,99.495,100.858
260.850,158.076,99.495,100.858
262.033,160.048,99.495,100.858
262.427,160.442,99.495,100.858
264.399,158.470,99.495,100.858
264.794,161.231,99.495,100.858
266.766,163.203,99.495,100.858
267.949,162.809,99.495,100.858
269.921,165.569,99.495,100.858
271.104,163.597,99.495,100.858
273.865,167.147,99.495,100.858
275.048,165.175,99.495,100.858
277.020,167.147,99.495,100.858
278.203,167.541,99.495,100.858
279.386,170.302,99.495,100.858
280.570,170.697,99.495,100.858
282.542,174.246,99.495,100.858
283.725,174.640,99.495,100.858
284.908,175.035,99.495,100.858
285.302,176.218,99.495,100.858
288.063,176.612,99.495,100.858
289.246,177.007,99.495,100.858
290.430,176.612,99.495,100.858
292.402,174.640,99.495,100.858
292.796,174.246,99.495,100.858
293.190,172.274,99.495,100.858
294.374,170.302,99.495,100.858
293.979,169.119,99.495,100.858
293.585,166.358,99.495,100.858
294.768,166.753,99.495,100.858
293.585,162.414,99.495,100.858
294.768,160.442,99.495,100.858
293.585,156.893,99.495,100.858
294.768,158.865,99.495,100.858
292.796,154.526,99.495,100.858
292.402,155.710,99.495,100.858
292.796,152.160,99.495,100.858
290.824,149.399,99.495,100.858
290.430,150.582,99.495,100.858
290.035,147.822,99.495,100.858
288.852,146.639,99.495,100.858
288.458,145.455,99.495,100.858
288.852,143.483,99.495,100.858
287.669,143.878,99.495,100.858
289.641,141.906,99.495,100.858
289.246,143.089,99.495,100.858
288.852,139.539,99.495,100.858
287.669,140.723,99.495,100.858
288.063,140.328,99.495,100.858
286.091,137.567,99.495,100.858
285.697,139.539,99.495,100.858
286.091,137.567,99.495,100.858
284.119,138.751,99.495,100.858
283.725,137.567,99.495,100.858
284.908,136.384,99.495,100.858
282.936,137.567,99.495,100.858
283.330,137.962,99.495,100.858
283.725,139.145,99.495,100.858
284.119,137.962,99.495,100.858
282.936,139.934,99.495,100.858
283.330,139.539,99.495,100.858
282.936,139.145,99.495,100.858
281.753,138.751,99.495,100.858
280.570,139.145,99.495,100.858
281.753,134.807,99.495,100.858
279.781,135.990,99.495,100.858
277.809,134.018,99.495,100.858
278.992,134.412,99.495,100.858
277.020,130.863,99.495,100.858
279.781,133.624,99.495,100.858
275.816,129.643,101.697,103.090
276.219,134.078,101.697,103.090
272.166,135.865,103.947,105.371
270.930,136.277,103.947,105.371
269.694,137.513,103.947,105.371
268.458,138.749,103.947,105.371
263.461,135.446,106.247,107.702
263.039,137.552,106.247,107.702
261.776,134.604,106.247,107.702
265.566,136.710,106.247,107.702
259.585,130.712,108.597,110.085
264.320,132.864,108.597,110.085
263.028,130.712,108.597,110.085
266.903,132.003,108.597,110.085
265.611,128.129,108.597,110.085
265.181,125.977,108.597,110.085
269.916,128.129,108.597,110.085
267.764,123.394,108.597,110.085
265.611,120.380,108.597,110.085
271.207,122.533,108.597,110.085
269.055,118.658,108.597,110.085
266.903,115.645,108.597,110.085
273.360,118.658,108.597,110.085
271.207,114.784,108.597,110.085
276.804,117.798,108.597,110.085
273.790,113.923,108.597,110.085
279.386,116.937,108.597,110.085
277.234,113.062,108.597,110.085
281.969,116.076,108.597,110.085
280.223,114.345,106.281,107.737
280.644,113.924,106.281,107.737
279.380,111.817,106.281,107.737
278.959,110.553,106.281,107.737
280.223,110.975,106.281,107.737
279.802,108.868,106.281,107.737
278.538,106.762,106.281,107.737
278.116,106.340,106.281,107.737
280.223,107.604,106.281,107.737
278.116,104.655,106.281,107.737
279.380,105.077,106.281,107.737
278.483,106.631,104.015,105.440
280.784,108.948,101.797,103.191
278.767,108.544,101.797,103.191
278.363,112.176,101.797,103.191
277.960,110.965,101.797,103.191
276.749,111.369,101.797,103.191
276.668,113.636,99.626,100.991
275.483,111.661,99.626,100.991
274.298,110.477,99.626,100.991
273.904,110.872,99.626,100.991
275.088,109.687,99.626,100.991
274.693,109.292,99.626,100.991
273.509,111.267,99.626,100.991
276.273,107.712,99.626,100.991
272.719,110.477,99.626,100.991
276.273,106.923,99.626,100.991
273.509,110.477,99.626,100.991
277.853,106.923,99.626,100.991
275.088,109.687,99.626,100.991
279.432,106.133,99.626,100.991
276.668,108.107,99.626,100.991
275.483,109.292,99.626,100.991
274.299,109.687,99.626,100.991
273.114,110.082,99.626,100.991
275.088,110.477,99.626,100.991
272.324,112.451,99.626,100.991
271.139,112.846,99.626,100.991
270.744,114.031,99.626,100.991
269.560,116.006,99.626,100.991
268.375,118.770,99.626,100.991
268.770,117.585,99.626,100.991
268.375,120.350,99.626,100.991
267.980,119.165,99.626,100.991
268.375,118.770,99.626,100.991
267.190,117.585,99.626,100.991
266.795,116.400,99.626,100.991
267.190,118.375,99.626,100.991
265.216,119.560,99.626,100.991
266.982,116.394,101.830,103.225
265.771,119.219,101.830,103.225
266.982,120.430,101.830,103.225
267.385,121.641,101.830,103.225
267.789,122.852,101.830,103.225
269.000,124.063,101.830,103.225
269.404,125.274,101.830,103.225
270.614,127.292,101.830,103.225
270.211,130.118,101.830,103.225
272.229,128.100,101.830,103.225
272.633,130.925,101.830,103.225
273.036,128.100,101.830,103.225
273.440,130.925,101.830,103.225
276.266,127.292,101.830,103.225
275.862,131.733,101.830,103.225
278.687,134.558,101.830,103.225
280.706,133.347,101.830,103.225
282.724,136.173,101.830,103.225
284.742,134.962,101.830,103.225
285.953,138.595,101.830,103.225
287.164,140.613,101.830,103.225
289.182,143.438,101.830,103.225
289.586,140.613,101.830,103.225
290.797,145.053,101.830,103.225
292.008,142.227,101.830,103.225
293.219,143.438,101.830,103.225
294.430,142.227,101.830,103.225
294.833,141.824,101.830,103.225
296.044,143.035,101.830,103.225
295.641,141.824,101.830,103.225
296.044,143.035,101.830,103.225
296.448,141.824,101.830,103.225
297.659,144.649,101.830,103.225
297.255,145.053,101.830,103.225
298.730,148.877,99.659,101.024
299.125,148.482,99.659,101.024
299.520,152.037,99.659,101.024
298.335,150.852,99.659,101.024
297.940,154.408,99.659,101.024
297.545,153.223,99.659,101.024
297.150,154.408,99.659,101.024
296.755,152.432,99.659,101.024
297.150,155.198,99.659,101.024
295.965,151.642,99.659,101.024
297.150,153.618,99.659,101.024
295.965,150.852,99.659,101.024
297.150,154.408,99.659,101.024
296.755,153.223,99.659,101.024
298.730,155.988,99.659,101.024
297.545,153.223,99.659,101.024
297.150,156.778,99.659,101.024
296.755,154.803,99.659,101.024
297.940,157.568,99.659,101.024
297.545,155.593,99.659,101.024
302.034,160.097,97.533,98.869
298.555,156.617,97.533,98.869
302.034,158.550,97.533,98.869
300.101,158.164,97.533,98.869
302.034,157.777,97.533,98.869
300.875,158.937,97.533,98.869
302.034,158.550,97.533,98.869
300.875,156.617,97.533,98.869
300.488,154.684,97.533,98.869
300.101,152.751,97.533,98.869
298.942,150.818,97.533,98.869
295.857,146.917,99.691,101.057
294.671,145.731,99.691,101.057
292.696,142.965,99.691,101.057
292.300,140.989,99.691,101.057
291.115,138.223,99.691,101.057
288.349,135.457,99.691,101.057
282.421,132.690,99.691,101.057
287.558,129.924,99.691,101.057
278.469,129.529,99.691,101.057
280.445,126.763,99.691,101.057
276.098,126.368,99.691,101.057
278.865,125.182,99.691,101.057
280.050,123.997,99.691,101.057
278.074,122.811,99.691,101.057
278.469,121.626,99.691,101.057
275.703,120.440,99.691,101.057
276.889,121.626,99.691,101.057
274.913,118.859,99.691,101.057
275.308,116.883,99.691,101.057
272.542,115.698,99.691,101.057
273.727,112.932,99.691,101.057
272.542,110.166,99.691,101.057
271.356,107.399,99.691,101.057
270.961,103.843,99.691,101.057
271.356,100.286,99.691,101.057
271.752,97.520,99.691,101.057
272.147,95.544,99.691,101.057
273.332,99.891,99.691,101.057
273.727,97.915,99.691,101.057
275.703,100.681,99.691,101.057
277.679,98.706,99.691,101.057
278.865,99.101,99.691,101.057
280.050,101.077,99.691,101.057
280.445,100.681,99.691,101.057
278.469,100.286,99.691,101.057
279.655,102.262,99.691,101.057
280.840,101.077,99.691,101.057
282.026,99.891,99.691,101.057
284.792,98.706,99.691,101.057
286.768,96.730,99.691,101.057
287.954,95.544,99.691,101.057
288.349,94.359,99.691,101.057
287.656,92.831,101.897,103.293
288.060,92.427,101.897,103.293
288.190,91.703,104.151,105.578
289.428,92.942,104.151,105.578
290.418,92.202,106.456,107.914
290.840,90.092,106.456,107.914
291.262,88.826,106.456,107.914
291.684,87.560,106.456,107.914
290.418,85.450,106.456,107.914
292.305,88.197,108.811,110.302
291.011,87.766,108.811,110.302
292.305,90.785,108.811,110.302
292.736,89.491,108.811,110.302
293.168,89.059,108.811,110.302
292.736,90.353,108.811,110.302
293.168,87.334,108.811,110.302
292.736,86.903,108.811,110.302
292.305,81.296,108.811,110.302
291.011,78.276,108.811,110.302
290.580,74.395,108.811,110.302
288.423,69.650,108.811,110.302
285.404,65.768,108.811,110.302
284.972,69.650,108.811,110.302
282.816,67.493,108.811,110.302
281.522,69.650,108.811,110.302
289.717,73.532,108.811,110.302
286.698,70.513,108.811,110.302
285.404,70.081,108.811,110.302
290.148,73.963,108.811,110.302
293.167,77.845,108.811,110.302
298.775,82.590,108.811,110.302
295.755,77.845,108.811,110.302
301.362,81.727,108.811,110.302
306.107,85.609,108.811,110.302
309.989,90.353,108.811,110.302
310.420,83.884,108.811,110.302
314.302,88.628,108.811,110.302
312.146,82.158,108.811,110.302
316.027,86.903,108.811,110.302
315.596,81.296,108.811,110.302
318.615,85.178,108.811,110.302
318.184,79.570,108.811,110.302
320.341,83.452,108.811,110.302
318.184,77.845,108.811,110.302
320.341,81.727,108.811,110.302
319.047,78.708,108.811,110.302
320.341,82.590,108.811,110.302
319.909,83.884,108.811,110.302
319.478,85.178,108.811,110.302
317.321,84.746,108.811,110.302
316.027,87.766,108.811,110.302
313.871,83.884,108.811,110.302
316.027,88.628,108.811,110.302
316.459,84.746,108.811,110.302
319.478,91.216,108.811,110.302
319.047,95.961,108.811,110.302
322.066,92.941,108.811,110.302
321.635,89.922,108.811,110.302
322.929,94.667,108.811,110.302
322.497,92.510,108.811,110.302
321.203,90.353,108.811,110.302
320.772,87.334,108.811,110.302
319.478,82.590,108.811,110.302
319.047,76.120,108.811,110.302
320.341,83.452,108.811,110.302
317.321,75.257,108.811,110.302
314.302,70.513,108.811,110.302
316.459,70.944,108.811,110.302
312.577,69.650,108.811,110.302
311.283,68.356,108.811,110.302
309.126,67.062,108.811,110.302
306.545,68.654,106.491,107.949
308.087,67.771,104.220,105.647
306.411,68.499,101.997,103.394
306.330,69.991,99.822,101.189
306.250,70.689,97.693,99.032
304.679,73.611,95.610,96.920
308.255,71.357,93.571,94.853
305.320,75.586,91.576,92.830
307.135,73.045,91.576,92.830
303.142,77.764,91.576,92.830
300.601,80.305,91.576,92.830
303.142,77.038,91.576,92.830
299.149,81.757,91.576,92.830
302.416,78.490,91.576,92.830
299.149,82.483,91.576,92.830
301.690,80.668,91.576,92.830
298.118,84.806,89.623,90.850
300.605,83.741,89.623,90.850
301.671,84.806,89.623,90.850
298.474,87.293,89.623,90.850
301.671,84.096,89.623,90.850
304.158,84.451,89.623,90.850
299.977,87.817,87.712,88.913
302.411,86.774,87.712,88.913
299.282,89.207,87.712,88.913
301.715,88.164,87.712,88.913
304.149,89.207,87.712,88.913
308.669,88.860,87.712,88.913
304.149,90.598,87.712,88.913
309.364,90.250,87.712,88.913
305.540,92.684,87.712,88.913
303.106,91.641,87.712,88.913
308.321,92.684,87.712,88.913
305.192,92.337,87.712,88.913
302.063,94.770,87.712,88.913
299.629,94.423,87.712,88.913
296.500,97.552,87.712,88.913
300.941,98.372,89.652,90.880
297.742,100.859,89.652,90.880
295.255,102.636,89.652,90.880
299.875,105.835,89.652,90.880
296.676,109.744,89.652,90.880
294.189,112.232,89.652,90.880
299.465,112.332,91.636,92.891
296.196,114.875,91.636,92.891
292.926,114.512,91.636,92.891
298.375,117.054,91.636,92.891
294.379,117.418,91.636,92.891
291.110,116.328,91.636,92.891
295.106,115.965,91.636,92.891
291.110,114.875,91.636,92.891
289.294,113.785,91.636,92.891
292.563,112.696,91.636,92.891
290.020,112.332,91.636,92.891
291.110,111.243,91.636,92.891
292.734,108.331,93.663,94.946
292.854,106.125,95.735,97.047
292.474,105.745,95.735,97.047
292.095,106.884,95.735,97.047
291.715,108.781,95.735,97.047
291.336,109.920,95.735,97.047
290.957,111.817,95.735,97.047
291.336,114.474,95.735,97.047
290.957,116.371,95.735,97.047
292.854,115.991,95.735,97.047
292.474,117.130,95.735,97.047
291.336,115.991,95.735,97.047
289.439,114.094,95.735,97.047
287.541,112.956,95.735,97.047
285.644,111.058,95.735,97.047
284.505,109.920,95.735,97.047
282.608,109.540,95.735,97.047
282.228,108.402,95.735,97.047
281.090,109.540,95.735,97.047
285.264,107.643,95.735,97.047
281.849,108.022,95.735,97.047
282.228,108.402,95.735,97.047
279.572,108.781,95.735,97.047
283.746,106.884,95.735,97.047
280.331,107.263,95.735,97.047
282.987,106.125,95.735,97.047
283.367,104.986,95.735,97.047
282.228,103.089,95.735,97.047
284.126,101.950,95.735,97.047
285.264,100.812,95.735,97.047
283.367,99.673,95.735,97.047
285.264,100.053,95.735,97.047
285.644,98.914,95.735,97.047
286.023,99.294,95.735,97.047
287.162,99.673,95.735,97.047
284.505,98.535,95.735,97.047
285.644,100.432,95.735,97.047
286.023,102.330,95.735,97.047
286.403,102.709,95.735,97.047
285.264,102.330,95.735,97.047
285.644,103.468,95.735,97.047
286.023,103.848,95.735,97.047
286.403,101.950,95.735,97.047
284.505,100.053,95.735,97.047
285.644,98.914,95.735,97.047
286.023,97.776,95.735,97.047
286.403,96.637,95.735,97.047
283.746,94.740,95.735,97.047
283.868,94.060,97.854,99.194
281.153,91.345,97.854,99.194
283.868,93.284,97.854,99.194
280.377,91.345,97.854,99.194
283.868,92.509,97.854,99.194
281.929,91.345,97.854,99.194
280.444,88.235,100.019,101.389
282.426,87.839,100.019,101.389
281.731,84.661,102.232,103.632
282.947,85.066,102.232,103.632
280.555,81.817,104.493,105.925
282.626,81.403,104.493,105.925
284.697,80.989,104.493,105.925
287.596,79.746,104.493,105.925
291.324,78.504,104.493,105.925
292.567,78.089,104.493,105.925
293.809,76.847,104.493,105.925
293.395,75.604,104.493,105.925
292.981,74.362,104.493,105.925
294.223,73.947,104.493,105.925
294.638,73.533,104.493,105.925
294.223,74.776,104.493,105.925
297.123,71.876,104.493,105.925
296.709,73.119,104.493,105.925
299.608,71.048,104.493,105.925
298.365,71.462,104.493,105.925
297.123,71.048,104.493,105.925
299.194,70.634,104.493,105.925
300.436,69.391,104.493,105.925
295.880,71.462,104.493,105.925
297.394,72.192,102.265,103.666
297.312,72.907,100.084,101.455
298.502,73.304,100.084,101.455
297.657,76.297,97.950,99.292
299.824,78.479,95.861,97.174
301.724,79.619,95.861,97.174
303.845,83.219,93.817,95.102
305.705,83.591,93.817,95.102
306.820,83.219,93.817,95.102
307.936,85.822,93.817,95.102
309.052,85.450,93.817,95.102
307.936,85.822,93.817,95.102
308.308,88.425,93.817,95.102
308.680,90.285,93.817,95.102
308.605,91.657,91.816,93.074
309.697,92.021,91.816,93.074
310.061,93.841,91.816,93.074
310.425,93.477,91.816,93.074
310.061,93.113,91.816,93.074
311.152,92.749,91.816,93.074
308.605,92.385,91.816,93.074
309.697,92.021,91.816,93.074
307.149,91.657,91.816,93.074
305.329,90.565,91.816,93.074
305.693,90.929,91.816,93.074
305.329,92.021,91.816,93.074
304.237,90.929,91.816,93.074
303.873,90.565,91.816,93.074
303.509,88.745,91.816,93.074
300.234,91.293,91.816,93.074
299.142,88.745,91.816,93.074
297.322,87.654,91.816,93.074
295.502,87.290,91.816,93.074
294.411,89.109,91.816,93.074
294.047,85.834,91.816,93.074
293.683,88.381,91.816,93.074
293.319,89.473,91.816,93.074
292.227,86.926,91.816,93.074
291.863,90.929,91.816,93.074
292.227,92.749,91.816,93.074
291.135,91.657,91.816,93.074
290.771,94.205,91.816,93.074
289.679,96.752,91.816,93.074
287.859,95.661,91.816,93.074
286.040,98.208,91.816,93.074
287.132,97.844,91.816,93.074
286.040,98.208,91.816,93.074
288.587,96.388,91.816,93.074
290.407,98.936,91.816,93.074
292.227,95.661,91.816,93.074
292.591,97.480,91.816,93.074
293.683,95.661,91.816,93.074
291.135,100.392,91.816,93.074
291.499,102.940,91.816,93.074
292.591,100.392,91.816,93.074
290.043,103.668,91.816,93.074
291.863,100.392,91.816,93.074
290.043,102.940,91.816,93.074
292.591,100.392,91.816,93.074
291.499,103.668,91.816,93.074
294.047,100.392,91.816,93.074
292.955,104.396,91.816,93.074
294.775,102.576,91.816,93.074
292.955,105.123,91.816,93.074
295.502,102.576,91.816,93.074
293.683,105.123,91.816,93.074
295.502,103.304,91.816,93.074
293.683,106.579,91.816,93.074
295.502,103.304,91.816,93.074
293.683,107.307,91.816,93.074
295.502,104.032,91.816,93.074
292.955,107.307,91.816,93.074
295.502,104.759,91.816,93.074
293.683,107.307,91.816,93.074
295.502,105.487,91.816,93.074
293.683,107.307,91.816,93.074
296.230,105.487,91.816,93.074
293.683,107.307,91.816,93.074
295.502,106.215,91.816,93.074
292.955,109.491,91.816,93.074
295.502,106.215,91.816,93.074
292.955,108.763,91.816,93.074
296.230,105.487,91.816,93.074
293.683,108.035,91.816,93.074
296.230,106.215,91.816,93.074
294.411,110.219,91.816,93.074
296.230,108.399,91.816,93.074
295.139,111.675,91.816,93.074
296.230,109.855,91.816,93.074
295.139,112.402,91.816,93.074
296.958,110.583,91.816,93.074
297.322,110.947,91.816,93.074
296.230,112.766,91.816,93.074
298.050,110.947,91.816,93.074
298.414,112.766,91.816,93.074
299.506,111.675,91.816,93.074
299.870,112.039,91.816,93.074
301.690,111.675,91.816,93.074
301.326,112.039,91.816,93.074
300.962,112.402,91.816,93.074
302.782,112.039,91.816,93.074
303.145,110.947,91.816,93.074
302.054,110.583,91.816,93.074
301.690,110.947,91.816,93.074
301.326,112.766,91.816,93.074
300.962,111.675,91.816,93.074
300.598,114.222,91.816,93.074
300.234,114.586,91.816,93.074
298.414,115.678,91.816,93.074
298.050,117.498,91.816,93.074
298.414,119.318,91.816,93.074
297.322,121.865,91.816,93.074
296.958,124.413,91.816,93.074
298.778,126.233,91.816,93.074
298.414,128.780,91.816,93.074
298.778,129.144,91.816,93.074
300.598,131.692,91.816,93.074
300.962,129.144,91.816,93.074
302.054,131.692,91.816,93.074
303.873,129.144,91.816,93.074
302.782,131.692,91.816,93.074
304.601,129.144,91.816,93.074
304.237,130.964,91.816,93.074
306.269,130.904,89.858,91.089
303.775,132.685,89.858,91.089
304.132,130.904,89.858,91.089
302.000,135.652,87.942,89.147
301.651,133.212,87.942,89.147
299.211,134.955,87.942,89.147
300.257,135.303,87.942,89.147
297.817,139.138,87.942,89.147
296.771,141.578,87.942,89.147
296.422,145.413,87.942,89.147
298.862,147.156,87.942,89.147
299.211,150.293,87.942,89.147
300.257,151.339,87.942,89.147
300.605,152.385,87.942,89.147
299.560,153.430,87.942,89.147
301.303,152.385,87.942,89.147
300.954,154.825,87.942,89.147
301.303,153.082,87.942,89.147
300.954,152.036,87.942,89.147
299.908,152.385,87.942,89.147
300.257,150.642,87.942,89.147
301.303,149.596,87.942,89.147
301.651,149.247,87.942,89.147
301.303,147.504,87.942,89.147
303.743,146.458,87.942,89.147
303.394,145.413,87.942,89.147
305.834,142.973,87.942,89.147
304.789,140.532,87.942,89.147
305.834,138.092,87.942,89.147
306.183,134.955,87.942,89.147
307.229,131.817,87.942,89.147
308.972,129.377,87.942,89.147
308.623,126.240,87.942,89.147
305.486,124.497,87.942,89.147
307.926,121.359,87.942,89.147
305.486,118.919,87.942,89.147
302.348,117.873,87.942,89.147
299.211,115.433,87.942,89.147
296.771,115.782,87.942,89.147
293.634,115.433,87.942,89.147
291.891,115.085,87.942,89.147
290.148,114.736,87.942,89.147
287.707,115.782,87.942,89.147
286.662,115.433,87.942,89.147
286.313,116.479,87.942,89.147
286.662,116.828,87.942,89.147
284.221,118.571,87.942,89.147
286.662,116.130,87.942,89.147
283.524,118.571,87.942,89.147
284.570,118.222,87.942,89.147
282.130,118.571,87.942,89.147
283.176,118.919,87.942,89.147
282.130,119.268,87.942,89.147
283.176,116.828,87.942,89.147
282.827,119.268,87.942,89.147
283.176,116.828,87.942,89.147
284.221,119.268,87.942,89.147
284.570,116.828,87.942,89.147
282.827,118.571,87.942,89.147
285.833,113.606,89.888,91.119
284.051,115.388,89.888,91.119
285.833,113.606,89.888,91.119
286.189,112.537,89.888,91.119
286.545,111.468,89.888,91.119
287.614,110.399,89.888,91.119
286.545,112.181,89.888,91.119
287.614,110.399,89.888,91.119
285.833,112.181,89.888,91.119
287.614,110.399,89.888,91.119
286.545,112.181,89.888,91.119
287.614,110.399,89.888,91.119
287.258,112.181,89.888,91.119
287.614,110.399,89.888,91.119
287.970,111.468,89.888,91.119
289.039,108.261,89.888,91.119
288.683,110.043,89.888,91.119
289.752,107.549,89.888,91.119
290.108,107.193,89.888,91.119
289.039,108.974,89.888,91.119
290.108,109.330,89.888,91.119
288.327,110.399,89.888,91.119
288.683,111.468,89.888,91.119
289.039,110.399,89.888,91.119
288.683,112.894,89.888,91.119
287.614,113.962,89.888,91.119
287.258,115.744,89.888,91.119
286.189,116.100,89.888,91.119
285.833,118.594,89.888,91.119
286.901,119.663,89.888,91.119
285.120,121.445,89.888,91.119
284.764,121.801,89.888,91.119
286.545,123.583,89.888,91.119
285.476,122.514,89.888,91.119
286.545,123.583,89.888,91.119
286.901,122.514,89.888,91.119
287.970,123.583,89.888,91.119
289.039,121.801,89.888,91.119
290.108,122.870,89.888,91.119
289.752,121.089,89.888,91.119
292.246,121.445,89.888,91.119
294.028,116.813,89.888,91.119
297.234,117.169,89.888,91.119
294.740,120.376,89.888,91.119
294.384,117.169,89.888,91.119
291.890,121.089,89.888,91.119
295.097,117.169,89.888,91.119
295.951,119.488,91.876,93.135
294.858,121.309,91.876,93.135
296.679,120.217,91.876,93.135
297.043,117.667,91.876,93.135
298.136,116.575,91.876,93.135
297.043,116.211,91.876,93.135
299.592,118.031,91.876,93.135
299.957,116.211,91.876,93.135
301.778,118.760,91.876,93.135
303.599,117.667,91.876,93.135
304.691,120.217,91.876,93.135
306.512,121.309,91.876,93.135
309.061,121.673,91.876,93.135
311.611,120.581,91.876,93.135
313.432,122.402,91.876,93.135
315.253,124.223,91.876,93.135
317.802,122.402,91.876,93.135
319.623,124.223,91.876,93.135
321.444,122.402,91.876,93.135
321.080,122.766,91.876,93.135
322.172,119.488,91.876,93.135
321.080,118.396,91.876,93.135
319.987,118.760,91.876,93.135
321.080,115.482,91.876,93.135
317.802,115.846,91.876,93.135
318.166,113.297,91.876,93.135
314.889,115.118,91.876,93.135
313.796,111.112,91.876,93.135
311.247,110.019,91.876,93.135
308.697,107.470,91.876,93.135
307.605,104.921,91.876,93.135
304.327,106.013,91.876,93.135
303.234,102.735,91.876,93.135
301.413,101.643,91.876,93.135
299.592,101.279,91.876,93.135
298.500,102.371,91.876,93.135
296.679,102.735,91.876,93.135
294.858,103.828,91.876,93.135
293.765,104.192,91.876,93.135
291.944,106.013,91.876,93.135
291.580,106.377,91.876,93.135
289.759,108.927,91.876,93.135
289.395,107.834,91.876,93.135
286.846,110.383,91.876,93.135
287.938,110.748,91.876,93.135
286.846,110.383,91.876,93.135
286.481,112.933,91.876,93.135
286.846,110.383,91.876,93.135
287.938,111.476,91.876,93.135
289.759,108.927,91.876,93.135
288.667,115.118,91.876,93.135
289.759,113.297,91.876,93.135
292.309,117.303,91.876,93.135
294.130,116.939,91.876,93.135
294.494,119.488,91.876,93.135
296.315,119.124,91.876,93.135
298.136,120.945,91.876,93.135
299.228,120.581,91.876,93.135
301.049,122.402,91.876,93.135
302.870,124.223,91.876,93.135
303.234,122.402,91.876,93.135
302.142,124.951,91.876,93.135
303.234,122.402,91.876,93.135
302.142,124.951,91.876,93.135
303.234,122.402,91.876,93.135
302.870,123.494,91.876,93.135
305.419,120.945,91.876,93.135
305.055,122.766,91.876,93.135
306.876,121.673,91.876,93.135
305.784,122.766,91.876,93.135
306.876,121.673,91.876,93.135
306.512,123.494,91.876,93.135
306.148,122.402,91.876,93.135
304.327,124.951,91.876,93.135
303.963,123.859,91.876,93.135
302.870,125.680,91.876,93.135
301.049,123.859,91.876,93.135
299.228,124.951,91.876,93.135
297.407,123.130,91.876,93.135
296.315,124.951,91.876,93.135
295.950,122.402,91.876,93.135
296.315,124.223,91.876,93.135
295.950,122.402,91.876,93.135
297.043,124.223,91.876,93.135
298.136,123.130,91.876,93.135
297.043,124.951,91.876,93.135
299.592,124.587,91.876,93.135
298.500,124.951,91.876,93.135
298.864,125.315,91.876,93.135
299.228,126.408,91.876,93.135
298.136,125.315,91.876,93.135
298.500,127.136,91.876,93.135
299.592,126.044,91.876,93.135
298.500,127.136,91.876,93.135
298.136,127.501,91.876,93.135
297.771,127.136,91.876,93.135
298.864,128.957,91.876,93.135
297.771,127.136,91.876,93.135
298.136,128.229,91.876,93.135
297.043,127.865,91.876,93.135
298.136,127.501,91.876,93.135
296.315,127.136,91.876,93.135
297.407,128.229,91.876,93.135
296.315,128.593,91.876,93.135
296.679,126.772,91.876,93.135
297.043,128.593,91.876,93.135
297.407,126.772,91.876,93.135
295.586,128.593,91.876,93.135
296.679,126.772,91.876,93.135
295.586,127.865,91.876,93.135
295.950,127.501,91.876,93.135
295.586,127.136,91.876,93.135
293.765,128.957,91.876,93.135
294.130,130.050,91.876,93.135
291.580,131.142,91.876,93.135
289.759,133.692,91.876,93.135
287.938,134.056,91.876,93.135
285.389,136.605,91.876,93.135
283.568,138.426,91.876,93.135
284.661,140.976,91.876,93.135
284.296,142.797,91.876,93.135
282.475,144.618,91.876,93.135
282.840,146.439,91.876,93.135
283.204,148.260,91.876,93.135
282.111,150.809,91.876,93.135
283.204,149.716,91.876,93.135
283.568,150.809,91.876,93.135
283.204,151.173,91.876,93.135
282.840,152.266,91.876,93.135
283.932,151.901,91.876,93.135
282.840,150.809,91.876,93.135
281.747,149.716,91.876,93.135
279.198,150.081,91.876,93.135
276.648,151.173,91.876,93.135
277.741,152.266,91.876,93.135
275.920,151.901,91.876,93.135
275.556,151.537,91.876,93.135
273.006,151.173,91.876,93.135
274.827,152.266,91.876,93.135
272.278,152.630,91.876,93.135
271.185,152.994,91.876,93.135
270.821,154.087,91.876,93.135
271.914,154.451,91.876,93.135
272.278,154.815,91.876,93.135
271.914,155.908,91.876,93.135
273.735,156.272,91.876,93.135
275.556,157.364,91.876,93.135
275.920,157.729,91.876,93.135
277.741,155.908,91.876,93.135
278.833,154.087,91.876,93.135
280.654,153.722,91.876,93.135
281.019,151.901,91.876,93.135
282.111,150.809,91.876,93.135
281.747,147.531,91.876,93.135
282.840,147.895,91.876,93.135
283.204,148.260,91.876,93.135
283.568,146.439,91.876,93.135
284.661,144.618,91.876,93.135
285.025,144.982,91.876,93.135
286.117,143.161,91.876,93.135
285.025,141.340,91.876,93.135
284.661,141.704,91.876,93.135
283.568,138.426,91.876,93.135
282.475,136.605,91.876,93.135
281.383,134.784,91.876,93.135
279.562,132.963,91.876,93.135
277.741,132.599,91.876,93.135
275.920,131.507,91.876,93.135
275.556,130.414,91.876,93.135
275.192,131.507,91.876,93.135
274.827,129.686,91.876,93.135
274.463,131.507,91.876,93.135
274.827,129.686,91.876,93.135
274.463,128.593,91.876,93.135
273.371,126.772,91.876,93.135
271.221,126.120,93.909,95.196
269.023,123.908,95.987,97.302
267.882,126.571,95.987,97.302
267.501,128.474,95.987,97.302
271.687,130.376,95.987,97.302
269.784,132.279,95.987,97.302
267.121,133.420,95.987,97.302
256.087,136.844,95.987,97.302
254.184,140.269,95.987,97.302
272.828,138.366,95.987,97.302
279.296,134.942,95.987,97.302
285.004,128.474,95.987,97.302
283.101,134.181,95.987,97.302
288.048,127.713,95.987,97.302
286.145,132.659,95.987,97.302
291.091,123.908,95.987,97.302
294.516,116.679,95.987,97.302
294.896,111.732,95.987,97.302
298.321,107.547,95.987,97.302
297.940,105.645,95.987,97.302
299.082,106.025,95.987,97.302
300.223,104.884,95.987,97.302
302.125,106.025,95.987,97.302
302.506,107.167,95.987,97.302
304.408,106.786,95.987,97.302
304.028,107.927,95.987,97.302
305.169,105.264,95.987,97.302
304.789,107.167,95.987,97.302
307.452,104.503,95.987,97.302
308.594,107.167,95.987,97.302
310.496,105.264,95.987,97.302
313.160,107.167,95.987,97.302
315.823,106.786,95.987,97.302
316.204,109.449,95.987,97.302
315.823,112.113,95.987,97.302
315.443,113.254,95.987,97.302
314.301,115.157,95.987,97.302
313.160,114.776,95.987,97.302
308.545,113.305,98.111,99.455
306.600,112.916,98.111,99.455
303.878,114.861,98.111,99.455
300.775,110.129,100.281,101.655
299.254,107.767,102.500,103.904
297.698,104.510,104.768,106.203
295.246,104.628,107.086,108.553
294.822,106.750,107.086,108.553
296.095,105.477,107.086,108.553
294.822,109.297,107.086,108.553
294.398,110.571,107.086,108.553
294.822,112.693,107.086,108.553
293.549,114.815,107.086,108.553
292.275,116.938,107.086,108.553
293.008,120.141,104.802,106.238
295.085,121.387,104.802,106.238
294.200,124.522,102.567,103.972
293.794,125.742,102.567,103.972
297.453,122.083,102.567,103.972
295.420,124.929,102.567,103.972
295.013,126.962,102.567,103.972
293.794,125.742,102.567,103.972
292.574,127.775,102.567,103.972
291.354,129.808,102.567,103.972
294.200,126.962,102.567,103.972
292.981,129.808,102.567,103.972
292.574,131.840,102.567,103.972
297.046,129.808,102.567,103.972
295.013,131.027,102.567,103.972
293.794,132.247,102.567,103.972
293.387,131.027,102.567,103.972
292.980,132.247,102.567,103.972
291.761,130.214,102.567,103.972
290.541,133.060,102.567,103.972
290.134,131.840,102.567,103.972
288.915,135.500,102.567,103.972
287.695,135.093,102.567,103.972
288.397,139.728,100.380,101.755
287.203,138.535,100.380,101.755
287.601,141.320,100.380,101.755
287.203,140.126,100.380,101.755
288.657,143.129,98.239,99.585
289.825,144.297,98.239,99.585
289.436,143.908,98.239,99.585
289.046,145.855,98.239,99.585
290.469,147.292,96.144,97.461
290.088,146.149,96.144,97.461
288.183,146.530,96.144,97.461
288.106,146.467,94.094,95.383
285.495,145.348,94.094,95.383
282.884,143.483,94.094,95.383
284.966,142.703,92.087,93.349
282.410,142.338,92.087,93.349
283.506,141.242,92.087,93.349
281.680,139.417,92.087,93.349
282.776,139.052,92.087,93.349
281.680,136.497,92.087,93.349
282.045,135.402,92.087,93.349
282.410,134.307,92.087,93.349
282.045,133.212,92.087,93.349
280.950,131.387,92.087,93.349
280.585,129.562,92.087,93.349
280.220,127.736,92.087,93.349
279.855,125.911,92.087,93.349
278.760,123.356,92.087,93.349
278.395,123.721,92.087,93.349
279.490,121.896,92.087,93.349
276.935,120.071,92.087,93.349
278.030,121.896,92.087,93.349
276.205,120.801,92.087,93.349
276.570,123.356,92.087,93.349
274.745,121.531,92.087,93.349
275.110,122.626,92.087,93.349
275.475,120.801,92.087,93.349
274.380,120.436,92.087,93.349
276.205,119.341,92.087,93.349
275.110,118.976,92.087,93.349
274.745,117.150,92.087,93.349
273.650,117.516,92.087,93.349
273.285,117.150,92.087,93.349
273.650,115.325,92.087,93.349
271.825,117.150,92.087,93.349
272.920,115.325,92.087,93.349
273.285,118.611,92.087,93.349
272.920,116.055,92.087,93.349
274.015,120.071,92.087,93.349
273.650,116.785,92.087,93.349
274.745,121.531,92.087,93.349
275.840,124.086,92.087,93.349
276.205,122.261,92.087,93.349
278.030,125.546,92.087,93.349
276.935,125.181,92.087,93.349
278.030,127.736,92.087,93.349
278.395,128.831,92.087,93.349
279.490,126.276,92.087,93.349
279.855,128.831,92.087,93.349
280.220,126.276,92.087,93.349
281.315,128.101,92.087,93.349
281.680,127.736,92.087,93.349
282.045,128.831,92.087,93.349
282.410,127.006,92.087,93.349
283.506,128.101,92.087,93.349
283.871,128.466,92.087,93.349
284.966,129.562,92.087,93.349
286.061,131.387,92.087,93.349
287.886,131.752,92.087,93.349
288.251,133.577,92.087,93.349
289.346,133.942,92.087,93.349
289.711,132.117,92.087,93.349
288.616,131.752,92.087,93.349
287.521,130.657,92.087,93.349
285.696,129.562,92.087,93.349
284.601,127.736,92.087,93.349
282.775,125.181,92.087,93.349
281.680,122.626,92.087,93.349
280.585,122.261,92.087,93.349
278.430,119.335,94.125,95.414
278.057,118.215,94.125,95.414
276.938,119.335,94.125,95.414
274.735,116.344,96.207,97.525
274.354,115.962,96.207,97.525
271.311,114.488,98.336,99.683
265.775,112.981,100.512,101.888
260.943,110.613,102.735,104.143
254.314,109.039,105.008,106.447
250.568,106.125,105.008,106.447
243.792,102.788,107.332,108.802
237.749,99.377,109.706,111.209
232.965,95.464,109.706,111.209
226.789,91.075,112.134,113.670
220.475,87.512,114.615,116.185
218.204,82.514,114.615,116.185
215.932,77.517,114.615,116.185
213.250,72.932,117.151,118.755
215.572,68.752,117.151,118.755
217.894,65.502,117.151,118.755
220.216,62.251,117.151,118.755
221.609,59.929,117.151,118.755
223.002,56.679,117.151,118.755
223.466,54.357,117.151,118.755
224.860,52.035,117.151,118.755
223.082,53.130,119.742,121.383
223.556,56.453,119.742,121.383
224.980,61.674,119.742,121.383
225.455,68.794,119.742,121.383
232.575,74.964,119.742,121.383
205.520,66.895,119.742,121.383
202.197,67.370,119.742,121.383
203.621,65.946,119.742,121.383
204.096,63.572,119.742,121.383
199.824,59.300,119.742,121.383
200.298,53.130,119.742,121.383
201.722,46.959,119.742,121.383
203.146,40.789,119.742,121.383
207.418,35.568,119.742,121.383
210.741,31.296,119.742,121.383
213.114,27.024,119.742,121.383
218.335,22.752,119.742,121.383
221.658,20.379,119.742,121.383
224.980,16.107,119.742,121.383
228.303,13.734,119.742,121.383
230.676,12.310,119.742,121.383
232.799,8.505,122.392,124.068
235.225,10.931,122.392,124.068
236.680,8.505,122.392,124.068
238.135,8.020,122.392,124.068
286.166,29.852,122.392,124.068
291.503,30.337,122.392,124.068
294.899,27.911,122.392,124.068
292.473,25.485,122.392,124.068
293.928,23.059,122.392,124.068
291.503,20.634,122.392,124.068
293.928,19.178,122.392,124.068
293.443,17.723,122.392,124.068
293.928,22.089,122.392,124.068
