302.000,135.000,67.000,81.000
301.709,138.783,67.000,81.000
299.672,144.312,67.000,81.000
299.963,149.842,67.000,81.000
302.000,151.879,67.000,81.000
304.037,149.260,67.000,81.000
304.910,147.805,67.000,81.000
307.529,146.349,67.000,81.000
307.820,148.969,67.000,81.000
310.439,152.170,67.000,81.000
313.058,155.953,67.000,81.000
315.638,155.963,68.482,82.792
322.480,150.906,68.482,82.792
328.131,144.065,68.482,82.792
332.593,138.413,68.482,82.792
337.055,134.546,68.482,82.792
336.163,132.464,68.482,82.792
336.948,135.560,69.998,84.624
338.382,132.416,71.546,86.496
342.422,126.511,71.546,86.496
347.083,121.228,71.546,86.496
351.123,114.081,71.546,86.496
354.541,109.420,71.546,86.496
358.581,112.216,71.546,86.496
366.971,119.364,71.546,86.496
380.956,132.105,71.546,86.496
385.000,133.405,73.129,88.410
380.871,131.817,73.129,88.410
367.213,118.159,73.129,88.410
354.190,100.053,73.129,88.410
346.884,90.842,73.129,88.410
341.484,84.807,73.129,88.410
339.261,83.854,73.129,88.410
338.308,86.713,73.129,88.410
343.073,97.830,73.129,88.410
343.911,103.772,74.747,90.366
349.484,109.846,76.401,92.365
365.509,123.629,78.091,94.409
367.109,124.344,79.819,96.498
361.908,114.290,79.819,96.498
360.868,110.476,79.819,96.498
355.668,94.182,79.819,96.498
355.321,86.901,79.819,96.498
357.748,85.168,79.819,96.498
355.067,90.935,81.585,98.633
353.796,94.623,83.390,100.815
357.129,99.538,81.612,98.665
340.412,87.046,83.418,100.848
337.876,70.741,83.418,100.848
299.108,33.422,83.418,100.848
306.079,25.916,85.263,103.079
308.059,23.089,83.445,100.881
300.448,-14.243,83.445,100.881
297.186,-23.304,83.445,100.881
299.723,-9.893,83.445,100.881
302.936,-8.377,85.291,103.113
298.120,-24.307,85.291,103.113
306.641,-10.600,85.291,103.113
313.679,15.703,85.291,103.113
317.014,40.523,85.291,103.113
323.279,46.265,83.472,100.914
314.456,38.001,85.319,103.147
298.521,30.960,85.319,103.147
284.810,-0.539,85.319,103.147
273.933,-19.084,83.500,100.947
272.845,-23.074,83.500,100.947
275.383,-20.535,83.500,100.947
277.197,-14.370,83.500,100.947
281.917,-2.317,85.347,103.181
290.443,14.365,85.347,103.181
297.576,42.069,87.235,105.464
304.775,70.487,87.235,105.464
314.248,76.928,87.235,105.464
309.700,85.722,85.375,103.215
306.362,58.652,85.375,103.215
297.833,21.199,85.375,103.215
289.808,-10.226,83.554,101.013
282.913,-28.009,83.554,101.013
277.469,-26.194,83.554,101.013
278.558,-20.751,83.554,101.013
280.372,-8.049,83.554,101.013
274.553,-0.506,85.403,103.248
280.859,25.089,85.403,103.248
285.681,39.556,85.403,103.248
291.955,46.020,83.582,101.047
288.688,51.466,83.582,101.047
285.127,65.037,85.431,103.282
274.950,74.364,83.609,101.080
269.891,87.693,81.826,98.924
273.801,105.108,81.826,98.924
273.646,126.374,80.081,96.815
272.823,143.834,78.373,94.750
277.249,170.046,78.373,94.750
281.674,179.918,78.373,94.750
278.900,177.319,76.702,92.729
274.941,171.800,78.399,94.781
279.368,170.778,78.399,94.781
283.114,169.076,78.399,94.781
280.996,175.009,76.727,92.760
283.328,172.677,76.727,92.760
283.825,170.132,75.091,90.782
288.070,177.588,76.752,92.790
276.357,164.760,75.116,90.811
279.927,156.647,76.778,92.821
336.352,167.601,75.140,90.841
324.277,155.526,75.140,90.841
321.339,159.116,75.140,90.841
324.343,162.915,73.538,88.904
303.977,147.682,75.165,90.871
316.422,159.665,73.562,88.933
302.683,136.340,73.562,88.933
306.197,150.079,73.562,88.933
300.766,151.038,73.562,88.933
303.641,157.748,73.562,88.933
303.322,161.262,73.562,88.933
297.251,167.972,73.562,88.933
298.209,162.540,73.562,88.933
285.109,141.772,73.562,88.933
289.897,154.115,71.993,87.037
277.705,152.933,70.458,85.181
274.031,103.401,68.955,83.364
271.935,127.062,68.955,83.364
297.992,159.110,68.955,83.364
300.171,190.310,67.485,81.586
303.998,177.901,66.046,79.846
301.416,160.402,66.046,79.846
305.715,165.954,64.637,78.144
310.463,170.305,63.259,76.477
296.365,130.405,64.659,78.169
217.853,89.622,66.089,79.899
218.281,79.130,64.680,78.195
224.657,56.947,63.300,76.527
220.297,84.529,61.951,74.895
215.722,93.947,61.951,74.895
214.915,100.136,61.951,74.895
217.875,93.947,61.951,74.895
221.907,92.930,60.629,73.298
224.804,66.332,60.629,73.298
225.197,77.013,59.336,71.735
228.562,72.064,58.071,70.205
224.274,75.848,58.071,70.205
226.040,50.877,58.071,70.205
223.769,48.607,58.071,70.205
218.473,106.368,58.071,70.205
211.662,103.089,58.071,70.205
202.834,105.359,58.071,70.205
197.033,108.133,58.071,70.205
264.379,149.751,58.071,70.205
258.073,146.472,58.071,70.205
292.628,148.742,58.071,70.205
295.907,143.950,58.071,70.205
361.438,184.326,56.833,68.708
429.190,129.527,58.090,70.228
415.720,145.242,59.375,71.782
418.542,155.418,60.689,73.370
407.207,159.372,60.689,73.370
409.124,157.360,59.395,71.806
390.114,160.363,58.128,70.274
388.057,148.215,56.889,68.776
391.283,129.657,55.675,67.309
396.438,156.762,56.907,68.798
406.336,161.545,55.694,67.331
341.748,174.366,55.694,67.331
292.157,166.383,55.694,67.331
294.334,170.496,55.694,67.331
299.898,169.286,55.694,67.331
311.752,173.399,55.694,67.331
320.972,176.215,54.506,65.895
332.573,164.614,54.506,65.895
337.619,168.552,55.712,67.353
347.541,177.022,55.712,67.353
343.660,163.473,56.945,68.844
348.320,160.631,55.730,67.375
353.348,172.315,54.542,65.939
365.903,130.383,54.542,65.939
377.038,105.983,54.542,65.939
378.761,129.291,53.379,64.532
385.485,111.903,53.379,64.532
389.426,110.280,53.379,64.532
392.904,119.785,53.379,64.532
403.082,110.417,52.240,63.156
405.607,111.747,51.126,61.809
402.276,114.190,51.126,61.809
395.392,173.037,51.126,61.809
401.832,165.265,51.126,61.809
409.869,181.549,50.036,60.491
412.259,192.633,50.036,60.491
416.389,197.631,50.036,60.491
425.299,152.644,50.036,60.491
421.605,156.773,50.036,60.491
426.168,125.695,50.036,60.491
422.474,109.830,50.036,60.491
416.095,105.238,48.969,59.201
413.330,106.727,48.969,59.201
410.139,122.254,48.969,59.201
350.678,165.071,50.052,60.511
348.069,179.756,48.985,59.221
349.133,187.628,48.985,59.221
356.422,190.925,47.940,57.958
355.798,186.553,47.940,57.958
352.496,182.956,46.918,56.722
405.048,172.757,45.918,55.512
396.470,162.832,46.933,56.740
394.635,154.474,46.933,56.740
393.208,157.124,46.933,56.740
392.189,167.113,46.933,56.740
389.131,172.617,46.933,56.740
387.863,190.316,45.933,55.530
387.391,199.562,44.953,54.346
379.399,196.732,45.948,55.549
375.080,181.743,44.968,54.364
369.806,171.391,44.968,54.364
367.838,164.629,44.009,53.205
364.589,165.585,44.009,53.205
360.957,169.599,44.009,53.205
358.854,178.583,44.009,53.205
356.369,186.420,44.009,53.205
355.917,173.906,43.070,52.070
358.360,175.724,42.152,50.960
387.837,161.992,42.152,50.960
387.051,169.418,41.253,49.873
384.555,161.833,40.373,48.809
382.788,159.480,39.512,47.769
385.019,153.816,39.512,47.769
382.445,150.899,39.512,47.769
377.738,149.589,38.670,46.750
379.931,152.192,37.845,45.753
379.767,155.315,37.845,45.753
378.945,158.767,37.845,45.753
378.123,159.260,37.845,45.753
378.616,159.095,37.845,45.753
378.452,157.287,37.845,45.753
380.260,152.849,37.845,45.753
380.822,148.425,37.038,44.777
383.543,145.336,36.248,43.822
389.848,179.948,35.475,42.888
390.968,181.445,34.719,41.973
392.929,184.008,34.719,41.973
389.259,186.830,35.487,42.902
386.468,183.956,36.272,43.851
383.942,181.673,37.074,44.821
381.694,183.349,37.895,45.813
382.812,181.989,38.733,46.827
386.048,184.089,39.590,47.863
387.573,187.306,40.466,48.922
385.849,191.688,41.361,50.004
383.714,187.221,42.276,51.110
383.437,176.177,43.212,52.241
340.456,135.449,43.212,52.241
338.016,137.889,43.212,52.241
336.327,141.079,43.212,52.241
336.514,145.396,43.212,52.241
338.204,148.587,43.212,52.241
339.893,145.396,43.212,52.241
338.364,137.089,42.290,51.127
335.805,128.959,41.388,50.037
334.546,115.476,41.388,50.037
334.366,111.341,41.388,50.037
333.827,112.959,41.388,50.037
333.056,116.092,40.506,48.970
332.176,128.583,40.506,48.970
330.085,131.510,41.402,50.053
327.575,131.516,42.318,51.161
324.082,122.509,42.318,51.161
321.325,114.973,42.318,51.161
317.615,106.588,43.254,52.293
318.555,105.273,43.254,52.293
317.239,108.843,43.254,52.293
317.052,112.788,43.254,52.293
319.494,122.746,43.254,52.293
320.433,131.951,43.254,52.293
318.590,135.466,44.211,53.449
320.319,136.426,44.211,53.449
322.431,134.698,44.211,53.449
319.935,133.738,44.211,53.449
320.043,130.158,45.190,54.632
322.191,126.499,46.189,55.841
324.799,128.305,46.189,55.841
328.242,127.479,47.211,57.076
333.779,121.122,47.211,57.076
336.855,119.277,47.211,57.076
337.880,115.791,47.211,57.076
335.215,104.922,47.211,57.076
326.807,107.588,47.211,57.076
324.741,111.952,46.204,55.859
332.568,92.485,46.204,55.859
333.571,87.067,46.204,55.859
334.976,85.261,46.204,55.859
281.392,130.415,46.204,55.859
283.172,132.504,47.227,57.095
280.734,129.957,48.272,58.358
288.072,125.973,48.272,58.358
292.475,120.732,48.272,58.358
293.029,116.388,49.340,59.649
295.827,115.991,48.287,58.377
295.735,119.646,47.258,57.132
296.437,124.806,46.250,55.914
293.022,128.623,46.250,55.914
292.018,131.636,46.250,55.914
289.219,132.813,45.264,54.722
292.561,130.650,45.264,54.722
296.644,123.465,44.298,53.555
301.070,122.118,44.298,53.555
302.417,119.616,44.298,53.555
303.324,115.630,45.278,54.740
300.987,124.615,46.280,55.951
299.982,128.032,46.280,55.951
297.176,130.958,47.304,57.189
299.436,134.040,47.304,57.189
304.161,136.711,47.304,57.189
306.844,134.351,46.295,55.969
311.020,130.102,45.308,54.776
313.579,125.576,45.308,54.776
338.910,103.967,44.342,53.607
341.054,103.982,43.396,52.464
340.488,103.416,43.396,52.464
339.679,111.424,42.471,51.345
341.732,116.773,41.565,50.250
317.640,131.403,40.679,49.179
316.049,129.813,40.679,49.179
315.632,124.377,39.811,48.130
314.890,117.057,38.962,47.104
316.773,111.198,38.131,46.099
316.276,110.369,38.131,46.099
315.117,110.866,38.131,46.099
311.430,116.371,38.975,47.119
308.214,122.296,38.975,47.119
309.060,128.221,38.975,47.119
308.007,126.276,38.144,46.114
305.191,120.145,38.144,46.114
305.118,117.284,37.331,45.131
304.422,115.108,36.534,44.168
303.312,113.680,36.534,44.168
304.466,115.833,35.755,43.227
303.379,117.852,35.755,43.227
303.223,123.909,35.755,43.227
304.621,131.208,35.755,43.227
306.965,138.948,36.546,44.183
306.589,139.878,35.767,43.241
308.019,136.595,35.004,42.319
307.563,133.098,35.004,42.319
309.235,129.601,35.004,42.319
311.820,129.145,35.004,42.319
313.188,126.865,35.004,42.319
313.948,127.929,35.004,42.319
315.317,130.818,35.004,42.319
317.597,132.186,35.004,42.319
319.878,130.818,35.004,42.319
320.030,132.186,35.004,42.319
322.007,130.210,35.004,42.319
324.287,130.362,35.004,42.319
340.463,118.378,35.779,43.255
337.971,116.126,36.570,44.212
334.227,119.200,35.791,43.269
330.652,119.356,35.791,43.269
326.454,121.066,35.791,43.269
324.589,124.674,35.027,42.346
323.524,122.087,35.027,42.346
323.067,119.805,35.027,42.346
322.306,119.957,35.027,42.346
321.947,119.382,34.280,41.443
321.202,121.318,34.280,41.443
320.458,123.849,34.280,41.443
319.118,125.487,34.280,41.443
318.373,126.827,34.280,41.443
319.416,121.914,34.280,41.443
301.271,99.056,35.039,42.360
301.357,98.429,35.814,43.297
305.868,96.096,35.814,43.297
299.501,98.361,36.606,44.255
300.910,108.923,37.416,45.235
328.701,97.060,37.416,45.235
332.389,103.651,36.618,44.270
334.775,105.083,36.618,44.270
335.570,107.150,36.618,44.270
337.956,106.037,36.618,44.270
343.405,107.582,35.837,43.326
349.476,108.672,35.837,43.326
360.528,114.742,35.837,43.326
366.599,117.077,35.837,43.326
371.113,123.770,35.837,43.326
371.524,116.670,36.630,44.284
369.774,104.737,36.630,44.284
372.160,111.579,36.630,44.284
374.228,119.056,36.630,44.284
374.069,125.261,36.630,44.284
395.548,113.965,36.630,44.284
396.344,122.079,36.630,44.284
389.821,124.148,36.630,44.284
389.444,122.626,35.849,43.340
391.478,121.738,35.085,42.416
394.055,124.393,34.337,41.511
