0.12837338
0.04717302
0.00498796
0.00499964
0.00600028
0.00600767
0.00499916
0.00499034
0.00500083
0.00500345
0.00500035
0.00500154
0.00500441
0.00514507
0.00600052
0.00499964
0.00499964
0.00499415
0.00500011
0.00499368
0.00500011
0.00499916
0.00500774
0.00499964
0.00499153
0.00499272
0.00499153
0.00450325
0.00600123
0.00499845
0.00542736
0.00499868
0.00500059
0.00499964
0.00499773
0.00500011
0.00502610
0.00499129
0.00499988
0.00399971
0.00495911
0.00399089
0.00422549
0.00399923
0.00399923
0.00400162
0.00399709
0.00399947
0.00507379
0.00453305
0.00500894
0.00391889
0.00519061
0.00398707
0.00399113
0.00399089
0.00400591
0.00399923
0.00299954
0.00500011
0.00399971
0.00399947
0.00449300
0.00399971
0.00582743
0.00399923
0.00399971
0.00399947
0.00399947
0.00399995
0.00399971
0.00500059
0.00500131
0.00499988
0.00499964
0.00500107
0.00400019
0.00500655
0.00449967
0.00400352
0.00399923
0.00399899
0.00500178
0.00399923
0.00450373
0.00399971
0.00399923
0.00399923
0.00500703
0.00511861
0.00397801
0.00550675
0.00399923
0.00399208
0.00399470
0.00399470
0.00499511
0.00447035
0.00499606
0.00399137
0.00494218
0.00399208
0.00399160
0.00399995
0.00400019
0.00399923
0.00399971
0.00399637
0.00399971
0.00399327
0.00399542
0.00500178
0.00399947
0.00500035
0.00412321
0.00500083
0.00500011
0.00499940
0.00500178
0.00499964
0.00399542
0.00399923
0.00399208
0.00352979
0.00399089
0.00500441
0.00500512
0.00500298
0.00499964
0.00412989
0.00500011
0.00499988
0.00400162
0.00399971
0.00399375
0.00399160
0.00500107
0.00500321
0.00399947
0.00450683
0.00500035
0.00399685
0.00400662
0.00400019
0.00399923
0.00399828
0.00500011
0.00500083
0.00399899
0.00399113
0.00399995
0.00398898
0.00399947
0.00399041
0.00399065
0.00399113
0.00409865
0.00399995
0.00398898
0.00399065
0.00407386
0.00499725
0.00499749
0.00500512
0.00500584
0.00499225
0.00499701
0.00499988
0.00499177
0.00399995
0.00419259
0.00400472
0.00451326
0.00398898
0.00499153
0.00499821
0.00400543
0.00447297
0.00482726
0.00500107
0.00499010
0.00500035
0.00499940
0.00399923
0.00499916
0.00499988
0.00399899
0.00399923
0.00399089
0.00451398
0.00399947
0.00399995
0.00399947
0.00534368
0.00499988
0.00601411
0.00399089
0.00500011
0.00499797
0.00500011
0.00500035
0.00398922
0.00399947
0.00400066
0.00397897
0.00400019
0.00399065
0.00509787
0.00500965
0.00399923
0.00400138
0.00399971
0.00401831
0.00399971
0.00398827
0.00500703
0.00499797
0.00499177
0.00498962
0.00499940
0.00531387
0.00399947
0.00450826
0.00498939
0.00500083
0.00500011
0.00399923
0.00548172
0.00399947
0.00399852
0.00499058
0.00500011
0.00500488
0.00500035
0.00499988
0.00404334
0.00400066
0.00442195
0.00450301
0.00398803
0.00500011
0.00398993
0.00423002
0.00398922
0.00399113
0.00399828
0.00399899
0.00399947
0.00399971
0.00399947
0.00399947
0.00399971
0.00399995
0.00399923
0.00399423
0.00449371
0.00501990
0.00518847
0.00399923
0.00399089
0.00399995
0.00399041
0.00399971
0.00414944
0.00432491
0.00513244
0.00499964
0.00500011
0.00500035
0.00400329
0.00398850
0.00452280
0.00399137
0.00399947
0.00399923
0.00398874
0.00400138
0.00399923
0.00399041
0.00399065
0.00499964
0.00451422
0.00499153
0.00399947
0.00399947
0.00399184
0.00399971
0.00400090
0.00450325
0.00499988
0.00398898
0.00435996
0.00500011
0.00500441
0.00499940
0.00500679
0.00500631
0.00399923
0.00399923
0.00499964
0.00500989
0.00500059
0.00399351
0.00399923
0.00420833
0.00400019
0.00399947
0.00399804
0.00399876
0.00433016
0.00399947
0.00399852
0.00399232
0.00399947
0.00399375
0.00499225
0.00542378
0.00499582
0.00500035
0.00501037
0.00500011
0.00450373
0.00399971
0.00400186
0.00399184
0.00408006
0.00399923
0.00399137
0.00499988
0.00500011
0.00399923
0.00400162
0.00399160
0.00399899
0.00399899
0.00400090
0.00399899
0.00399923
0.00398445
0.00399923
0.00509310
0.00399160
0.00500011
0.00499630
0.00500178
0.00508451
0.00500059
0.00499701
0.00448442
0.00399327
0.00400162
0.00500703
0.00499940
0.00528264
0.00450349
0.00499988
0.00499988
0.00499940
0.00399923
0.00500083
0.00500488
0.00499964
0.00399876
0.00528431
0.00500035
0.00400019
0.00499988
0.00499725
0.00500441
0.00499988
0.00451398
0.00499177
0.00499964
0.00499773
0.00501204
0.00518584
0.00519753
0.00501347
0.00399947
0.00500154
0.00500011
0.00409746
0.00399899
0.00398874
0.00501037
0.00499988
0.00451159
0.00499177
0.00499916
0.00399947
0.00398684
0.00457382
0.00499964
0.00399923
0.00500035
0.00499964
0.00499964
0.00399852
0.00399971
0.00399923
0.00400209
0.00528502
0.00499892
0.00500011
0.00399995
0.00399899
0.00399923
0.00499773
0.00500822
0.00400090
0.00499964
0.00460243
0.00399923
0.00399971
0.00399947
0.00439095
0.00501871
0.00399923
0.00450349
0.00399947
0.00500131
0.00502634
0.00499988
0.00499964
0.00499988
0.00399184
0.00399947
0.00399923
0.00399971
0.00440931
0.00399375
0.00402474
0.00400138
0.00399923
0.00500226
0.00399208
0.00399852
0.00399923
0.00399876
0.00500464
0.00399995
0.00403523
0.00500560
0.00500035
0.00499964
0.00499964
0.00499964
0.00399971
0.00500202
0.00399947
0.00500488
0.00500178
0.00500035
0.00499964
0.00500035
0.00499940
0.00399971
0.00406957
0.00399971
0.00400019
0.00399470
0.00399947
0.00501204
0.00499988
0.00399923
0.00400019
0.00500011
0.00550318
0.00499988
0.00499964
0.00399923
0.00399899
0.00500107
0.00399947
0.00499868
0.00500035
0.00500059
0.00399947
0.00399947
0.00500512
0.00499964
0.00399971
0.00399995
0.00450826
0.00499582
0.00500035
0.00399899
0.00446868
0.00399923
0.00500035
0.00499964
0.00499940
0.00405145
0.00499940
0.00499225
0.00500536
0.00500131
0.00399995
0.00399923
0.00412321
0.00399947
0.00399947
0.00500727
0.00499964
0.00400019
0.00500011
0.00526428
0.00399923
0.00399470
0.00399971
0.00399375
0.00450444
0.00551128
0.00399876
0.00519323
0.00520778
0.00499964
0.00500822
0.00399947
0.00399947
0.00500083
0.00399876
0.00399947
0.00399375
0.00499988
0.00500488
0.00399995
0.00399303
0.00399971
0.00398850
0.00399733
0.00450110
0.00399446
0.00513554
0.00499940
0.00400019
0.00399923
0.00399876
0.00450516
0.00500035
0.00400090
0.00399923
0.00486064
0.00399923
0.00399256
0.00545764
0.00500607
0.00405192
0.00400615
0.00399995
0.00500059
0.00398564
0.00449800
0.00500035
0.00399947
0.00399947
0.00499988
0.00499964
0.00399399
0.00399923
0.00399947
0.00399947
0.00400138
0.00399947
0.00450325
0.00398779
0.00399899
0.00399971
0.00538087
0.00500131
0.00513124
0.00499320
0.00500035
0.00445223
0.00399899
0.00399184
0.00399446
0.00399899
0.00451016
0.00399566
0.00499964
0.00551414
0.00499988
0.00399971
0.00399137
0.00499392
0.00399208
0.00399518
0.00399923
0.00399947
0.00500464
0.00399947
0.00501585
0.00499964
0.00500226
0.00399971
0.00410438
0.00350404
0.00499988
0.00500631
0.00500512
0.00399947
0.00399995
0.00399947
0.00500226
0.00500035
0.00405145
0.00399923
0.00399923
0.00398755
0.00500059
0.00400043
0.00399899
0.00499940
0.00450873
0.00499964
0.00498867
0.00500226
0.00499916
0.00398946
0.00399876
0.00399327
0.00400639
0.00399876
0.00399947
0.00399947
0.00399923
0.00450087
0.00500178
0.00523663
0.00551271
0.00499249
0.00499797
0.00499988
0.00409412
0.00399923
0.00399923
0.00399351
0.00400090
0.00508022
0.00399923
0.00399923
0.00500035
0.00499964
0.00400138
0.00399923
0.00450921
0.00399518
0.00399709
0.00399971
0.00499535
0.00399399
0.00399661
0.00399995
0.00399208
0.00444198
0.00399899
0.00500894
0.00499964
0.00532150
0.00400066
0.00399947
0.00451040
0.00500035
0.00442004
0.00399899
0.00399947
0.00499940
0.00499916
0.00520015
0.00499940
0.00500083
0.00399470
0.00499988
0.00600481
0.00399899
0.00500488
0.00599766
0.00550389
0.00500369
0.00499964
0.00519943
0.00499153
0.00602770
0.00600004
0.00499153
0.00499964
0.00447249
0.00500989
0.00499964
0.00500154
0.00499916
0.00524783
0.00485778
0.00500631
0.00546336
0.00601006
0.00506997
0.00550342
0.00459576
0.00548959
0.00600004
0.00535822
0.00600076
0.00600004
0.00500059
0.00580430
0.00550389
0.00599957
0.00549459
0.00533986
0.00499964
0.00501633
0.00499940
0.00600028
0.00582004
0.00601554
0.00499964
0.00600028
0.00541115
0.00499988
0.00550413
0.00499892
0.00499940
0.00667381
