0.00300622
0.00500011
0.00449419
0.00500655
0.00399876
0.00399470
0.00500560
0.00399566
0.00500464
0.00450420
0.00399494
0.00399566
0.00399947
0.00500035
0.00399995
0.00506067
0.00399470
0.00499320
0.00399947
0.00399470
0.00476432
0.00399089
0.00499463
0.00398612
0.00450492
0.00499511
0.00399995
0.00500035
0.00399971
0.00399446
0.00399995
0.00399470
0.00399971
0.00400090
0.00399971
0.00400019
0.00500512
0.00500584
0.00523424
0.00450301
0.00400114
0.00600004
0.00602102
0.00399971
0.00499964
0.00399923
0.00399756
0.00399470
0.00399590
0.00399947
0.00400186
0.00499964
0.00510573
0.00500059
0.00400090
0.00401592
0.00400043
0.00399971
0.00503397
0.00399423
0.00564837
0.00499940
0.00500488
0.00400066
0.00499940
0.00500488
0.00399470
0.00400138
0.00400138
0.00500131
0.00399661
0.00500154
0.00601363
0.00500870
0.00496960
0.00599647
0.00500131
0.00500107
0.00500083
0.00547004
0.00520396
0.00499201
0.00499415
0.00498891
0.00400138
0.00399947
0.00400114
0.00400043
0.00401115
0.00498867
0.00394893
0.00400567
0.00499678
0.00500107
0.00503230
0.00511861
0.00514030
0.00499964
0.00712419
0.00499845
0.00399995
0.00400019
0.00399995
0.00399923
0.00402093
0.00400090
0.00400114
0.00499892
0.00450468
0.00400114
0.00443673
0.00499988
0.00400066
0.00405669
0.00450873
0.00400066
0.00499415
0.00399804
0.00408220
0.00499392
0.00501180
0.00500441
0.00400090
0.00409937
0.00490499
0.00499725
0.00399947
0.00499344
0.00400066
0.00400114
0.00499201
0.00499487
0.00400090
0.00400138
0.00500226
0.00400043
0.00400114
0.00499940
0.00500131
0.00500441
0.00399995
0.00401545
