0.00499463
0.00399494
0.00414443
0.00448132
0.00500894
0.00506330
0.00500226
0.00500703
0.00399232
0.00500631
0.00399351
0.00399184
0.00503492
0.00541306
0.00500107
0.00500083
0.00500107
0.00500107
0.00500178
0.00446773
0.00408483
0.00499988
0.00500154
0.00500059
0.00500131
0.00397801
0.00450325
0.00399160
0.00500131
0.00499988
0.00500059
0.00512457
0.00399971
0.00506139
0.00500035
0.00399923
0.00518513
0.00500035
0.00399947
0.00500154
0.00500154
0.00499988
0.00399995
0.00500131
0.00500965
0.00500178
0.00500107
0.00399899
0.00399899
0.00399947
0.00399947
0.00500011
0.00399899
0.00399971
0.00512576
0.00501800
0.00515175
0.00500131
0.00500059
0.00476885
0.00501013
0.00500107
0.00500131
0.00399899
0.00500965
0.00510669
0.00499988
0.00563788
0.00500011
0.00505090
0.00500059
0.00500178
0.00549984
0.00500727
0.00500131
0.00500011
0.00450373
0.00410032
0.00500751
0.00500035
0.00501394
0.00500965
0.00500131
0.00500154
0.00500178
0.00398946
0.00399923
0.00400114
0.00415826
0.00499845
0.00501013
0.00399947
0.00500965
0.00451040
0.00500131
0.00499916
0.00398993
0.00399852
0.00399923
0.00500107
0.00400209
0.00399995
0.00500035
0.00496840
0.00499964
0.00499821
0.00499964
0.00501347
0.00500846
0.00399947
0.00551057
0.00466371
0.00399065
0.00499797
0.00500917
0.00399089
0.00499988
0.00400019
0.00500965
0.00500131
0.00500059
0.00400186
0.00399899
0.00500154
0.00500369
0.00399995
0.00399971
0.00454760
0.00400066
0.00502157
0.00400186
0.00400162
0.00500059
0.00450158
0.00399923
0.00500321
0.00506520
0.00400114
0.00496268
0.00401735
0.00500894
0.00500655
0.00400305
0.00400186
0.00500131
0.00450230
0.00399923
0.00420904
0.00499940
0.00399971
0.00399947
0.00500131
0.00400090
0.00499940
0.00399947
0.00500035
0.00399947
0.00501180
0.00399995
0.00400066
0.00400209
0.00399971
0.00500584
0.00450587
0.00400114
0.00433826
0.00500584
0.00421357
0.00500083
0.00501013
0.00401688
0.00399995
0.00400090
0.00400186
0.00504661
0.00500107
0.00400066
0.00400043
0.00400162
0.00499988
0.00399947
0.00450325
0.00399971
0.00499988
0.00400019
0.00399971
0.00500035
0.00500131
0.00500131
0.00401878
0.00400853
0.00500870
0.00400376
0.00499988
0.00399995
0.00399184
0.00500965
0.00399208
0.00400162
0.00399947
0.00478888
0.00500631
0.00399923
0.00399971
0.00500584
0.00500202
0.00499916
0.00399399
0.00500059
0.00448155
0.00399947
0.00449133
0.00399899
0.00500512
0.00500441
0.00500536
0.00450468
0.00500798
0.00500703
0.00500727
0.00500059
0.00511408
0.00399208
0.00500703
0.00500679
0.00400162
0.00500607
0.00500011
0.00499272
0.00500107
0.00519848
0.00399232
0.00399995
0.00423050
0.00500655
0.00399446
0.00399232
0.00499940
0.00500059
0.00499868
0.00500631
0.00502682
0.00500679
0.00500631
0.00500035
0.00399208
0.00399995
0.00500059
0.00399470
0.00500035
0.00500607
0.00450206
0.00500035
0.00399923
0.00399446
0.00400543
0.00399971
0.00399995
0.00399375
0.00500011
0.00411320
0.00399923
0.00500607
0.00400114
0.00399232
0.00500131
0.00500226
0.00399137
0.00500107
0.00500631
0.00500011
0.00412607
0.00399947
0.00499082
0.00500011
0.00399947
0.00500727
0.00500703
0.00398779
0.00399971
0.00399232
0.00499153
0.00500631
0.00500894
0.00499892
0.00500607
0.00400162
0.00399566
0.00500011
0.00399184
0.00398898
0.00500035
0.00500107
0.00399971
0.00399256
0.00500011
0.00399947
0.00500107
0.00399947
0.00500154
0.00536585
0.00500202
0.00500011
0.00401473
0.00500607
0.00499964
0.00499392
0.00399899
0.00402093
0.00504947
0.00500011
0.00473285
0.00399899
0.00500607
0.00500464
0.00400066
0.00500131
0.00500131
0.00399923
0.00500011
0.00424671
0.00399923
0.00500703
0.00500035
0.00399256
0.00504279
0.00399232
0.00399947
0.00500679
0.00501323
0.00400066
0.00500154
0.00500011
0.00449705
0.00500488
0.00458574
0.00399995
0.00425673
0.00400591
0.00500536
0.00500131
0.00500488
0.00399208
0.00500536
0.00500131
0.00500131
0.00503850
0.00500584
0.00500226
0.00499988
0.00399995
0.00500202
0.00500822
0.00500131
0.00500107
0.00450397
0.00500679
0.00500059
0.00500679
0.00500107
0.00500178
0.00399947
0.00514984
0.00500488
0.00500631
0.00500441
0.00399446
0.00500083
0.00399947
0.00399947
0.00500035
0.00548625
0.00550461
0.00523257
0.00500512
0.00561595
0.00600719
0.00600123
0.00499916
0.00499225
0.00600052
0.00600147
0.00608277
0.00600600
0.00555348
0.00612020
0.00599933
0.00605917
0.00612140
0.00499940
0.00541329
0.00601387
0.00500441
0.00600123
0.00599957
0.00649667
0.00600004
0.00499249
0.00600004
0.00600195
0.00536036
0.00547910
0.00499868
0.00493932
0.00505114
0.00578094
0.00600052
0.00575638
