0.00400114
0.00499892
0.00499225
0.00499916
0.00549388
0.00469518
0.00500655
0.00500011
0.00438499
0.00399184
0.00399947
0.00499034
0.00499439
0.00500536
0.00499964
0.00399184
0.00399923
0.00499940
0.00500011
0.00485563
0.00500011
0.00400066
0.00400209
0.00500488
0.00501132
0.00450397
0.00528908
0.00399923
0.00500083
0.00500035
0.00500035
0.00500083
0.00499368
0.00500107
0.00499940
0.00500011
0.00499988
0.00499988
0.00500011
0.00413156
0.00500154
0.00500560
0.00500250
0.00399232
0.00399923
0.00399303
0.00500131
0.00499964
0.00499940
0.00499988
0.00500107
0.00500417
0.00399137
0.00399446
0.00399923
0.00400043
0.00400114
0.00499630
0.00506210
0.00500131
0.00500083
0.00424290
0.00400519
0.00400114
0.00421548
0.00499964
0.00463009
0.00500059
0.00500655
0.00499964
0.00500655
0.00529528
0.00399971
0.00500298
0.00500488
0.00500107
0.00500154
0.00450349
0.00399470
0.00399947
0.00399852
0.00500584
0.00503755
0.00399446
0.00500798
0.00499964
0.00499773
0.00399971
0.00500011
0.00500035
0.00500584
0.00500488
0.00399923
0.00451136
0.00399923
0.00514746
0.00399232
0.00499439
0.00500083
