0.00401139
0.00499988
0.00400591
0.00499940
0.00399971
0.00399971
0.00500131
0.00500226
0.00398755
0.00499940
0.00500011
0.00499773
0.00500798
0.00499988
0.00500226
0.00500035
0.00400019
0.00399923
0.00499749
0.00499582
0.00399971
0.00400090
0.00500011
0.00450468
0.00500011
0.00432968
0.00399899
0.00399995
0.00500083
0.00500011
0.00517964
0.00500178
0.00505686
0.00499964
0.00400472
0.00500679
0.00399137
0.00499225
0.00400257
0.00399995
0.00399804
0.00399685
0.00500631
0.00399971
0.00499964
0.00499940
0.00399923
0.00399971
0.00399947
0.00500011
0.00499964
0.00399995
0.00399995
0.00499940
0.00499988
0.00399947
0.00500274
0.00399947
0.00399470
0.00500011
0.00398850
0.00499082
0.00399899
0.00500011
0.00399923
0.00500107
0.00499988
0.00409532
0.00499964
0.00499129
0.00399137
0.00398803
0.00499964
0.00501418
0.00500059
0.00399995
0.00500059
0.00399995
0.00500107
0.00399995
0.00399923
0.00500178
0.00399327
0.00400209
0.00399923
0.00399780
0.00399446
0.00500059
0.00399446
0.00399995
0.00500035
0.00399923
0.00499988
0.00509906
0.00500631
0.00500083
0.00499725
0.00399923
0.00398898
0.00400019
0.00501680
0.00399995
0.00467205
0.00398850
0.00399923
0.00500011
0.00499058
0.00398922
0.00499272
0.00400019
0.00399947
0.00398803
0.00399971
0.00400043
0.00500822
0.00400043
0.00448203
0.00399518
0.00399113
0.00500154
0.00399899
0.00399804
0.00599980
0.00399971
0.00499487
0.00500154
0.00398755
0.00399923
0.00499988
0.00399995
0.00499725
0.00399065
0.00400043
0.00499129
0.00499630
0.00500059
0.00500536
0.00500774
0.00500059
0.00499988
0.00398993
0.00499010
0.00451517
0.00400019
0.00399971
0.00399971
0.00440001
0.00498414
0.00399089
0.00499010
0.00499964
0.00399137
0.00399995
0.00449729
0.00399923
0.00500202
0.00500131
0.00501895
0.00398803
0.00499177
0.00399137
0.00499034
0.00515342
0.00399971
0.00499988
0.00500059
0.00399375
0.00499964
0.00500083
0.00400019
0.00499678
0.00399971
0.00508857
0.00499964
0.00398803
0.00428772
0.00500417
0.00498915
0.00600052
0.00535321
0.00499964
0.00499940
0.00504637
0.00601053
0.00499153
0.00499964
0.00399137
0.00450516
0.00500011
0.00600648
0.00499463
0.00399971
0.00399208
0.00512290
0.00500035
0.00399971
0.00500083
0.00399995
0.00499701
0.00499225
0.00550389
0.00499558
0.00499988
0.00500035
0.00505781
0.00399208
0.00399327
0.00499034
0.00399089
0.00508285
0.00499988
0.00399160
0.00500536
0.00499320
0.00500011
0.00501013
0.00500035
0.00405455
0.00399923
0.00400782
0.00506997
0.00500512
0.00499821
0.00500488
0.00399518
0.00499892
0.00399184
0.00430059
0.00500083
0.00399780
0.00399971
0.00499821
0.00500035
0.00499940
0.00451922
0.00500083
0.00499988
0.00399065
0.00399089
0.00499964
0.00499105
0.00599194
0.00500131
0.00599909
0.00421095
0.00499249
0.00505018
0.00399494
0.00400090
0.00548315
0.00499916
0.00598431
0.00505114
0.00399446
0.00399208
0.00501299
0.00401211
0.00531292
0.00549388
0.00599480
0.00600600
0.00539541
0.00399590
0.00530887
0.00500035
0.00499535
0.00399470
0.00499463
0.00503469
0.00600028
0.00500369
0.00499749
0.00500011
0.00499511
0.00499988
0.00600028
0.00500011
0.00599003
0.00499439
0.00399947
0.00498700
0.00399280
0.00499225
0.00499415
0.00499511
0.00600028
0.00499964
0.00399899
0.00399947
0.00500059
0.00400019
0.00500011
0.00498891
0.00499964
0.00600052
0.00399184
0.00499964
0.00508595
0.00499082
0.00600290
0.00499988
0.00550365
0.00600028
0.00699902
0.00499940
0.00499868
0.00399041
0.00499177
0.00400043
0.00599885
0.00499916
0.00499654
0.00499988
0.00500011
0.00500679
0.00500035
0.00399995
0.00448728
0.00500202
0.00499964
0.00499630
0.00499916
0.00510788
0.00499964
0.00499392
0.00399470
0.00501561
0.00500059
0.00449586
0.00500512
0.00500464
0.00447965
0.00500059
0.00500083
0.00399995
0.00499082
0.00399852
0.00499129
0.00500059
0.00399232
0.00500011
0.00400043
0.00399041
0.00427580
0.00399947
0.00499105
0.00500059
0.00599980
0.00500035
0.00500035
0.00499988
0.00500059
0.00399971
0.00399971
0.00500035
0.00500226
0.00399113
0.00499177
0.00399899
0.00499988
0.00500298
0.00499773
0.00500226
0.00500083
0.00500059
0.00499773
0.00506902
0.00499487
0.00499344
0.00399399
0.00400162
0.00499988
0.00449538
0.00500250
0.00500441
0.00473952
0.00500536
0.00400019
0.00499439
0.00499678
0.00499940
0.00500035
0.00499964
0.00399947
0.00500941
0.00500083
0.00505829
0.00500798
0.00449371
0.00500703
0.00482321
0.00398993
0.00499201
0.00499129
0.00399804
0.00511694
0.00500011
0.00541162
0.00599289
0.00499940
0.00542140
0.00499487
0.00499368
0.00399947
0.00399280
0.00500584
0.00500059
0.00399733
0.00500512
0.00499558
0.00399828
0.00500488
0.00499701
0.00506568
0.00499129
0.00541258
0.00499249
0.00500059
0.00499940
0.00575900
0.00600028
0.00499415
0.00500059
0.00399899
0.00399923
0.00500059
0.00499988
0.00500393
0.00403237
0.00535822
0.00504470
0.00499797
0.00499201
0.00399637
0.00498986
0.00500703
0.00399804
0.00504208
0.00399947
0.00498939
0.00500512
0.00499177
0.00512075
0.00499892
0.00408483
0.00399160
0.00499988
0.00499749
0.00511909
0.00400686
0.00499654
0.00523853
0.00599980
0.00602579
0.00500274
0.00399995
0.00500131
0.00399232
0.00452733
0.00500655
0.00500655
0.00501060
0.00547838
0.00618887
0.00499964
0.00500536
0.00499773
0.00399995
0.00499988
0.00399947
0.00500107
0.00452614
0.00601792
0.00599384
0.00600052
0.00499964
0.00500178
0.00399351
0.00500631
0.00499582
0.00499225
0.00399947
0.00499988
0.00500083
0.00501418
0.00399542
0.00500154
0.00500011
0.00436544
0.00400019
0.00499749
0.00399971
0.00600624
0.00502157
0.00399065
0.00499225
0.00399971
0.00500011
0.00499654
0.00499845
0.00500083
0.00451016
0.00499797
0.00500035
0.00399137
0.00499249
0.00399995
0.00500107
0.00499964
0.00399923
0.00399113
0.00399232
0.00399971
0.00399160
0.00400257
0.00399446
0.00426674
0.00500822
0.00399971
0.00399733
0.00500846
0.00434995
0.00399756
0.00537205
0.00400281
0.00599766
0.00499988
0.00399923
0.00400043
0.00499988
0.00399017
0.00450444
0.00549793
0.00501513
0.00477600
0.00399184
0.00451064
0.00500846
0.00500226
0.00499463
0.00499225
0.00410581
0.00399470
0.00499821
0.00399160
0.00499988
0.00535703
0.00599718
0.00517011
0.00499988
0.00368452
0.00500011
0.00517607
0.00499988
0.00600004
0.00399041
0.00399399
0.00500178
0.00399995
0.00499988
0.00552082
0.00402260
0.00399518
0.00499296
0.00399971
0.00499988
0.00543094
0.00499964
0.00500011
0.00399137
0.00399852
0.00499964
0.00500083
0.00499439
0.00398803
0.00414777
0.00399137
0.00399160
0.00399947
0.00499535
0.00500202
0.00399947
0.00499368
0.00499988
0.00509119
0.00500822
0.00499725
0.00400114
0.00399327
0.00502992
0.00400019
0.00400019
0.00399065
0.00399137
0.00399947
0.00499272
0.00499725
0.00400043
0.00448322
0.00399947
0.00500846
0.00399184
0.00399232
0.00518847
0.00552130
0.00399160
0.00500011
0.00524211
0.00499511
0.00500059
0.00437093
0.00500059
0.00504541
0.00499487
0.00399446
0.00498843
0.00498891
0.00399899
0.00451040
0.00450611
0.00500178
0.00500989
0.00500035
0.00449824
0.00501108
0.00400019
0.00500727
0.00399995
0.00499964
0.00499988
0.00501132
