0.00400019
0.00499153
0.00500822
0.00600004
0.00520492
0.00501108
0.00499988
0.00450587
0.00500059
0.00499916
0.00599957
0.00599980
0.00549245
0.00516415
0.00500536
0.00499821
0.00544977
0.00600576
0.00500035
0.00399375
0.00475001
0.00499678
0.00500202
0.00499511
0.00500774
0.00599957
0.00500011
0.00599980
0.00614810
0.00648928
0.00500154
0.00500226
0.00509143
0.00549054
0.00499964
0.00499487
0.00629234
0.00548720
0.00499964
0.00611377
0.00510979
0.00523043
0.00523496
0.00499964
0.00597548
0.00600004
0.00582123
0.00610375
0.00499201
0.00500798
0.00499105
0.00500822
0.00500131
0.00500846
0.00400019
0.00498724
0.00501418
0.00498772
0.00500226
0.00400972
0.00453091
0.00499988
0.00499034
0.00426269
0.00500798
0.00500011
0.00499988
0.00500703
0.00399852
0.00400043
0.00500059
0.00500011
0.00500154
0.00500011
0.00460362
0.00523996
0.00499988
0.00600028
0.00606155
0.00599957
0.00500035
0.00500727
0.00543904
0.00499964
0.00607157
0.00500059
0.00424743
0.00550461
0.00599980
0.00499892
0.00500727
0.00400090
0.00400615
0.00399971
0.00399160
0.00514340
0.00553179
0.00500178
0.00499725
0.00400209
0.00499988
0.00400114
0.00400186
0.00506163
0.00499153
0.00472951
0.00550127
0.00500035
0.00399971
0.00499988
0.00499368
0.00501895
0.00500011
0.00500011
0.00499368
0.00500202
0.00499916
0.00499630
0.00549769
0.00507045
0.00499558
0.00511432
0.00499153
0.00500011
0.00567913
0.00498605
0.00502300
0.00499701
0.00451088
0.00600123
0.00499940
0.00599265
0.00499964
0.00500178
0.00499177
0.00499988
0.00546551
0.00400090
0.00499463
0.00499964
0.00568485
0.00600719
0.00581884
0.00499845
0.00600672
0.00449777
0.00454593
0.00499082
0.00510049
0.00599980
0.00599027
0.00499129
0.00500011
0.00508285
0.00399947
0.00450349
0.00500011
0.00548458
0.00399542
0.00522566
0.00600290
0.00515723
0.00501204
0.00599265
0.00500154
0.00550056
0.00500250
0.00500631
0.00399995
0.00399947
0.00500298
0.00499368
0.00599051
0.00535583
0.00499320
0.00599980
0.00599647
0.00600028
0.00500154
0.00557971
0.00531363
0.00550294
0.00599527
0.00501370
0.00400043
0.00399947
0.00400543
0.00399923
0.00499988
0.00499964
0.00500512
0.00499392
0.00499535
0.00499701
0.00500798
0.00550342
0.00499535
0.00499988
0.00599217
0.00645900
0.00499964
0.00549865
0.00600052
0.00534415
0.00499177
0.00502610
0.00480175
0.00500822
0.00506759
0.00499964
0.00500011
0.00499582
0.00499558
0.00599957
0.00500107
0.00599647
0.00538921
0.00499964
0.00500083
0.00500178
0.00499964
0.00451231
0.00500751
0.00499988
0.00499797
0.00600076
0.00499940
0.00450015
0.00499368
0.00499964
0.00500536
0.00500011
0.00499916
0.00501704
0.00399971
0.00553513
0.00500154
0.00549245
0.00600004
0.00499940
0.00600171
0.00500059
0.00523496
0.00547528
0.00500369
0.00500250
0.00500846
0.00500011
0.00518179
0.00551248
0.00399923
0.00441241
0.00499439
0.00550246
0.00499392
0.00676680
0.00499964
0.00499964
0.00499153
0.00499153
0.00499678
0.00500560
0.00500107
0.00500870
0.00499034
0.00600028
0.00498009
0.00499964
0.00500011
0.00499463
0.00430560
0.00399971
0.00499940
0.00499916
0.00439835
0.00400138
0.00499153
0.00449610
0.00400686
0.00520706
0.00499988
0.00499439
0.00599933
0.00599909
0.00599241
0.00599623
0.00600147
0.00510097
0.00500154
0.00499177
0.00450325
0.00499654
0.00499392
0.00399971
0.00500774
0.00599885
0.00550580
0.00499773
0.00600123
0.00634670
0.00600004
0.00500059
0.00399852
0.00432515
0.00399923
0.00399470
0.00499988
0.00525784
0.00500584
0.00500679
0.00525188
0.00499415
0.00500703
0.00499988
0.00499535
0.00500202
0.00499249
0.00449657
0.00399184
0.00499868
0.00499201
0.00399971
0.00399995
0.00500011
0.00499892
0.00499988
0.00499487
0.00499964
0.00500464
0.00500512
0.00499988
0.00500584
0.00399995
0.00500035
0.00500727
0.00399113
0.00499344
0.00599957
0.00478220
0.00499439
0.00499964
0.00499535
0.00499892
0.00499511
0.00500035
0.00499797
0.00450110
0.00498939
0.00500035
0.00500131
0.00600004
0.00499105
0.00620127
0.00500083
0.00399446
0.00499964
0.00499988
0.00428367
0.00500131
0.00500631
0.00450087
0.00499725
0.00500679
0.00499344
0.00399327
0.00399303
0.00499678
0.00399995
0.00399446
0.00399995
0.00499988
0.00499916
0.00423598
0.00500679
0.00399375
0.00451446
0.00599790
0.00499821
0.00499988
0.00500011
0.00399494
0.00499654
0.00500464
0.00400043
0.00499964
0.00499415
0.00500011
0.00500989
0.00500488
0.00448775
0.00504541
0.00500965
0.00449491
0.00499964
0.00561643
0.00557423
0.00500083
0.00500059
0.00499916
0.00499940
0.00499964
0.00401115
0.00499678
0.00482440
0.00399470
0.00500035
0.00432014
0.00499415
0.00540185
0.00400114
0.00550103
0.00400019
0.00499320
0.00500631
0.00499940
0.00499988
0.00500250
0.00513577
0.00452733
0.00399160
0.00499701
0.00505424
0.00399947
0.00399542
0.00399947
0.00461125
0.00459671
0.00499988
0.00499988
0.00499892
0.00499678
0.00499201
0.00400591
0.00400472
0.00500250
0.00499558
0.00501108
0.00377893
0.00450945
0.00399971
0.00499916
0.00500035
0.00498819
0.00500464
0.00399208
0.00460863
0.00500226
0.00500083
0.00499940
0.00499916
0.00399184
0.00500894
0.00399947
0.00499988
0.00498867
0.00399160
0.00399995
0.00499964
0.00399494
0.00599027
0.00600147
0.00499964
0.00497055
0.00500059
0.00500846
0.00399184
0.00499892
0.00499105
0.00399780
0.00500131
0.00400662
0.00500298
0.00498891
0.00499034
0.00501466
0.00499988
0.00400066
0.00399971
0.00499129
0.00399184
0.00499010
0.00499964
0.00500083
0.00399137
0.00399947
0.00498939
0.00439668
0.00399137
0.00499916
0.00399137
0.00400305
0.00552416
0.00499177
0.00600100
0.00500035
0.00600243
0.00600362
0.00399971
0.00399184
0.00499129
0.00499606
0.00444031
0.00400114
0.00400066
0.00399971
0.00509000
0.00399947
0.00499678
0.00500846
0.00399184
0.00500035
0.00448108
0.00499058
0.00400019
0.00499153
0.00499868
0.00500011
0.00499296
0.00499129
0.00399971
0.00499773
0.00499153
0.00500131
0.00399017
0.00449467
0.00399566
0.00423884
0.00499034
0.00490427
0.00399137
0.00499153
0.00599980
0.00500703
0.00500274
0.00450373
0.00499082
0.00600529
0.00499964
0.00450349
0.00500154
0.00400114
0.00399494
0.00499988
0.00400019
0.00499964
0.00499988
0.00441337
0.00499249
0.00450230
0.00500035
0.00399041
0.00399876
0.00498939
0.00515366
0.00399756
0.00400615
0.00499177
0.00400519
0.00401044
0.00498915
0.00500011
0.00499249
0.00400114
0.00400138
0.00400114
0.00499177
0.00500011
0.00399995
0.00498939
0.00498986
0.00499129
0.00499940
0.00499344
0.00520754
0.00499988
0.00500250
0.00399971
0.00550413
0.00509834
0.00499988
0.00400066
0.00400162
0.00499940
0.00399995
0.00499058
0.00499225
0.00500631
0.00499153
0.00500131
0.00501895
0.00399852
0.00399137
0.00399947
0.00499201
0.00499296
0.00400114
0.00498867
0.00498939
0.00448275
0.00499129
0.00528574
0.00400090
0.00499058
0.00499964
0.00400090
0.00474215
0.00500202
0.00424623
0.00499797
0.00399971
0.00500846
0.00500202
0.00542188
0.00548697
0.00499964
0.00400043
0.00399995
0.00403929
0.00400138
0.00450325
0.00500035
0.00400043
0.00400114
0.00399971
0.00499964
0.00528836
0.00500035
0.00499964
0.00500035
0.00499082
0.00400090
0.00500655
0.00500560
0.00499868
0.00498891
0.00499916
0.00500417
0.00400114
0.00501084
0.00499201
0.00399780
0.00500059
0.00499082
0.00400019
0.00500536
0.00500202
0.00499225
0.00450373
0.00500131
0.00499988
0.00499964
0.00499558
0.00499439
0.00510025
0.00500274
0.00499988
0.00546694
0.00500059
0.00500751
0.00422454
0.00500798
0.00651288
0.00499177
0.00636268
0.00500059
0.00545335
0.00499988
0.00607753
0.00599670
0.00648665
0.00438309
0.00504112
0.00499940
0.00499296
0.00500798
0.00406098
0.00500655
0.00399423
0.00442076
0.00500011
0.00499964
0.00500154
0.00500035
0.00499964
0.00399995
0.00500631
0.00501394
0.00499272
0.00452352
0.00400162
0.00499988
0.00499964
0.00499940
0.00400090
0.00499797
0.00500226
0.00507307
0.00500011
0.00430202
0.00400114
0.00448489
0.00501466
0.00442886
0.00501513
0.00501060
0.00499153
0.00400043
0.00501466
0.00399947
0.00441170
0.00399208
0.00498867
0.00400043
0.00400090
0.00399947
0.00498962
0.00400066
0.00500011
0.00399971
0.00399065
0.00399995
0.00399971
0.00400019
0.00400138
0.00399971
0.00508952
0.00499988
0.00399876
0.00400066
0.00419688
0.00499964
0.00450826
0.00423574
0.00499988
0.00494409
0.00400138
0.00400066
0.00416970
0.00399947
0.00499392
0.00399947
0.00399995
