0.00399971
0.00600219
0.00499916
0.00750375
0.00599170
0.00599933
0.00599456
0.00600481
0.00599456
0.00701761
0.00550914
0.00600171
0.00650048
0.00700283
0.00500345
0.00599980
0.00598860
0.00599170
0.00550485
0.00600600
0.00534201
0.00546026
0.00604534
0.00499988
0.00599957
0.00600576
0.00600004
0.00550389
0.00600028
0.00600100
0.00500011
0.00499558
0.00500488
0.00500011
0.00499511
0.00500035
0.00500464
0.00399947
0.00499797
0.00600195
0.00499558
0.00600791
0.00499988
0.00524831
0.00601435
0.00499964
0.00499177
0.00527549
0.00499821
0.00500035
0.00600076
0.00452852
0.00500441
0.00500059
0.00451112
0.00500059
0.00500035
0.00499964
0.00499845
0.00399899
0.00499296
0.00399971
0.00499988
0.00399947
0.00499225
0.00500035
0.00399375
0.00600743
0.00499964
0.00500011
0.00399971
0.00499368
0.00499249
0.00500035
0.00515366
0.00600505
0.00499392
0.00526690
0.00400686
0.00399971
0.00499177
0.00508714
0.00499582
0.00521541
0.00499940
0.00499964
0.00399494
0.00499916
0.00499201
0.00600886
0.00499964
0.00518417
0.00599980
0.00599980
0.00500131
0.00499129
0.00500369
0.00601339
0.00600815
0.00549674
0.00600100
0.00599360
0.00549746
0.00518918
0.00600338
0.00438547
0.00399184
0.00407219
0.00500035
0.00427747
0.00499940
0.00399971
0.00499511
0.00500011
0.00500083
0.00500488
0.00399494
0.00399947
0.00500703
0.00399590
0.00499129
0.00524473
0.00499058
0.00399089
0.00400710
0.00498915
0.00516653
0.00499773
0.00399923
0.00499225
0.00554061
0.00500607
0.00561142
0.00599980
0.00500011
0.00500536
0.00500107
0.00600696
0.00529194
0.00599980
0.00399160
0.00402761
0.00499129
0.00399137
0.00508904
0.00499606
0.00600290
0.00548506
0.00599957
0.00545931
0.00499964
0.00499964
0.00499296
0.00399947
0.00517869
0.00600147
0.00599933
0.00600004
0.00599933
0.00499463
0.00644898
0.00600028
0.00499940
0.00599957
0.00600028
0.00699973
0.00599980
0.00599194
0.00499988
0.00500083
0.00499368
0.00548458
0.00599980
0.00600052
0.00599933
0.00650430
0.00499988
0.00518298
0.00602412
0.00560403
0.00499988
0.00646472
0.00649261
0.00602698
0.00600028
0.00558758
0.00599980
0.00599504
0.00599957
0.00635743
0.00483346
0.00500178
0.00599432
0.00600338
0.00600028
0.00499368
0.00600052
0.00499129
0.00500035
0.00499701
0.00401902
0.00399971
0.00450063
0.00399542
0.00500107
0.00499439
0.00500035
0.00500059
0.00400066
0.00500035
0.00400019
0.00399947
0.00499249
0.00499487
0.00499415
0.00412393
0.00500202
0.00450706
0.00499964
0.00500035
0.00500011
0.00499964
0.00547671
0.00600266
0.00500274
0.00500011
0.00399899
0.00499940
0.00499916
0.00499535
0.00450206
0.00450873
0.00399399
0.00510979
0.00499821
0.00500011
0.00399518
0.00551081
0.00500059
0.00500011
0.00499916
0.00400043
0.00498915
0.00500226
0.00549531
0.00626540
0.00607705
0.00400114
0.00500202
0.00499153
0.00600052
0.00500035
0.00599957
0.00499940
0.00500655
0.00599957
0.00399208
0.00400162
0.00544405
0.00580931
0.00600028
0.00600600
0.00528026
0.00599718
0.00499892
0.00460553
0.00500202
0.00500035
0.00600076
0.00500035
0.00554347
0.00499940
0.00595427
0.00499988
0.00499082
0.00499773
0.00536346
0.00499129
0.00499964
0.00499129
0.00550318
0.00499296
0.00500083
0.00399971
0.00501084
0.00499010
0.00452113
0.00399923
0.00499821
0.00500107
0.00400424
0.00499249
0.00499105
0.00499153
0.00599718
0.00500083
0.00399971
0.00399899
0.00599480
0.00597525
0.00528407
0.00499773
0.00499678
0.00499892
0.00600553
0.00599265
0.00528741
0.00549507
0.00499511
0.00399923
0.00499964
0.00500369
0.00500774
0.00499463
0.00549722
0.00522327
0.00399971
0.00461769
0.00527167
0.00499630
0.00500464
0.00499725
0.00499678
0.00499392
0.00644541
0.00600433
0.00550723
0.00650930
0.00650382
0.00499940
0.00595784
0.00499296
0.00600004
0.00599980
0.00599170
0.00500083
0.00499964
0.00600076
0.00499988
0.00600171
0.00600719
0.00450492
0.00599909
0.00600028
0.00600100
0.00399137
0.00628567
0.00599146
0.00599790
0.00499916
0.00499654
0.00499153
0.00499701
0.00498819
0.00550127
0.00398922
0.00498962
0.00528502
0.00599289
0.00500178
0.00549507
0.00599980
0.00549626
0.00746655
0.00500059
0.00478244
0.00503039
0.00399041
0.00520825
0.00600863
0.00600910
0.00505328
0.00499129
0.00599933
0.00601029
0.00500083
0.00500059
0.00558472
0.00499678
0.00500154
0.00399065
0.00550461
0.00499415
0.00499535
0.00499964
0.00599909
0.00499415
0.00499201
0.00600219
0.00499201
0.00551295
0.00608587
0.00497293
0.00649571
0.00467825
0.00499749
0.00598907
0.00399160
0.00499821
0.00499153
0.00500560
0.00499511
0.00450492
0.00599527
0.00499988
0.00499988
0.00499535
0.00586033
0.00450587
0.00500655
0.00600290
0.00600672
0.00499415
0.00500035
0.00399947
0.00399852
0.00500512
0.00500011
0.00494838
0.00600028
0.00500131
0.00499940
0.00550485
0.00399327
0.00499988
0.00499368
0.00599265
0.00500011
0.00399423
0.00499940
0.00605226
0.00572634
0.00500965
0.00499153
0.00499964
0.00500035
0.00477171
0.00499773
0.00500870
0.00499988
0.00499129
0.00500131
0.00583005
0.00599837
0.00488496
0.00600219
0.00499392
0.00500107
0.00600290
0.00600600
0.00599790
0.00603747
0.00499201
0.00599933
0.00599885
0.00599527
0.00601244
0.00499940
0.00499868
0.00599980
0.00499678
0.00400567
0.00450420
0.00499892
0.00599980
0.00500011
0.00499964
0.00599384
0.00599957
0.00617623
0.00599957
0.00498772
0.00499034
0.00599313
0.00600052
0.00520706
0.00498939
0.00600028
0.00499129
0.00550413
0.00498962
0.00499821
0.00500011
0.00499964
0.00499249
0.00599957
0.00552797
0.00600719
0.00499964
0.00599694
0.00499964
0.00600028
0.00544405
