0.00499964
0.00500035
0.00602341
0.00500584
0.00451660
0.00499988
0.00500822
0.00530601
0.00517893
0.00499773
0.00525546
0.00600791
0.00600266
0.00499582
0.00547838
0.00650358
0.00550151
0.00600028
0.00601673
0.00600076
0.00550222
0.00600004
0.00548339
0.00599289
0.00600553
0.00544834
0.00547886
0.00575566
0.00543380
0.00594091
0.00608277
0.00600767
0.00599957
0.00598717
0.00500774
0.00600839
0.00600123
0.00599217
0.00500083
0.00441790
0.00499940
0.00599313
0.00499940
0.00536656
0.00499463
0.00500536
0.00499463
0.00599432
0.00599980
0.00499988
0.00599909
0.00600433
0.00550222
0.00528359
0.00599980
0.00533938
0.00500083
0.00556207
0.00499988
0.00600076
0.00549293
0.00600028
0.00600052
0.00549555
0.00600004
0.00515032
0.00499940
0.00506568
0.00536418
0.00561023
0.00498414
0.00550175
0.00499797
0.00600100
0.00500035
0.00499177
0.00500154
0.00551963
0.00550246
0.00598288
0.00700068
0.00602889
0.00600004
0.00612307
0.00514555
0.00529027
0.00523496
0.00615406
0.00600863
0.00521779
0.00598955
0.00501418
0.00499082
0.00599980
0.00585938
0.00529861
0.00602078
0.00600028
0.00499916
0.00608587
0.00598884
0.00645709
0.00599885
0.00605202
0.00551748
0.00599122
0.00485373
0.00598812
0.00550699
0.00600004
0.00600004
0.00600004
0.00549102
0.00600481
0.00600076
0.00550175
0.00599957
0.00599289
0.00599980
0.00600195
0.00599957
0.00602221
0.00551152
0.00599170
0.00574207
0.00599575
0.00500107
0.00650477
0.00600648
0.00644445
0.00542068
0.00609779
0.00600052
0.00499964
0.00599766
0.00549030
0.00499964
0.00600052
0.00548315
0.00631166
0.00623918
0.00500011
0.00600147
0.00550056
0.00549388
0.00599980
0.00499988
0.00499988
0.00599980
0.00603414
0.00527072
0.00499797
0.00568604
0.00600863
0.00545645
0.00600886
0.00551629
0.00599957
0.00499868
0.00533080
0.00542188
0.00599480
0.00600195
0.00611949
0.00529432
0.00500011
0.00499892
0.00650072
0.00500131
0.00600171
0.00600028
0.00600100
0.00600052
0.00599980
0.00599217
0.00499940
0.00550127
0.00499964
0.00617719
0.00488019
0.00599980
0.00599146
0.00600004
0.00600338
0.00599957
0.00599480
0.00600028
0.00600863
0.00650430
0.00599980
0.00600123
0.00600004
0.00639009
0.00547481
0.00548720
0.00599980
0.00499916
0.00499439
0.00599933
0.00500059
0.00551033
0.00599957
0.00547194
0.00648522
0.00649524
0.00603366
0.00699997
0.00700092
0.00611567
0.00599432
0.00658393
0.00499964
0.00604057
0.00499415
0.00535774
0.00499916
0.00609612
0.00599027
0.00600719
0.00599980
0.00600243
0.00540185
0.00547147
0.00558090
0.00550294
0.00499964
0.00699973
0.00499964
0.00549984
0.00547504
0.00600004
0.00499892
0.00500011
0.00510263
0.00599933
0.00599980
0.00650597
0.00600100
0.00500107
0.00599551
0.00548577
0.00499964
0.00581288
0.00625205
0.00500107
0.00500035
0.00499964
0.00500631
0.00510287
0.00500131
0.00500107
0.00599885
0.00589943
0.00499463
0.00572491
0.00599217
0.00624084
0.00523877
0.00400186
0.00499845
0.00499296
0.00499988
0.00529265
0.00599146
0.00533390
0.00500131
0.00501418
0.00500083
0.00586891
0.00600004
0.00600028
0.00500107
0.00600147
0.00500560
0.00400758
0.00500059
0.00499988
0.00499964
0.00499940
0.00500011
0.00500917
0.00544906
0.00550056
0.00499010
0.00499058
0.00499320
0.00600791
0.00568533
0.00531197
0.00499868
0.00501180
0.00399065
0.00500965
0.00499153
0.00499082
0.00502372
0.00500131
0.00500059
0.00500798
0.00501060
0.00499177
0.00551343
0.00498796
0.00504994
0.00499749
0.00500083
0.00499988
0.00600123
0.00500154
0.00499487
0.00500369
0.00499177
0.00501204
0.00499201
0.00450873
0.00400043
0.00499916
0.00499105
0.00450397
0.00499964
0.00479245
0.00400114
0.00500202
0.00548720
0.00513959
0.00412989
0.00500417
0.00500035
0.00513697
0.00600481
0.00499964
0.00500035
0.00500059
0.00499701
0.00500035
0.00400162
0.00500011
0.00406384
0.00399947
0.00499916
0.00499225
0.00600171
0.00500512
0.00498939
0.00500011
0.00400376
0.00500989
0.00499177
0.00500774
0.00500035
0.00499272
0.00500798
0.00500035
0.00499988
0.00536847
0.00399971
0.00568938
0.00547981
0.00449371
0.00498223
0.00400019
0.00499940
0.00499916
0.00499988
0.00499964
0.00500011
0.00500011
0.00499272
0.00399971
0.00414252
0.00399947
0.00511575
0.00499129
0.00500011
0.00499034
0.00499916
0.00400209
0.00399947
0.00417233
0.00399518
0.00399995
0.00500154
0.00399041
0.00450063
0.00510859
0.00500011
0.00500607
0.00500035
0.00498843
0.00432301
0.00500822
0.00500035
0.00399995
0.00399971
0.00499225
0.00500035
0.00500369
0.00400043
0.00499153
0.00399995
0.00400019
0.00500011
0.00399995
0.00499988
0.00399923
0.00399947
0.00399923
0.00525260
0.00499940
0.00499010
0.00500417
0.00500059
0.00421858
0.00498915
0.00507808
0.00500536
0.00501084
0.00503469
0.00506687
0.00500751
0.00400138
0.00399780
0.00499964
0.00500703
0.00500083
0.00498915
0.00500035
0.00403500
0.00499153
0.00404286
0.00400114
0.00399876
0.00499988
0.00400591
0.00500178
0.00500035
0.00399971
0.00499201
0.00502467
0.00500584
0.00412202
0.00399137
0.00399923
0.00499701
0.00399184
0.00399899
0.00400019
0.00516915
0.00499201
0.00498819
0.00649881
0.00401831
0.00499940
0.00498867
0.00500917
0.00500560
0.00501966
0.00399423
0.00450087
0.00505567
0.00403666
0.00420213
0.00400019
0.00500846
0.00399971
0.00400162
0.00516868
0.00399995
0.00498796
0.00400138
0.00399971
0.00549603
0.00499916
0.00500560
0.00400066
0.00501490
0.00500011
0.00499964
0.00399923
0.00500560
0.00499964
0.00500345
0.00500035
0.00450301
0.00502443
0.00498915
0.00499105
0.00500298
0.00500822
0.00499988
0.00500154
0.00599122
0.00499940
0.00499845
0.00499988
0.00499225
0.00529599
0.00501704
0.00500584
0.00400424
0.00500202
0.00500035
0.00499177
0.00499964
0.00500011
0.00400090
0.00400615
0.00518513
0.00500560
0.00500154
0.00500560
0.00536799
0.00499988
0.00499964
0.00500154
0.00500607
0.00500846
0.00500178
0.00500202
0.00500083
0.00599337
0.00504851
0.00500154
0.00499439
0.00549889
0.00500870
0.00499129
0.00501013
0.00499964
0.00500011
0.00500488
0.00492120
0.00500131
0.00527287
0.00600004
0.00500178
0.00499344
0.00600052
0.00622153
0.00499892
0.00600076
0.00600171
0.00600100
0.00599003
0.00629020
0.00500584
0.00499964
0.00500226
0.00500083
0.00649524
0.00500059
0.00499892
0.00499940
0.00600481
0.00600648
0.00599980
0.00648737
0.00598907
0.00600123
0.00518441
0.00599980
0.00650907
0.00448847
0.00500059
0.00600219
0.00515509
0.00602961
0.00499916
0.00599670
0.00649762
0.00600004
0.00600266
0.00700068
0.00600219
0.00614309
0.00576901
0.00595903
0.00704837
0.00699425
0.00700855
0.00599289
0.00634456
0.00600004
0.00655961
0.00630999
