0.00399089
0.00612950
0.00599146
0.00648475
0.00599432
0.00650191
0.00621939
0.00640321
0.00600171
0.00700021
0.00699258
0.00599289
0.00599575
0.00649762
0.00599885
0.00647545
0.00600600
0.00620580
0.00644469
0.00650311
0.00599170
0.00699973
0.00598264
0.00733376
0.00704765
0.00599957
0.00700068
0.00678658
0.00700188
0.00715446
0.00750470
0.00718904
0.00600672
0.00679708
0.00708580
0.00700212
0.00687480
0.00699949
0.00799966
0.00716591
0.00800180
0.00846314
0.00699186
0.00699401
0.00699973
0.00599933
0.00717306
0.00646925
0.00699949
0.00679326
0.00700045
0.00802779
0.00700402
0.00700831
0.00802994
0.00697970
0.00799942
0.00800657
0.00701094
0.00737000
0.00699997
0.00749779
0.00600028
0.00695753
0.00638127
0.00699496
0.00727415
0.00599933
0.00700045
0.00699830
0.00652695
0.00738454
0.00599527
0.00652695
0.00698853
0.00718808
0.00600004
0.00601625
0.00699925
0.00700068
0.00666475
0.00721645
0.00650120
0.00741005
0.00750136
0.00700951
0.00701237
0.00613117
0.00753069
0.00702214
0.00712132
0.00622439
0.00647593
0.00686669
0.00699186
0.00650477
0.00599384
0.00629711
0.00700021
0.00599980
0.00699258
0.00650668
0.00622749
0.00599241
0.00699091
0.00700259
0.00699449
0.00699830
0.00699306
0.00649071
0.00718117
0.00699925
0.00699973
0.00700831
0.00602746
0.00599051
0.00700212
0.00629187
0.00651526
0.00699139
0.00600004
0.00598788
0.00599957
0.00699925
0.00599360
0.00599933
0.00599170
0.00599289
0.00599575
0.00625110
0.00729108
0.00599980
0.00601768
0.00651145
0.00700116
0.00712419
0.00599957
0.00602388
0.00599933
0.00656962
0.00599980
0.00652099
0.00607991
0.00700021
0.00631070
0.00700212
0.00706673
0.00648904
0.00699520
0.00647163
0.00599933
0.00600123
0.00601959
0.00651360
0.00697803
0.00699282
0.00607157
0.00637865
0.00610423
0.00699615
0.00651050
0.00699949
0.00699949
0.00670886
0.00699377
0.00599933
0.00699949
0.00599909
0.00600576
0.00600028
0.00699854
0.00620174
0.00615287
0.00602508
0.00600600
0.00573230
0.00550246
0.00547767
0.00599980
0.00531125
0.00499988
0.00499439
0.00499964
0.00599980
0.00571179
0.00641012
0.00599527
0.00499916
0.00626445
0.00599718
0.00620556
0.00599194
0.00499225
0.00545359
0.00654697
0.00538921
0.00601530
0.00599456
0.00545979
0.00599575
0.00627613
0.00550389
0.00600052
0.00600863
0.00646520
0.00632143
0.00620675
0.00599480
0.00600004
0.00534773
0.00597596
0.00601220
0.00544214
0.00616693
0.00500679
0.00582051
0.00650930
0.00699091
0.00599337
0.00639009
0.00669980
0.00699043
0.00599313
0.00599337
0.00616097
0.00654006
0.00704050
0.00548434
0.00580072
0.00499439
0.00590920
0.00551748
0.00599980
0.00599933
0.00599027
0.00599933
0.00639677
0.00591421
0.00699949
0.00700045
0.00641632
0.00699997
0.00600028
0.00600147
0.00599146
0.00650501
0.00631094
0.00600719
0.00600052
0.00649881
0.00589395
0.00608659
0.00649929
0.00598884
0.00650620
0.00599217
0.00627589
0.00643945
0.00617790
0.00600219
0.00600052
0.00634265
0.00599957
0.00646544
0.00600028
0.00608253
0.00599980
0.00600958
0.00700855
0.00600600
0.00644445
0.00701714
0.00599504
0.00650001
0.00792623
0.00649858
0.00700045
0.00699949
0.00700045
0.00599909
0.00645828
0.00659800
0.00650287
0.00665593
0.00630689
0.00699759
0.00599217
0.00651455
0.00599241
0.00599122
0.00640845
0.00750852
0.00707459
0.00600767
0.00697303
0.00650096
0.00670743
0.00549006
0.00594902
0.00619984
0.00599909
0.00649619
0.00700021
0.00649047
0.00700879
0.00702190
0.00748634
0.00697494
0.00699925
0.00699925
0.00752854
0.00700521
0.00699472
0.00700188
0.00700521
0.00625920
0.00699949
0.00636744
0.00649667
0.00699973
0.00646329
0.00681353
0.00703692
0.00699973
0.00699949
0.00700188
0.00699449
0.00603199
0.00600290
0.00634003
0.00649381
0.00679970
0.00699234
0.00599980
