0.00438046
0.00399160
0.00499916
0.00499940
0.00400138
0.00501060
0.00399327
0.00499892
0.00500512
0.00499272
0.00400162
0.00500512
0.00450540
0.00499749
0.00499511
0.00499415
0.00500107
0.00398827
0.00553131
0.00400138
0.00499439
0.00499296
0.00500035
0.00500011
0.00499988
0.00499916
0.00499892
0.00427985
0.00500035
0.00501585
0.00499940
0.00500727
0.00500035
0.00501108
0.00400090
0.00500464
0.00399947
0.00400019
0.00501037
0.00399971
0.00449038
0.00400066
0.00499797
0.00400090
0.00500655
0.00499392
0.00400090
0.00399971
0.00499201
0.00500035
0.00500035
0.00540257
0.00448370
0.00399995
0.00499940
0.00400114
0.00500512
0.00498843
0.00500679
0.00500202
0.00400019
0.00399947
0.00500035
0.00500822
0.00398779
0.00400043
0.00499082
0.00478053
0.00538063
0.00494385
0.00400138
0.00499320
0.00500011
0.00399971
0.00499940
0.00399995
0.00399947
0.00399947
0.00527763
0.00499964
0.00500035
0.00500894
0.00399971
0.00450540
0.00400114
0.00400257
0.00399995
0.00499129
0.00400352
0.00499868
0.00500631
0.00499296
0.00499940
0.00500011
0.00499177
0.00399661
0.00499773
0.00500059
0.00399685
0.00500083
0.00499988
0.00500011
0.00500441
0.00500035
0.00500607
0.00500011
0.00499201
0.00403714
0.00400138
0.00499558
0.00399995
0.00400114
0.00399327
0.00499511
0.00507832
0.00400090
0.00450706
0.00399923
0.00499368
0.00500059
0.00499892
0.00499463
0.00399947
0.00499487
0.00500202
0.00499964
0.00409007
0.00500035
0.00401163
0.00411129
0.00499940
0.00404978
0.00399995
0.00499964
0.00499988
0.00399971
0.00400162
0.00500011
0.00459886
0.00399947
0.00460386
0.00400591
0.00499940
0.00499630
0.00399590
0.00499439
0.00399995
0.00413561
0.00500488
0.00499940
0.00399947
0.00500679
0.00500178
0.00499368
0.00450730
0.00499988
0.00500584
0.00399423
0.00399971
0.00399494
0.00399971
0.00499225
0.00512862
0.00400066
0.00505900
0.00399947
0.00512004
0.00554371
0.00450587
0.00500083
0.00499058
0.00400138
0.00501704
0.00515246
0.00450230
0.00505733
0.00499749
0.00399327
0.00400019
0.00499964
0.00538826
0.00409532
0.00489593
0.00499201
0.00609875
0.00499916
0.00500083
0.00400066
0.00400186
0.00399971
0.00499964
0.00399876
0.00499177
0.00499964
0.00401855
0.00523162
0.00452495
0.00509000
0.00500083
0.00499249
0.00399947
0.00499845
0.00503135
0.00399375
0.00499535
0.00400066
0.00399399
0.00399113
0.00399971
0.00501084
0.00400138
0.00505543
0.00499654
0.00500035
0.00399065
0.00399947
0.00508976
0.00500035
0.00500560
0.00499868
0.00419688
0.00499153
0.00499225
0.00500226
0.00399995
0.00399542
0.00400138
0.00506234
0.00499678
0.00400448
0.00516748
0.00499988
0.00500154
0.00399995
0.00499725
0.00399899
0.00400019
0.00499249
0.00500441
0.00527453
0.00551224
0.00500870
0.00399137
0.00399661
0.00499988
0.00399113
0.00471497
0.00400901
0.00518847
0.00500059
0.00498843
0.00400162
0.00531197
0.00500178
0.00550365
0.00500035
0.00499749
0.00399947
0.00500131
0.00500917
0.00499082
0.00500822
0.00499249
0.00398970
0.00489855
0.00490737
0.00504661
0.00499916
0.00399160
0.00500011
0.00601029
0.00699997
0.00599957
0.00700092
0.00800538
0.00799990
0.00729966
0.00699639
0.00751519
0.00700212
0.00700045
0.00600600
0.00701523
0.00751424
0.00514269
0.01402521
0.00799489
0.00600696
0.00602078
0.00700450
0.00601506
0.00700092
0.00499964
0.00699973
0.00699925
0.00701857
0.00810242
0.00699997
0.00600100
0.00799298
0.00800705
0.00900722
0.00699949
0.00600719
0.00549364
0.01100850
0.00701594
0.01052642
0.00900745
0.00700855
0.00699854
0.00808883
0.00699973
0.00700021
0.00801110
0.00598645
0.00599146
0.00799990
0.00700021
0.00700593
0.00900698
0.00901103
0.00700998
0.00999999
0.00999284
0.00599957
0.00600171
0.00699949
0.01801395
0.00600052
0.00709724
0.00549579
0.00599980
0.00501227
0.00400114
0.00601459
0.00599790
0.00700021
0.00703478
0.00851774
0.00800085
0.00699949
0.00800705
0.00499201
0.00603318
0.00600123
0.00600696
0.00800729
0.00900722
0.00900865
0.01199985
0.00900960
0.01000047
0.00801659
0.00852346
0.00799441
0.00866675
