0.01699090
0.01152658
0.01000190
0.00760841
0.00719976
0.00831056
0.00750446
0.01017189
0.00807858
0.00900054
0.00774550
0.01000190
0.01099992
0.01099944
0.00900197
0.00707388
0.00915599
0.01039457
0.01000023
0.01320410
0.00800538
0.00834537
0.00800490
0.00799799
0.00801086
0.00746036
0.00805545
0.00700021
0.01106691
0.01151705
0.01051807
0.01300740
0.01237130
0.01286650
0.01285744
0.01099300
0.00899887
0.00800610
0.00798798
0.00934267
0.00999975
0.00999999
0.00900149
0.01199961
0.01201677
0.01199055
0.01299977
0.01200008
0.00918698
0.00899935
0.00952744
0.00891876
0.01227379
0.01396990
0.01389837
0.01211023
0.01004934
0.01035428
0.01351094
0.01028514
0.01049066
0.01205301
0.01244712
0.01500034
0.01401448
0.01548624
0.01545024
0.01100612
0.01365447
0.01452494
0.01500440
0.01404285
0.01399374
0.01201606
0.01253867
0.01148105
0.01447749
0.01388979
0.01199889
0.01252794
0.01298594
0.01500678
0.01409602
0.01199412
0.01352143
0.01348543
0.01400614
0.01182032
0.01246881
0.01301003
0.01707339
0.01400518
0.01600003
0.01217508
0.01402974
0.01300693
0.01440930
0.01401091
0.01300836
0.01301289
0.01161623
0.01044250
0.01100016
0.01012659
0.01199317
0.00802541
0.01350832
0.01449108
0.00938702
0.00900674
0.01299977
0.01200771
0.01155758
0.01966000
0.01141238
0.01133990
0.01214075
0.01303744
0.01333523
0.01100016
0.01399970
0.01400733
0.01352763
0.01332211
0.01250601
0.01099563
0.01300097
0.01340461
0.01234865
0.01347280
0.01444077
0.01210141
0.01331687
0.01251864
0.01100922
0.01199365
0.01400518
0.01202273
0.01099181
0.01250792
0.01300406
0.01259851
0.00998902
0.00974154
0.01117134
0.01243830
0.01399493
0.01400042
0.01308894
0.01301241
0.01517534
0.01248980
0.01120567
0.01400685
0.01285243
0.01167107
0.01199841
0.01399231
0.01499915
0.01248884
0.01214600
0.01301575
0.01342273
0.01370740
0.01313758
0.01297426
0.01352167
0.01170301
0.01100802
0.01209450
0.01401114
0.01551080
0.01601005
0.01627159
0.01352954
0.01099944
0.01005244
0.01200986
0.01136827
0.00974774
0.00949740
0.01300645
0.01299930
0.01310968
0.01469851
0.01500726
0.01401114
0.01420975
0.01476884
0.01199222
0.01249599
0.01200056
0.01200342
0.01328874
0.01201057
0.01179647
0.00884891
0.01252174
0.01099968
0.01200366
0.01210141
0.01388693
0.01447177
0.01300907
0.01366377
0.01450753
0.01417065
0.01222253
0.01254773
0.01102448
0.13409019
0.03200912
0.03600001
0.02400160
0.02311110
0.02410841
0.02399945
0.02700639
0.02299166
0.01700115
0.01800823
0.01801300
0.01652336
0.01696658
0.01699114
0.01717901
0.01660395
0.01727438
0.01400471
0.01001382
0.00999951
0.00948977
0.01000023
0.00926638
0.00903773
0.00919533
0.00899220
0.00917435
0.01000047
0.01319289
0.01103330
0.01000214
0.00999975
0.01000786
0.00799966
0.00699449
0.00800037
0.00700545
0.00799990
0.00749159
0.00743318
0.00799680
0.00712967
0.00782704
0.00799584
0.00751019
0.00699973
0.00900459
0.00837541
0.00800037
0.00799489
0.00742412
0.00751472
0.00699043
0.00802040
0.00699782
0.00702119
0.00699854
0.01016688
0.00798416
0.00800228
0.00924635
0.00699162
0.00657892
0.00799131
0.00699973
0.00699997
0.00800037
0.00699973
0.00700545
0.00699997
0.00850701
0.00700474
0.00801492
0.00800037
0.00699997
0.00699949
0.00700021
0.00700593
0.00699806
0.00700164
0.00727034
0.00700521
0.00799489
0.00799990
0.00699973
0.00699997
0.00699997
0.00699472
0.00900006
0.00799990
0.00800157
0.00699949
0.00800037
0.00699949
0.00799990
0.00699997
0.00700021
0.00700021
0.00700116
0.00699997
0.00800157
0.00750518
0.00660563
0.00599980
0.00799990
0.00699997
0.00799990
0.00824285
0.00699306
0.00700092
0.00699973
0.00800037
0.00699997
0.00599933
0.00700521
0.00700021
0.00699496
0.00700831
0.00699186
0.00699997
0.00753140
0.00699973
0.00700021
0.00699115
0.00600004
0.00699234
0.00800085
0.00699925
0.00699067
0.00700545
0.00750399
0.00700545
0.00699997
0.00699520
0.00599933
0.00599957
0.00699306
0.00599957
0.00700068
0.00699544
0.00753522
0.00649834
0.00599623
0.00700498
0.00702715
0.00699902
0.00598931
0.00698709
0.00700045
0.00700545
0.00599957
0.00720406
0.00699425
0.00599933
0.00700092
0.00699973
0.00700021
0.00699377
0.00699997
0.00699186
0.00700140
0.00700068
0.00730205
0.00800037
0.00799990
0.00700021
0.00700021
0.00699973
0.00600028
