0.00499964
0.00609303
0.00699925
0.00782299
0.00737834
0.00600171
0.00648665
0.00663781
0.00649309
0.00548196
0.00660491
0.00700188
0.00699925
0.00651598
0.00572920
0.00649619
0.00606108
0.00711894
0.00599623
0.00700092
0.00546956
0.00699973
0.00699949
0.00600171
0.00699282
0.00700259
0.00717425
0.00699973
0.00749588
0.00699997
0.00704932
0.00591040
0.00743890
0.00686097
0.00599933
0.00622296
0.00751543
0.00598764
0.00749707
0.00682402
0.00700116
0.00712967
0.00696754
0.00699139
0.00792861
0.00699925
0.00638103
0.00699735
0.00808930
0.00645137
0.00700164
0.00649524
0.00721240
0.00674415
0.00719285
0.00734591
0.00646853
0.00657821
0.00800085
0.00750422
0.00733852
0.00699973
0.00703025
0.00699258
0.00700021
0.00803447
0.00718403
0.00800085
0.00746441
0.00720143
0.00650597
0.00676322
0.00700116
0.00698996
0.00733423
0.00699997
0.00720644
0.00703096
0.00745296
0.00701284
0.00732279
0.00624776
0.00700665
0.00753760
0.00735426
0.00708914
0.00690198
0.00699806
0.00700045
0.00799990
0.00709724
0.00702190
0.00600791
0.00714207
0.00697708
0.00749993
0.00765681
0.00699973
0.00751829
0.00699997
0.00700140
0.00749946
0.00765705
0.00699282
0.00700498
0.00799894
0.00699139
0.00788784
0.00713825
0.00607896
0.00729847
0.00659800
0.00711656
0.00773644
0.00604439
0.00700140
0.00656700
0.00649214
0.00648737
0.00621343
0.00681973
0.00700045
0.00700068
0.00613332
0.00749207
0.00696540
0.00699878
0.00694323
0.00699997
0.00701976
0.00699925
0.00700021
0.00641823
0.00708055
0.00800061
0.00700021
0.00699401
0.00700951
0.00800109
0.00700760
0.00800014
0.00699973
0.00700021
0.00702643
0.00699210
0.00703382
0.00703359
0.00636101
0.00670314
0.00705528
0.00677419
0.00649595
0.00664902
0.00699949
0.00638700
0.00692987
0.00699925
0.00685406
0.00700021
0.00733805
0.00700212
0.00795269
0.00751829
0.00705767
0.00700068
0.00699282
0.00699949
0.00712156
0.00629473
0.00700831
0.00750065
0.00599790
0.00748158
0.00600052
0.00695777
0.00599909
0.00650144
0.00699997
0.00696111
0.00726295
0.00640583
0.00699186
0.00800204
0.00750232
0.00706649
0.00604153
0.00699973
0.00700068
0.00699878
0.00801635
0.00824618
0.00799990
0.00710559
0.00748897
0.00699234
0.00700164
0.00850415
0.00651336
0.00800896
0.00754261
0.00724149
0.00735569
0.01011157
0.00999999
0.00799441
0.00800180
0.00805354
0.00800061
0.00699997
0.00699878
0.00700068
0.00700021
0.00658917
0.00699925
0.00698924
0.00699115
0.00599670
0.00651407
0.00650382
0.00699997
0.00699973
0.00899243
0.00999165
0.00699997
0.00799966
0.00999308
0.00800037
0.00700021
0.00651956
0.00700021
0.00700021
0.00660944
0.00699592
0.00693870
0.00750303
0.00800776
0.00699973
0.00699162
0.00723886
0.00750542
0.00699973
0.00699997
0.00699925
0.00699949
0.00699973
0.00646114
0.00695634
0.00624275
0.00699210
0.00700212
0.00799990
0.00752187
0.00699997
0.00699973
0.00699139
0.00699878
0.00699925
0.00699162
0.00714922
0.00800085
0.00700092
0.00699997
0.00817204
0.00749540
0.00800776
0.00772882
0.00700045
0.00699186
0.00699973
0.00699520
0.00650477
0.00700855
0.00737429
0.00699925
0.00804067
0.00800800
0.00800824
0.00699973
0.00699067
0.01100802
0.01133275
0.00699782
0.00700593
0.00700164
0.01100683
0.01098800
0.00800109
0.00800014
0.00699282
0.00699663
0.00698996
0.00751638
0.00700235
0.00751948
0.00651217
0.00800920
0.00700045
0.00901890
0.01099825
0.01001287
0.00899243
0.00800538
0.00899029
0.00740790
0.00799060
0.00812793
0.00799966
0.00799632
0.00750446
0.00800204
0.00806665
0.00799108
0.00704408
0.00668788
0.00699019
0.00647855
0.00800848
0.00747466
0.00800633
0.00699997
0.00774503
0.00701571
0.00799370
0.00800276
0.00820589
0.00824261
0.00800943
0.00699091
0.00707436
0.00700688
0.00716472
0.00910020
0.01100802
0.00798941
0.00748944
0.00800943
0.00799870
0.00799704
0.00798893
0.00896835
0.00799251
0.00700712
0.00800014
0.01001501
0.00752473
0.00799251
0.00900149
0.01200843
0.01141620
0.01004958
0.00756741
0.01026464
0.00799274
0.00789809
0.00700021
0.00803638
0.01099372
0.01100779
0.01000762
0.01605153
0.01024604
0.01413012
0.00905371
0.00725627
0.00699878
0.00849462
0.01100683
0.00800133
0.00699759
0.00909209
0.00806570
0.00801015
0.00822687
0.00799060
0.00699043
0.00702071
0.00723290
0.00700188
0.00800824
0.00750375
0.00729370
0.00699806
0.00699997
0.00799918
0.00800037
0.00800967
0.00800085
0.00801969
0.00902629
0.00804853
0.00750589
0.00799394
0.00749350
0.00800180
0.01199341
0.01099205
0.00722861
0.00701857
0.00900245
0.00725079
0.00751686
0.00802255
0.01049376
0.00999951
0.00900006
0.00906539
0.01229644
0.01652837
0.01300120
0.01099944
0.00799084
0.00999260
0.01049328
0.01000023
0.01450920
0.01040268
0.01126599
0.00699043
0.00800967
0.00799966
0.00799274
0.00837588
0.00894737
0.00831127
0.00799251
0.00799227
0.00699949
0.00742745
0.00799084
0.00774503
0.00752354
0.00856471
0.01012444
0.00870609
0.00900936
0.00825572
0.00819039
0.00799274
0.00700235
0.00900984
0.00847793
0.00800109
0.00704741
0.00750566
0.00742483
0.00699067
0.00799012
0.00800014
0.00779128
0.00799966
0.00800061
0.00800204
0.00800538
0.00800037
0.00824332
0.00768232
0.00800037
0.00747347
0.00747347
0.00734568
0.00800967
0.00709724
0.00740480
0.00799966
0.00704312
0.00747252
0.00800228
0.00799584
0.00751019
0.00719881
0.00691509
0.00799417
0.00799298
0.00699186
0.00750327
0.00851107
0.00701904
0.00703812
0.00799274
0.00699067
0.00799775
0.00799012
0.00748491
0.00799561
0.00799060
0.00769854
0.00795031
0.00800967
0.00800014
0.00799322
0.00904179
0.00999975
0.00843930
0.00800490
0.00917196
0.00851464
0.00799203
0.00704908
0.00799990
0.00713372
0.00804067
0.00749302
0.00799274
0.00847745
0.00801587
0.00751638
0.00748158
0.00799084
0.00799727
0.00749874
0.00749207
0.00819731
0.00900078
0.01008677
0.00999331
0.00851679
0.00850916
0.00896049
0.00945735
0.01100039
0.01100159
0.01100588
0.01305199
0.01300931
0.01300621
0.01100016
0.01399970
0.01700091
0.00699282
0.00746655
0.00699139
0.00699019
0.00699329
0.00699449
0.00744033
0.00698972
0.00746083
0.00725174
0.00800467
0.00850749
0.00799799
0.00750017
0.00710964
0.00698996
0.00753713
0.00700617
0.00702977
0.00799036
0.00801015
0.00758433
0.00751162
0.00749516
0.00774837
0.00851297
0.00801706
0.00740194
0.00700116
0.00805140
0.00800037
0.00699997
0.00700903
0.00779033
0.00699043
0.00744271
0.00800896
0.00799990
0.00800037
0.00802827
0.00744319
0.00699019
0.00805712
0.00750041
0.00750113
0.00802135
0.00799799
0.00799227
0.00699115
0.00800228
0.00801539
0.00799203
0.00649619
0.00801420
0.00800753
0.00762939
0.00699973
0.00712347
0.00697494
0.00811839
0.00703478
0.00750470
0.00794530
0.00799036
0.00699282
0.00699258
0.00714016
0.00850272
0.00799966
0.00802565
0.00699043
0.00699115
0.00699091
0.00699806
0.00748730
0.00714207
0.00750637
0.00698304
0.00799251
0.00810266
0.00703192
0.00799227
0.00701571
0.00800872
0.00748563
0.00800896
0.00759387
0.00824332
0.00747752
0.00716519
0.00803614
0.00702643
0.00850677
0.00800705
0.00800943
0.00800061
0.00749779
0.00799274
0.00804520
0.00820255
0.00802612
0.00748587
0.00699091
0.00700164
0.00699234
0.00712347
0.00746226
0.00800920
0.00662589
0.00809884
0.00799274
0.00699806
0.00799036
0.00803447
0.00700116
0.00698972
0.00800800
0.00744390
0.00780940
0.00700140
0.00799346
0.00699949
0.00698948
0.00699091
0.00799203
0.00770736
0.00707150
0.00800180
0.00700927
0.00722528
0.00734067
0.00821209
0.00801182
0.00735402
0.00743818
0.00800014
0.00805998
0.00808167
0.00899029
0.00809908
0.00718427
0.00750399
0.00748515
0.00699687
0.00742626
0.00844002
0.00800467
0.00699282
0.00799918
0.00799131
0.00800180
0.00802875
0.01001525
0.01198912
0.01150179
0.01131845
0.01030350
0.00999999
0.00900030
0.00807118
0.00961566
0.00743818
0.00793648
0.00743222
0.00831175
0.00800967
0.00747204
0.00848722
0.00844193
0.00798655
