0.00400877
0.00399184
0.00401163
0.00399518
0.00400805
0.00399065
0.00399089
0.00500083
0.00399995
0.00399971
0.00436378
0.00399113
0.00399160
0.00399351
0.00502157
0.00399923
0.00399351
0.00399113
0.00399113
0.00399923
0.00501919
0.00500703
0.00436330
0.00426984
0.00399971
0.00535583
0.00500131
0.00400019
0.00500011
0.00399399
0.00500035
0.00399995
0.00499511
0.00400114
0.00399375
0.00399995
0.00399923
0.00500011
0.00447536
0.00500464
0.00399518
0.00399971
0.00500607
0.00499678
0.00500011
0.00399923
0.00500226
0.00399971
0.00450134
0.00399995
0.00399971
0.00398612
0.00399923
0.00399899
0.00399208
0.00400591
0.00500059
0.00499964
0.00500011
0.00633216
0.00449252
0.00501585
0.00501204
0.00399923
0.00500059
0.00600958
0.00500870
0.00498962
0.00505495
0.00499964
0.00500512
0.00500083
0.00501490
0.00500059
0.00501323
0.00499988
0.00499535
0.00538898
0.00499940
0.00500083
0.00535202
0.00500011
0.00546765
0.00550699
0.00499964
0.00600624
0.00539112
0.00555515
0.00500107
0.00550508
0.00500059
0.00600648
0.00600147
0.00500011
0.00532722
0.00600314
0.00500107
0.00499034
0.00600028
0.00499463
0.00564384
0.00499821
0.00601244
0.00600100
0.00609589
0.00500011
0.00601840
0.00600672
0.00546479
0.00499988
0.00517058
0.00600672
0.00499964
0.00517416
0.00500107
0.00599957
0.00600243
0.00499964
0.00499964
0.00600576
0.00496268
0.00548100
0.00600290
0.00600195
0.00499964
0.00600624
0.00521135
0.00600171
0.00499487
0.00548601
0.00499392
0.00600123
0.00551033
0.00499845
0.00600600
0.00499749
0.00500107
0.00499964
0.00549889
0.00499940
0.00500035
0.00600266
0.00600195
0.00599933
0.00450373
0.00600719
0.00599265
0.00599885
0.00637984
0.00600052
0.00548053
0.00702143
0.00612283
0.00604868
0.00641489
0.00638151
0.00606179
0.00549293
0.00585294
0.00599933
0.00650263
0.00599980
0.00600410
0.00639296
0.00500321
0.00603104
0.00650930
0.00543165
0.00600719
0.00530624
0.00603414
0.00499535
0.00600624
0.00614047
0.00600195
0.00604916
0.00599909
0.00600958
0.00600410
0.00600052
0.00544214
0.00542140
0.00616646
0.00499964
0.00549722
0.00600100
0.00499988
0.00600076
0.00550461
0.00499964
0.00499868
0.00600815
0.00600648
0.00499177
0.00551534
0.00499797
0.00499988
0.00599980
0.00499511
0.00600028
0.00548029
0.00529671
0.00571203
0.00499964
0.00600123
0.00599289
0.00600004
0.00551081
0.00499964
0.00600004
0.00532818
0.00600123
0.00502110
0.00649714
0.00599790
0.00600147
0.00550914
0.00600147
0.00548816
0.00607467
0.00604415
0.00600147
0.00545168
0.00600600
0.00649047
0.00600028
0.00511527
0.00500035
0.00596452
0.00499964
0.00612831
0.00600123
0.00600100
0.00600004
0.00577331
0.00499940
0.00499964
0.00549889
0.00599957
0.00499916
0.00600028
0.00602412
0.00599217
0.00499916
0.00599957
0.00550652
0.00600338
0.00651741
0.00599384
0.00600076
0.00653243
0.00607133
0.00600076
0.00499940
0.00499606
0.00634408
0.00519943
0.00600004
0.00650334
0.00600004
0.00600839
0.00548625
0.00637007
0.00629854
0.00600004
0.00629830
0.00500011
0.00600362
0.00600004
0.00549626
0.00699973
0.00599980
0.00603247
0.00600505
0.00504994
0.00649929
0.00515771
0.00600195
0.00599527
0.00600123
0.00549722
0.00600719
0.00599408
0.00600076
0.00499415
0.00647616
0.00599957
0.00557089
0.00499916
0.00599957
0.00499415
0.00602484
0.00500035
0.00499535
0.00581670
0.00500035
0.00525141
0.00500011
0.00499988
0.00500107
0.00499988
0.00499988
0.00499940
0.00551701
0.00450349
0.00583005
0.00450325
0.00450230
0.00627828
0.00600028
0.00499964
0.00499272
0.00499964
0.00601172
0.00500011
0.00477386
0.00600052
0.00515628
0.00500512
0.00499964
0.00499225
0.00600028
0.00499368
0.00499988
0.00600529
0.00500512
0.00499940
0.00553322
0.00627542
0.00606227
0.00499988
0.00499940
0.00499463
0.00538540
0.00600052
0.00600004
0.00500059
0.00537491
0.00600100
0.00549459
0.00499487
0.00605702
0.00499916
0.00599813
0.00521159
0.00599170
0.00600553
0.00499511
0.00626707
0.00600076
