0.00348926
0.00500059
0.00599980
0.00600386
0.00601053
0.00601006
0.00599360
0.00599027
0.00599170
0.00599051
0.00601292
0.00600266
0.00606108
0.00598907
0.00515103
0.00599885
0.00599885
0.00500464
0.00600004
0.00498986
0.00650191
0.00600863
0.00499988
0.00601149
0.00600052
0.00599289
0.00498533
0.00599790
0.00598955
0.00500989
0.00599265
0.00599980
0.00500107
0.00600004
0.00500011
0.00500035
0.00498986
0.00499082
0.00499272
0.00601244
0.00600123
0.00617170
0.00600100
0.00599456
0.00399971
0.00500083
0.00449085
0.00399041
0.00399828
0.00398779
0.00500727
0.00500178
0.00499940
0.00499272
0.00399017
0.00499320
0.00600767
0.00548267
0.00500584
0.00600028
0.00399017
0.00501132
0.00499821
0.00399899
0.00500917
0.00399804
0.00500011
0.00400043
0.00499082
0.00499964
0.00400019
0.00500417
0.00499058
0.00399995
0.00508022
0.00501013
0.00415134
0.00499868
0.00398898
0.00499988
0.00399017
0.00499773
0.00505352
0.00400019
0.00399995
0.00450230
0.00500059
0.00399804
0.00499821
0.00400472
0.00399828
0.00449300
0.00521946
0.00599027
0.00599217
0.00500989
0.00452209
0.00499105
0.00500011
0.00499845
0.00600886
0.00599313
0.00600696
0.00601339
0.00514889
0.00651693
0.00640917
0.00600696
0.00500727
0.00600004
0.00600076
0.00600004
0.00500941
0.00400019
0.00500607
0.00600219
0.00511074
0.00400424
0.00449014
0.00399995
0.00614715
0.00601196
0.00499249
0.00600767
0.00499249
0.00600004
0.00599909
0.00499749
0.00700879
0.00499940
0.00600004
0.00601506
0.00700712
0.00500011
0.00499535
0.00500751
0.00399995
0.00600028
0.00399971
0.00499034
0.00499988
0.00505638
0.00599027
0.00599957
0.00699449
0.00600743
0.00598478
0.00598979
0.00499797
0.00499105
0.00550437
0.00499964
0.00500560
0.00498629
0.00599337
0.00699258
0.00600171
0.00500083
0.00599551
0.00708604
0.00652122
0.00499749
0.00499296
0.00500226
0.00600004
0.00503469
0.00399113
0.00499034
0.00500059
0.00500107
0.00500250
0.00700736
0.00450611
0.00703096
0.00650954
0.00600958
0.00498986
0.00499010
0.00398993
0.00499249
0.00500536
0.00400209
0.00499773
0.00529146
0.00504112
0.00500655
0.00499272
0.00601578
0.00547576
0.00750899
0.00500178
0.00500011
0.00499082
0.00500131
0.00499082
0.00509453
0.00500870
0.00399899
0.00498915
0.00398993
0.00499439
0.00499797
0.00400233
0.00501204
0.00399637
0.00452328
0.00400567
0.00499225
0.00499296
0.00599813
0.00499845
0.00799942
0.00598907
0.00500631
0.00500107
0.00399923
0.00432754
0.00470901
0.00450087
0.00450206
0.00450683
0.00450277
0.00527596
0.00450420
0.00450397
0.00450444
0.00400090
0.00500154
0.00500655
0.00399971
0.00500011
0.00399756
0.00500011
0.00399947
0.00500011
0.00400090
0.00399995
0.00451136
0.00421715
0.00526929
0.00501776
0.00500131
0.00500202
0.00500631
0.00398803
0.00499988
0.00400209
0.00400162
0.00509191
0.00399160
0.00500655
0.00432897
0.00500154
0.00400138
0.00399971
0.00533366
0.00401425
0.00500035
0.00419044
0.00500131
0.00500107
0.00399971
0.00500464
0.00436473
0.00500703
0.00500846
0.00436592
0.00400090
0.00500154
0.00409937
0.00400090
0.00400114
0.00399232
0.00414729
0.00399470
0.00499988
0.00500560
0.00399947
0.00500512
0.00399923
0.00495505
0.00399971
0.00500202
0.00400138
0.00400019
0.00400090
0.00399899
0.00399947
0.00500059
0.00400162
0.00499463
0.00451231
0.00399971
