0.00500011
0.00523806
0.00635386
0.00609136
0.00511551
0.00600028
0.00599694
0.00552058
0.00549769
0.00700259
0.00545931
0.00600004
0.00536013
0.00646377
0.00600958
0.00608635
0.00600004
0.00599980
0.00649929
0.00599980
0.00600052
0.00635266
0.00600147
0.00510931
0.00600600
0.00544238
0.00647974
0.00550151
0.00499082
0.00499535
0.00499821
0.00499940
0.00600100
0.00499272
0.00422263
0.00499988
0.00500226
0.00500107
0.00450444
0.00506735
0.00499964
0.00452065
0.00500011
0.00499964
0.00499249
0.00399852
0.00499988
0.00500107
0.00500727
0.00500083
0.00399256
0.00500202
0.00399303
0.00551438
0.00399423
0.00500035
0.00546813
0.00499201
0.00545979
0.00499845
0.00543523
0.00499964
0.00599217
0.00535965
0.00631809
0.00529122
0.00641060
0.00550032
0.00600004
0.00549746
0.00579214
0.00548649
0.00644588
0.00545382
0.00602961
0.00599957
0.00531459
0.00499320
0.00499511
0.00600100
0.00550342
0.00599861
0.00600767
0.00600004
0.00499940
0.00499868
0.00612330
0.00600123
0.00499916
0.00600004
0.00644398
0.00642228
0.00600219
0.00646734
0.00576401
0.00560808
0.00549674
0.00599980
0.00502443
0.00606847
0.00634289
0.00599480
0.00549269
0.00599504
0.00501204
0.00626183
0.00499964
0.00549459
0.00600004
0.00600076
0.00699973
0.00799966
0.00808787
0.00999951
0.01000500
0.01000142
0.01071167
0.00601506
0.00841498
0.00700665
0.00800014
0.00903583
0.00800681
0.00751400
0.00900173
0.00799465
0.00851607
0.00500917
0.00691032
0.00599957
0.00708795
0.00500178
0.00523615
0.00600147
0.00800371
0.00749397
0.00803685
0.00899935
0.00699949
0.00800824
0.00814128
0.00706577
0.00723863
0.00733852
0.00699258
0.00999784
0.01199818
0.01208663
0.01159549
0.01399708
0.01214600
0.01299930
0.01299930
0.01043463
0.01150799
0.00949097
0.00912595
0.00915956
0.00649714
0.01000905
0.00799179
0.01107860
0.00942922
0.01099992
0.01024604
0.01098990
0.01048446
0.00938034
0.01100564
0.01000500
0.00800967
0.01085806
0.01200008
0.01100755
0.01004028
0.00893998
0.00799799
0.00900984
0.01010799
0.00900674
0.00900030
0.01072264
0.01202321
0.00750875
0.00699973
0.01300812
0.01000738
0.01000118
0.01000047
0.00604081
0.00799394
0.00826454
0.00801325
0.00800800
0.00900722
0.01100731
0.00862479
0.01011443
0.00800037
0.00903821
0.00900626
0.02204800
0.01099968
0.00899911
0.01002169
0.00952387
0.00900841
0.00900102
0.01000023
0.01049447
0.01001048
0.01017809
0.01000237
0.00900078
0.00800014
0.00900197
0.00760078
0.00599957
0.00600529
0.00643277
0.00599957
0.00550508
0.00600004
0.00600147
0.00599957
0.00699973
0.00599980
0.00599957
0.00648189
0.00600004
0.00700116
0.00599289
0.00599694
0.00679469
0.00607967
0.00570774
0.00599980
0.00667310
0.00651169
0.00599933
0.00546527
0.00540185
0.00540495
0.00642467
0.00644803
0.00648594
0.00600100
0.00599265
0.00505590
0.00499153
0.00600028
0.00599957
0.00499153
0.00699997
0.00600386
0.01099968
0.00599980
0.00699949
0.00600171
0.00600004
0.00650787
0.00599957
0.00584435
0.00550437
0.00651240
0.00650406
0.00550437
0.00515270
0.00599504
0.00600076
0.00499582
0.00599551
0.00550675
0.00505805
0.00600004
0.00499940
0.00599313
0.00601101
0.00599861
0.00609231
0.00600386
0.00624037
0.00499892
0.00499916
0.00499463
0.00600171
0.00550103
0.00500226
0.00499487
0.00499964
0.00501299
0.00500154
0.00500083
0.00399756
0.00500083
0.00499988
0.00499988
0.00499296
0.00499964
0.00499988
0.00500250
0.00400019
0.00431347
0.00499392
0.00500011
0.00399947
0.00442433
0.00400043
0.00499916
0.00499249
0.00500035
0.00499964
0.00410342
0.00549841
0.00499988
0.00500154
0.00500035
0.00555611
0.00500059
0.00515795
0.00500011
0.00499988
0.00500035
0.00500011
0.00499272
0.00499964
0.00475955
0.00500011
0.00500035
0.00500011
0.00499988
0.00542998
0.00499964
0.00550508
0.00499940
0.00500512
0.00600004
0.00499272
0.00599909
0.00499988
0.00499439
0.00499868
0.00498986
0.00499940
0.00499511
0.00644326
0.00499701
0.00550532
0.00600195
0.00600100
0.00649929
0.00500059
0.00555873
0.00509286
0.00619030
0.00492120
0.00499988
0.00551653
0.00584579
0.00442195
0.00600433
0.00500011
0.00499940
0.00449657
0.00533390
0.00529718
0.00537300
0.00499940
0.00499988
0.00446033
0.00499964
0.00399899
0.00499916
0.00500250
0.00500083
0.00399494
0.00399923
0.00514746
0.00399184
0.00499916
0.00500011
0.00530791
0.00599742
0.00499344
0.00499940
0.00499487
0.00447464
0.00454330
0.00499296
0.00500655
0.00516462
0.00563931
0.00520420
0.00599909
0.00498629
0.00541043
0.00599957
0.00625205
0.00499177
0.00599933
0.00500131
0.00500011
0.00550008
0.00600934
0.00550508
0.00600052
0.00502133
0.00700021
0.00799918
0.00900364
0.01200843
0.01001191
0.01099706
0.00899529
0.01116443
0.00900483
0.00800943
0.00900030
0.00999975
0.01099920
0.01010036
0.01052260
0.00999975
0.00800014
0.00892258
0.00999975
0.01099086
0.00800967
0.00975609
0.01199913
0.01000023
0.00999331
0.01100445
0.01001358
0.01254582
0.01099443
0.01200461
0.01000214
0.01200724
0.00900722
0.01051235
0.01152372
0.01100063
0.00999451
0.01231480
0.00800061
0.01182723
0.01052976
0.01000595
0.00871158
0.00905871
0.01149440
0.00949240
0.01014662
0.01752973
0.01089358
0.00900030
0.00900269
0.01158023
0.01001525
0.00843310
0.00600100
0.00700426
0.00700092
0.00599933
0.00600743
0.00601101
0.00600791
0.00800848
0.00501060
0.00651860
0.00592351
0.00599933
0.00588155
0.00500226
0.00499964
0.00500822
0.00601149
0.00499010
0.00751233
0.00499892
0.00647569
0.00499082
0.00400305
0.00399971
0.00551510
0.00500727
0.00399923
0.00700879
0.00667524
0.00598979
0.00601578
0.00599933
0.00801492
0.00722599
0.00623488
0.00778484
0.00600076
0.00599718
0.00528955
0.00799036
0.00799179
0.00899172
0.00628853
0.00850534
0.01599979
0.01100349
0.00700045
0.01999974
0.00799894
0.00700665
0.00699997
0.00900030
0.00608826
0.00800061
0.00699282
0.00799799
0.00700808
0.00676298
0.00707769
0.00499558
0.00699973
0.00799918
0.00700045
0.00801992
0.00800610
0.00600052
0.00799870
0.00710106
0.00699878
0.00799632
0.00822759
0.00616813
0.00600052
0.00800395
0.00699377
0.00600338
0.00782871
0.00868034
0.00737429
0.00600338
0.00700760
0.00600505
0.01070833
0.00699997
0.00501442
0.00850534
0.00699162
0.01199985
0.00700021
0.00698948
0.00600052
0.00699997
0.00799584
0.00718403
0.00700021
0.00700879
0.00798655
0.00700092
0.00899220
0.00700808
0.00699162
0.00899768
0.01001000
0.00688553
0.00601125
0.00604224
0.00600076
0.01199985
0.00631595
0.00899696
0.00626063
0.00615263
0.00786233
0.00700808
0.00999284
0.00699544
0.00993061
0.01402545
0.00653410
0.00700021
0.00640631
0.01099181
0.00800824
0.00999928
0.00847936
0.01954722
0.00799680
0.00801420
0.00799966
0.00655985
0.00800753
0.00699043
0.00899982
0.00900006
0.00827742
0.00800061
0.00900960
0.00700116
0.00700164
0.00716686
0.00690007
0.00700760
0.00758457
0.00700521
0.00801134
0.00746202
0.00699210
0.00722742
0.00700736
0.00900650
0.00812006
0.01001358
0.00854349
0.01000595
0.01100683
0.00911474
0.00900030
0.01127243
0.01100636
0.00921392
0.01301026
0.01144266
0.01047683
0.01199532
0.01213050
0.01071715
0.00869870
0.00813270
0.00935388
0.01300049
0.01700139
0.01300931
0.01168799
0.01300001
0.01200938
0.01009917
0.01299310
0.01200914
0.01006341
0.01147866
0.01100183
0.00792718
0.01800036
0.01100564
0.00899029
0.01144934
0.01000047
0.00859618
0.01005340
0.01003575
0.00738335
0.00750113
0.00649810
0.00598931
0.00701022
0.00800371
0.00899959
0.00800109
0.00710893
0.00898504
0.00648355
0.00700164
0.00698829
0.00700283
0.00701523
0.00801539
0.00700831
0.00800061
0.00900149
0.00781655
0.00952435
0.00800109
0.00800061
0.00799966
0.00909853
0.00700164
0.00829959
0.00901151
0.00701284
0.00903821
0.00851488
0.00799298
0.00698924
0.00800633
0.00800180
0.00899982
0.00801158
0.00662088
0.00701475
0.00599980
0.00827050
0.00700212
0.00599480
0.00799918
0.00699520
0.00799918
0.00847483
0.01000476
0.00800157
0.00805926
0.00700927
0.00799990
0.00799537
0.00853324
0.00983000
0.01000047
0.00901937
0.00935316
0.00600004
0.00601029
0.00599957
0.00899887
0.01000834
0.00899720
0.00790381
0.00799894
0.00753164
0.01000023
0.00711083
0.00700688
0.00910497
0.00799942
0.00900149
0.01100755
0.00803399
0.00798321
0.00900149
0.00900650
0.01000738
0.01165962
0.00851059
0.00800157
0.00965047
0.00799966
0.00899768
0.00800610
0.00900459
0.00834775
0.00745869
0.00800848
0.00800729
0.00812531
0.01000738
0.00800014
0.00799251
0.00907826
0.00800323
0.00700927
0.01112127
0.00953579
0.00833082
0.00900722
0.00899506
0.00701380
0.01035833
0.00900793
0.00727987
0.00700665
0.00899315
0.00907230
0.00847697
0.00901222
0.00604105
0.00899792
0.00800824
0.00800776
0.00809073
0.00900078
0.00899291
0.01008677
0.00751281
0.00700164
0.00749826
0.00706172
0.00801086
0.00920963
0.00806236
0.00899577
0.00809360
0.00791883
0.00651789
0.00599170
0.00575805
0.00600028
0.00713921
0.00699234
0.00699949
0.00852156
0.00907278
0.00825453
0.00868058
0.00700474
0.00699973
0.00999999
0.00900006
0.00903773
0.01000762
0.00799966
0.00700736
0.00899315
0.00801110
0.00824451
0.01000857
0.00699949
0.00992632
0.01052737
0.01007652
0.00600791
0.00999546
0.00807500
0.00899935
0.00801349
0.01153421
0.01317763
0.01100683
0.00816989
0.00900054
0.00709081
0.00893021
0.00885797
0.00940871
0.00700784
0.00656390
0.00599861
0.00892091
0.00899100
0.00700569
0.00899982
0.00800133
0.01498961
0.00699210
0.00999951
0.01000786
0.00899076
0.01055193
0.00900054
0.01000023
0.01001000
0.01100063
0.00940204
0.01114249
0.01252508
0.01032043
0.01096725
0.01287031
0.01197982
0.01139712
0.01227760
0.01200056
0.01108551
0.00998616
0.01103544
0.01191998
0.00912023
0.00912595
0.00800347
0.01100755
0.00935459
0.00901699
0.00912595
0.00700021
0.01065660
0.01253128
0.01145434
0.00899911
0.00753069
0.01099944
0.01120377
0.00800014
0.00800204
0.00758052
0.01099634
0.00900841
0.00799632
0.01111531
0.01211524
0.00800800
0.01308775
0.01251030
0.01199341
0.01300097
0.01144791
0.00800061
0.00698781
0.01300740
0.01238585
0.00800204
0.00728083
0.00827360
0.01105309
0.01300359
0.00886846
0.01553321
0.00899124
0.01499963
0.01200080
0.01299882
0.01332283
0.01022625
0.00848937
0.01899052
0.01100826
0.00899959
0.00999737
0.01099992
0.01000094
0.01100087
0.00900364
0.00900722
0.00801229
0.01011825
0.00902200
0.00793600
0.01200128
0.01100111
0.00699854
0.01000762
0.00818563
0.00809908
0.00699139
0.01009130
0.00929356
0.00804782
0.00925493
0.00799179
0.01099873
0.00999236
0.01100087
0.00737786
0.00700879
0.00699973
0.00700974
0.00900698
0.01251721
0.01079679
0.00930667
0.00950217
0.00600004
0.00699973
0.00799918
0.00700998
0.00851154
0.00808454
0.00833464
0.00599909
0.01100683
0.00703955
0.00600290
0.00700116
0.00700784
0.00799131
0.00799918
0.01000023
0.00949097
0.01001263
0.01015401
0.00803280
0.01201010
0.01199841
0.01176643
0.00899148
0.01049733
0.01018119
0.01049638
0.01100874
0.01025271
0.00999999
0.01023579
0.01100850
0.00916696
0.00998878
0.01299047
0.01326203
0.01299787
0.00902462
0.00909901
0.01900864
0.00850272
0.00900054
0.01300836
0.01200104
0.01300049
0.01002598
0.00961614
0.00900030
0.00900126
0.00998974
0.00800943
0.00800014
0.00600004
0.00549507
0.00599980
0.00699329
0.01041102
0.00899243
0.01100659
0.01001215
0.01099753
0.00901127
0.00900698
0.00900197
0.00899959
0.00899887
0.00899935
0.00900030
0.00700116
0.00701022
0.00700831
0.00628614
0.00806069
0.00749516
0.00998926
0.00898981
0.01000047
0.00702572
0.01100969
0.01300168
0.01001072
0.00900197
0.01000142
0.01099992
0.00842500
0.01002717
0.01000404
0.01000714
0.01000953
0.00899601
0.00699067
0.00700808
0.00800419
0.01263785
0.00900841
0.00700831
0.00899076
0.00770807
0.01000857
0.01100063
0.00800204
0.00751352
0.00999689
0.00732064
0.00700116
0.00737476
0.00700855
0.01000023
0.00985432
0.00980616
0.00684834
0.01028967
0.00902271
0.00900865
0.00800109
0.00914097
0.00900149
0.01505828
0.00799990
0.01199889
0.01099825
0.00899959
0.00799942
0.01000309
0.01000142
0.00799942
0.00999999
0.00999975
0.01100087
0.00900292
0.00950384
0.00999975
0.00800037
0.00799990
0.01000047
0.00900149
0.00951815
0.00800323
0.00999904
0.00999999
0.00900030
0.00801325
0.01000428
0.01050353
0.01100016
0.00900030
0.01000357
0.01000071
0.00900412
0.01050949
0.00901103
0.00999904
0.01300168
0.00899887
0.00999117
0.01000190
0.00999999
0.01100063
0.01100016
0.01000094
0.01000071
0.01000357
0.00950813
0.00899935
0.00999904
0.00999928
0.00900078
0.02200055
0.01019359
0.00899935
0.01000214
0.01901388
0.01003408
0.01051021
0.01050854
0.01099992
0.00996256
0.01000118
0.01099920
0.01916504
0.01038074
0.00953126
0.00999856
0.01099014
0.00931311
0.01000857
0.02200222
0.01051474
0.01099944
0.01099944
0.01173043
0.00941277
0.01099968
0.01057172
0.00903606
0.00899887
0.01078248
0.00996733
0.01100183
0.01200175
0.01000094
0.01099992
0.01099896
0.02199984
0.01040149
0.01050282
0.01200104
0.01116204
0.01100039
0.01000023
0.00999904
0.02137065
0.00900316
0.01000023
0.01043081
0.01000142
0.00999045
0.01100183
0.00900030
0.01000071
0.01100039
0.01122785
0.01000023
