0.01139188
0.01000118
0.01099157
0.01250720
0.00900269
0.02450418
0.01100564
0.00999117
0.01000142
0.01947165
0.01028061
0.01000094
0.00899911
0.00947976
0.02200127
0.00900245
0.00999928
0.01000071
0.00899148
0.01148653
0.00799322
0.01000071
0.01000094
0.01000071
0.01000428
0.01000381
0.01101112
0.00878191
0.01099133
0.01099801
0.00999117
0.00999880
0.01199007
0.01199961
0.00900507
0.00999975
0.00894666
0.01099896
0.01099110
0.01000094
0.00899982
0.01000047
0.00899982
0.01100135
0.00952053
0.01000071
0.00999999
0.00999975
0.00900006
0.01100016
0.01199985
0.01099896
0.00899982
0.00999975
0.01000023
0.02450347
0.01100087
0.01001120
0.00999141
0.01900005
0.00901937
0.01053524
0.01098728
0.01099873
0.01100063
0.01000786
0.01000190
0.01199818
0.01299834
0.00999594
0.01100993
0.00897026
0.01400018
0.01000047
0.02198982
0.01300001
0.01149607
0.01099944
0.01099968
0.00999951
0.01099563
0.00999546
0.00999999
0.01099420
0.01200056
0.01900172
0.01000190
0.01950455
0.01100087
0.00999999
0.00999689
0.00999951
0.02249384
0.01099968
0.01100111
0.01899981
0.01199985
0.02050352
0.01100111
0.01100111
0.01099992
0.01000047
0.00900221
0.00950456
0.01099944
0.02299356
0.01000428
0.01099920
0.00998545
0.01100063
0.01100659
0.01000023
0.01199985
0.01100183
0.01050568
0.01099968
0.01200080
0.01100039
0.01500368
0.00950956
0.01000381
0.00940633
0.01099944
0.01299787
0.01100612
0.00999904
0.01300025
0.00999284
0.01099586
0.01000071
0.01199937
0.01100039
0.01099992
0.01100016
0.01099992
0.01099968
0.01153684
0.00900960
0.01001978
0.00900078
0.01160550
0.01000071
0.01199937
0.00951505
0.01049590
0.00900769
0.00934100
0.00900197
0.01001501
0.00899887
0.00800109
0.00991058
0.00830388
0.00999999
0.01137877
0.01000071
0.01048899
0.00949335
0.00900722
0.00900650
0.00900340
0.01275134
0.00999117
0.00800204
0.01100731
0.00802255
0.00900841
0.00830507
0.00700068
0.00732517
0.00700903
0.00700021
0.01000810
0.00800228
0.00799489
0.01001215
0.01000357
0.01100731
0.01101279
0.00799656
0.01300788
0.01402473
0.01252246
0.00751185
0.00627899
0.00899029
0.00700879
0.00799966
0.00700212
0.00799942
0.00677299
0.00852466
0.00899935
0.00600147
0.00848389
0.00653481
0.00700855
0.00747681
0.00800896
0.00701070
0.00650072
0.00700021
0.00700641
0.00699973
0.00754619
0.00699997
0.00599909
0.00699186
0.00799227
0.00700426
0.00700998
0.00642228
0.00699043
0.00599003
0.00629759
0.00799537
0.02800012
0.00750113
0.00799990
0.01198220
0.01000047
0.00799942
0.00800109
0.00899959
0.01300049
0.00800014
0.00800014
0.00999951
0.00799990
0.00700116
0.00800014
0.00800014
0.00800037
0.00700021
0.00700665
0.00799942
0.00850248
0.01200104
0.00800776
0.00799346
0.00899959
0.02950263
0.00900602
0.00799966
0.02800035
0.01050282
0.00799966
0.00900006
0.01299977
0.00900578
0.00899982
0.00700140
0.02450299
0.00700426
0.00799489
0.00700021
0.00800014
0.00750303
0.00799990
0.01000047
0.00799203
0.01003861
0.00799870
0.01198602
0.01200056
0.00799274
0.00899458
0.00799990
0.00700021
0.00801015
0.00851512
0.00899982
0.00900054
0.00899839
0.00899506
0.01900172
0.00800109
0.00899291
0.00799537
0.00800037
0.00799966
0.00901103
0.00810218
0.00699925
0.00800014
0.00799942
0.00899982
0.00901937
0.00899959
0.00799537
0.00725436
0.00799417
0.00699949
0.00899935
0.00699854
0.00849414
0.00851583
0.00734973
0.00799990
0.01500773
0.01199007
0.01200438
0.00850296
0.00900006
0.00899124
0.01200008
0.00899935
0.00948739
0.01053286
0.00700998
0.00700188
0.00900054
0.00650406
0.00733304
0.00608706
0.00999999
0.01101160
0.00800586
0.01398993
0.01100540
0.00799227
0.00850487
0.00934625
0.01000071
0.00838494
0.00700068
0.01000023
0.00900030
0.00901127
0.00920916
0.00898933
0.00899959
0.01099968
0.00900078
0.01000953
0.00800705
0.00852656
0.00899959
0.00900841
0.00799108
0.01199937
0.01000547
0.01052475
0.00999880
0.00900030
0.00799012
0.00901008
0.00999999
0.00800800
0.00999975
0.01000071
0.00900030
0.00799990
0.00900006
0.00800133
0.01006603
0.00900793
0.00900745
0.00841904
0.00777626
0.01099992
0.00850439
0.01000071
0.00830436
0.00657272
0.00701308
0.00750518
0.00903201
0.01000977
0.00998878
0.00999928
0.00648046
0.00750279
0.00614977
0.00699973
0.00999236
0.00743198
0.00900841
0.00640535
0.00826430
0.01000619
0.00869203
0.00923014
0.00800252
0.00699520
0.01001191
0.00900769
0.01099110
0.00604820
0.00900888
0.01000261
0.00901055
0.00799990
0.00900841
0.00700021
0.00904799
0.00672984
0.00800896
0.01043773
0.01799035
0.00799966
0.01000142
0.01037693
0.00899887
0.00900006
0.00799990
0.00600123
0.00725317
0.00699902
0.00800943
0.00599980
0.00799346
0.00733352
0.00621009
0.00621414
0.00545764
0.00699997
0.00700879
0.00800014
0.00707102
0.00779533
0.01151156
0.01550221
0.00799966
0.01000166
0.00899982
0.00899839
0.00900245
0.00950623
0.00999522
0.00899839
0.00900102
0.00799513
0.01098204
0.01262760
0.00900507
0.00699925
0.00615525
0.00800037
0.00900006
0.00841188
0.01841283
0.00700092
0.00799608
0.00900006
0.00799036
0.00900054
0.00811219
0.01088071
0.00793076
0.00700021
0.00977445
0.01194096
0.01204610
0.02300692
0.00798917
0.00923467
0.00900030
0.00844932
0.00906706
0.00899959
0.00900078
0.00899982
0.00800943
0.00901985
0.01063156
0.01099992
0.00800061
0.00799990
0.01100159
0.00699854
0.01093316
0.00951934
0.00899982
0.00699210
0.01000023
0.00800133
0.00899553
0.01030970
0.00844574
0.00900197
0.02095342
0.00890350
0.00905085
0.01105356
0.00897360
0.00908804
0.00800538
0.00911617
0.00803280
0.00894451
0.00961137
0.01172209
0.00899935
0.00900578
0.01100063
0.00801468
0.00850749
0.00941491
0.00712037
0.01000118
0.01000166
0.01003838
0.01006937
0.00960517
0.00951910
0.00919008
0.00900459
0.00800037
0.00895786
0.00805807
0.00959587
0.01002002
0.00899696
0.00807762
0.00796151
0.00900650
0.00850534
0.00900793
0.01017451
0.00900078
0.00893545
0.00800228
0.00873256
0.00800133
0.00899911
0.00804353
0.00903797
0.00800228
0.01197219
0.00826240
0.01000023
0.00997639
0.00841832
0.00793290
0.01062679
0.01099420
0.00994635
0.00899911
0.01000428
0.00892973
0.01005936
0.00847936
0.01108956
0.00944495
0.00899959
0.01300097
0.00896287
0.01014543
0.00853777
0.01013231
0.01095057
0.00904322
0.01096058
0.01067829
0.01200008
0.01032495
0.00895596
0.00889373
0.01100898
0.01100826
0.01099992
0.01000118
0.01200867
0.01012564
0.01350474
0.01400208
0.00999975
0.01500225
0.01099920
0.01099825
0.01002407
0.01102018
0.00900531
0.01000094
0.01000881
0.00901365
0.01050520
0.01199913
0.01299977
0.01802015
0.01001239
0.01000357
0.01199913
0.01099372
0.01099730
0.01066947
0.01100159
0.01005435
0.00937295
0.01004052
0.01753521
0.01303768
0.00988936
0.01004505
0.01100135
0.00999856
0.01004577
0.01006651
0.01052570
0.00999975
0.01099086
