0.01499939
0.01108408
0.00991702
0.01199055
0.01000071
0.01101065
0.01001501
0.01055360
0.01112103
0.01092625
0.01100373
0.01240444
0.01114798
0.01046348
0.00950432
0.00995779
0.01100206
0.01099992
0.00999951
0.01103854
0.01000381
0.01145697
0.01100254
0.01048374
0.01353455
0.00880694
0.01100421
0.01002216
0.01099086
0.00901461
0.00899220
0.00899911
0.00900054
0.00695395
0.00799918
0.01033425
0.01200008
0.01000094
0.01004839
0.01699996
0.01099849
0.01000166
0.01099062
0.00899982
0.01001024
0.01053786
0.01000023
0.01001668
0.01091814
0.00801086
0.00813127
0.00707078
0.00888681
0.00700402
0.00674748
0.00699711
0.00700712
0.00794673
0.01062536
0.01100445
0.01000261
0.00947094
0.00745320
0.01000214
0.00800085
0.00998831
0.00999260
0.01099062
0.01099277
0.00799894
0.00899911
0.00926781
0.00996375
0.01003623
0.00800157
0.01101542
0.00803638
0.00809073
0.00752926
0.00899911
0.00700784
0.00800705
0.00901127
0.00800705
0.01000047
0.01000357
0.01038694
0.00780821
0.00600004
0.00801706
0.00840187
0.00801110
0.00701380
0.00592947
0.00799203
0.00759315
0.00699878
0.00499964
0.00616693
0.00481987
0.00600934
0.00600171
0.00900030
0.00900936
0.00901222
0.00750995
0.00692081
0.00600171
0.00652504
0.00641418
0.00601268
0.00849915
0.00900054
0.00901318
0.00901222
0.00700307
0.01100159
0.00738215
0.00651312
0.00801253
0.00653195
0.00600290
0.00500154
0.00608873
0.00700974
0.01000023
0.00899935
0.00700021
0.00631022
0.01001287
0.00798821
0.00851226
0.00800824
0.00699759
0.00900126
0.00600958
0.00499296
0.00600100
0.00627923
0.01499414
0.00720859
0.00708771
0.00500178
0.00700998
0.00899982
0.00700307
0.00899959
0.00700879
0.01904845
0.00601053
0.00950718
0.00700617
0.00800419
0.00810957
0.00746155
0.00699711
0.00899959
0.00902605
0.00601029
0.00600457
0.00601220
0.00715160
0.00600266
0.00700116
0.00900483
0.00898600
0.00600243
0.00699949
0.00716829
0.00600219
0.00619602
0.00700951
0.00717402
0.00800109
0.01099157
0.00999951
0.01000047
0.00610423
0.00700831
0.00501871
0.00817060
0.00500250
0.00751543
0.00624299
0.00599122
0.00912118
0.00724530
0.00700951
0.01303434
0.00932264
0.00600362
0.00600433
0.00603628
0.00899982
0.00900888
0.00699878
0.00700283
0.00601125
0.00700426
0.00701070
0.00601721
0.00547075
0.00600004
0.00490737
0.00600982
0.00700808
0.00600863
0.00701189
0.00600338
0.00699949
0.00800133
0.02099943
0.01000309
0.00759578
0.00699115
0.00900006
0.02299953
0.00700021
0.00799918
0.00800490
0.00900030
0.01000047
0.00799942
0.00799918
0.00799990
0.00700116
0.00700021
0.00700188
0.01750255
0.00799942
0.00999999
0.00700045
0.00699973
0.00800061
0.00799370
0.00799894
0.00799584
0.00999975
0.00800014
0.00799203
0.00799942
0.01100302
0.00808692
0.00762296
0.00699854
0.00699973
0.00900006
0.00800514
0.00800085
0.00800061
0.00799346
0.01000142
0.00850725
0.00799942
0.00700045
0.00899982
0.01000237
0.00799966
0.02000093
0.00750279
0.00799894
0.00899982
0.00899935
0.00800085
0.00799918
0.01100016
0.01100087
0.00700736
0.00750256
0.00899911
0.01000047
0.00700045
0.02099991
0.00901031
0.00850534
0.00799990
0.00800014
0.00700784
0.00900006
0.00700045
0.00900030
0.00700140
0.00799966
0.01899958
0.00800037
0.00800037
0.01200223
0.00850344
0.00900674
0.00850534
0.00899959
0.00799990
0.00700045
0.00699949
0.01099992
0.00800037
0.00905252
0.00909209
0.00745654
0.02199960
0.00800037
0.00899982
0.02298880
0.00900245
0.00900126
0.00883055
0.00799870
0.00799131
0.00700021
0.00801182
0.00899148
0.00699019
0.00700092
0.01001930
0.00853157
0.00899363
0.01013422
0.00699973
0.01001334
0.00900006
0.00767541
0.01100063
0.00750518
0.01100135
0.00899911
0.00900102
0.00802469
0.00996304
0.00800419
0.00850868
0.00799823
0.00799942
0.00960732
0.00839710
0.00689745
0.00896239
0.01000404
0.00950933
0.00893402
0.00799131
0.00699210
0.00798893
0.01000071
0.00804353
0.00800657
0.00999808
0.01100230
0.00772524
0.00900173
0.00900054
0.00899220
0.00996256
0.00800085
0.01609397
0.01196218
0.00699806
0.00900054
0.00900102
0.00799704
0.00899982
0.00800061
0.00853014
0.01770902
0.01088500
0.00816655
0.00799942
0.02003384
0.01202106
0.00854206
0.02200007
0.00896144
0.00900245
0.00800276
0.00900245
0.00915837
0.00898361
0.00777960
0.00839329
0.00817871
0.01032186
0.00808167
0.00800180
0.00888610
0.01155972
0.00810862
0.00900769
0.00788736
0.00788426
0.00805163
0.00811315
0.00899816
0.00811267
0.02035666
0.01132679
0.00899792
0.01544404
0.00900602
0.00899816
0.00899267
0.00899506
0.00800014
0.00800252
0.00810051
0.00788546
0.00800252
0.00899863
0.00800014
0.00850487
0.00900960
0.00799966
0.00900221
0.00698256
0.01024699
0.01332664
0.01040554
0.00851107
0.01099944
0.01000762
0.00999165
0.00949764
0.00730157
0.00800490
0.00699854
0.00900340
0.01149726
0.01300812
0.00800920
0.00899863
0.00890756
0.00700068
0.00800967
0.00700116
0.00699806
0.00739884
0.00898981
0.01100039
0.01100016
0.00999951
0.01000071
0.01009822
0.01002169
0.00848556
0.01000071
0.00799918
0.00899982
0.00800228
0.00799942
0.00800323
0.00909257
0.00899959
0.00900030
0.01000023
0.00800729
0.00899959
0.00899982
0.00699949
0.00699973
0.01100063
0.00799990
0.00699973
0.00800061
0.00899959
0.00900030
0.00700164
0.00851130
0.00900078
0.00899959
0.00800014
0.01000047
0.00800037
0.00899267
0.00799990
0.00800037
0.00799966
0.00800467
0.00799966
0.02000046
0.00800323
0.00750518
0.01600122
0.01250434
0.00900483
0.00799441
0.00800037
0.00799990
0.00800014
0.00699997
0.02000141
0.01050496
0.00799942
0.00800467
0.00899959
0.00899887
0.01100063
0.01000261
0.00746918
0.00700140
0.00800157
0.00899863
0.00800014
0.00799870
0.00700092
0.02230167
0.00999999
0.00951457
0.00900197
0.00799942
0.00799990
0.00900030
0.00899935
0.02500176
0.00950480
0.00899982
0.00899792
0.00899434
0.00800252
0.00699639
0.00800085
0.00857711
0.00900292
0.00852823
0.00899887
0.00899935
0.00801492
0.00802088
0.00901151
0.00999784
0.00824594
0.00900340
0.00955033
0.01000142
0.01099944
0.00810933
0.01000643
0.00999928
0.02199936
0.00880790
0.00697446
0.00799894
0.00800014
0.00810599
0.00900269
0.00900006
0.00796700
0.00814843
0.00802040
0.00799870
0.02200150
0.00804615
0.00804090
0.00795460
0.01000190
0.00800085
0.00804400
0.00900650
0.00840354
0.00896525
0.00808144
0.00878072
0.00880051
0.00902009
0.00795269
0.00799847
0.00700212
0.00899863
0.00946403
0.00808144
0.00805187
0.00900149
0.00756121
0.01899886
0.01095986
0.00900102
0.00928903
0.00799918
0.00845695
0.00775671
0.00955153
0.00794387
0.00799870
0.00796533
0.00794911
0.01000476
0.00900316
0.00950122
0.00799942
0.01038527
0.00799942
0.01000237
0.00799918
0.00799894
0.00802112
0.00800443
0.00723672
0.00800109
0.00916266
0.02199745
0.00903440
0.00800037
0.00824380
0.00839424
0.00799990
0.00800014
0.00800061
0.01900053
0.01000285
0.00851703
0.00824642
0.01050997
0.00799990
0.00924516
0.00799870
0.02000093
0.00799990
0.00901198
0.00800037
0.00952268
0.00999904
0.01100397
0.00810027
0.00892162
0.00799894
0.01147199
0.00808358
0.00900388
0.00900030
0.00844073
0.00878525
0.00899959
0.00800014
0.00800395
0.00985932
0.00895238
0.00999999
0.00900006
0.00899863
0.00800014
0.01050806
0.00872231
0.00970769
0.00899792
0.02420497
0.01100612
0.00799990
0.00900340
0.00800133
0.00751710
0.01014829
0.00900006
0.00899935
0.00899720
0.00799894
0.01000023
0.01104927
0.00895000
0.00900555
0.00899982
0.00900054
0.00803065
0.00898552
0.00804019
0.00843334
0.02550530
0.00808692
0.00904322
0.00892162
0.01033568
0.01050711
0.00905275
0.00973248
0.01000810
0.00923705
0.00904727
0.00894380
0.00800633
0.00912404
0.00906277
0.00957894
0.00800610
0.00921345
0.01099873
0.00812578
0.00793672
0.00804710
0.00904489
0.00847316
0.01200080
0.00900555
0.00899959
0.00998902
0.00900078
0.01150584
0.00900626
0.00900006
0.00799942
0.00900364
0.00799990
0.00820351
0.01000381
0.00899935
0.02000284
0.01199841
0.00900435
0.01100016
0.00850654
0.02091146
0.01106358
0.00895762
0.00914216
0.01118398
0.01100135
0.00928736
0.00861645
0.00850248
0.00900126
0.01015544
0.01009226
0.00899959
0.00999951
0.01100159
0.00950718
0.00900006
0.00899839
0.01146317
0.00800014
0.01770949
0.00918555
0.00900865
0.00899529
0.00900030
0.00807261
0.00800443
0.00807858
0.00894618
0.00892210
0.00859594
0.00978279
0.01011348
0.00931168
0.00699878
0.00706005
0.00700784
0.00795054
0.01228309
0.00964761
0.00953484
0.00900578
0.00800228
0.00801063
0.01000166
0.01199317
0.00852060
0.01059723
0.00699997
0.00734878
0.00899911
0.00696039
0.00546861
0.00600195
0.00901151
0.00800037
0.01450348
0.00800729
0.00770545
0.01000047
0.02799964
0.00899935
0.00800824
0.00999832
0.01950288
0.00799942
0.00799847
0.00898790
0.00799990
0.00799942
0.00900030
0.00800681
0.00800467
0.00800037
0.00700021
0.00800085
0.00699997
0.00799990
0.00799990
0.00899982
0.00699997
0.00899959
0.00899982
0.00799608
0.01900005
0.00700474
0.00850797
0.00799870
0.01050329
0.00800061
0.00800681
0.00900006
0.00799012
0.00999975
0.00700045
0.00699949
0.00900555
0.01100039
0.00800443
0.00799990
0.00899315
0.00800610
0.01100016
0.00800323
0.00849652
0.00799990
0.00757885
0.01000953
0.00900030
0.00900006
0.00736022
0.00794506
0.00794101
0.00799942
0.00900006
0.01097846
0.00761271
0.00845122
0.00799990
0.00799966
0.00700164
0.00785351
0.00699902
0.01100039
0.00800061
0.01999974
0.00800037
0.00800204
0.01900125
0.01150370
0.00799966
0.00829601
0.00899601
0.00800014
0.00699949
0.00799990
0.00900173
0.01950264
0.01000047
0.00800657
0.00799942
0.00898600
0.02200079
0.01300263
0.00851822
0.00899482
0.00699973
0.00899959
0.01000023
0.00900197
0.00799918
0.00799990
0.00699973
0.00799990
0.01050305
0.00899959
0.00800562
0.00799251
0.01699948
0.00900030
0.00799799
0.00800705
0.00921535
0.00699306
0.01100039
0.00899959
0.00700021
0.01100326
0.01086760
0.00799990
0.00850391
0.00900030
0.00800014
0.01900172
0.01400137
0.00900531
0.00799656
0.02050376
0.01299977
0.00852847
0.00750613
0.00799990
0.02800131
0.00906634
0.02045751
0.00900126
0.00794697
0.00800920
0.00899339
0.00715089
0.00900173
0.00892401
0.00962162
0.00899792
0.00900817
0.00900745
0.00800967
0.00900865
0.00700140
0.00947380
0.01252532
0.00899863
0.01000309
0.01099944
0.01015258
0.00800204
0.00700068
0.01100063
0.00799966
0.00731754
0.00800014
0.01599979
0.00999951
0.00800085
0.00900197
0.01150370
0.00942492
0.01150393
0.00700045
0.00800014
0.01000023
0.00900054
0.00799966
0.00900102
0.01100683
0.00751448
0.01100063
0.00900078
0.00799918
0.00799990
0.00699973
0.00799990
0.00800300
0.00850296
0.00900006
0.00900054
0.00900030
0.00899959
0.01000023
0.00699973
0.00900126
0.00850391
0.01200104
0.00899982
0.00800109
0.00800180
0.01167178
0.00800705
0.02250171
0.01100063
0.00900412
0.00900149
0.00899482
0.00799990
0.00800228
0.00999951
0.00799441
0.00727296
0.00999928
0.00799966
0.00800037
0.00800014
0.00900030
0.01000500
0.00829411
0.00800037
0.00899982
0.00911736
0.00999999
0.00778246
0.00799942
0.00900412
0.02450371
0.01000404
0.00900507
0.01000166
0.00999928
0.00800323
0.00800419
0.00835347
0.00904989
0.00898218
0.00746751
0.00900173
0.00853705
0.00896168
0.00837731
0.00857401
0.00962186
0.00895238
0.00901246
0.02099872
0.00896430
0.00899720
0.00912356
0.00764036
0.00793910
0.00803757
0.01006293
0.00840974
0.02383900
0.00901675
0.00951886
0.00899601
0.00711155
0.00961781
0.01076055
0.00850773
0.01810908
0.01100373
0.00883198
0.01000023
0.00799918
0.00800490
0.00900578
