0.00499821
0.00700712
0.00600958
0.00400472
0.00599933
0.00600791
0.00564098
0.00501370
0.00600171
0.00525069
0.00501299
0.00800252
0.00424266
0.00600982
0.00500083
0.00400066
0.00654268
0.00500894
0.00518227
0.00400019
0.00400090
0.00620747
0.00512171
0.00640774
0.00600386
0.00652742
0.00600314
0.00666904
0.00799966
0.00899267
0.00700998
0.00711322
0.00800657
0.00746584
0.00600266
0.00759220
0.00601077
0.00701427
0.00652456
0.00699925
0.00607705
0.00920177
0.00700259
0.00599885
0.00450516
0.00699329
0.00532150
0.00599957
0.00501156
0.00601053
0.00849581
0.00710869
0.00699997
0.00800705
0.00700855
0.00700021
0.00599909
0.00599170
0.00999975
0.01101422
0.00915790
0.01000094
0.00999188
0.00899291
0.00819349
0.00867057
0.00799990
0.00498986
0.00600338
0.00753069
0.00699997
0.00700474
0.00697589
0.00607252
0.00703335
0.00598860
0.00625706
0.00600100
0.00802302
0.00952864
0.00800800
0.01099706
0.00902295
0.00697470
0.00600338
0.00704265
0.00601149
0.00630403
0.00701237
0.00620770
0.00653625
0.00800967
0.00601125
0.00600815
0.00700760
0.01515388
0.00901318
0.00684071
0.00600362
0.00726056
0.00600028
0.00799847
0.00700617
0.00699997
0.00774980
0.00599670
0.00600052
0.00700164
0.00504327
0.00600696
0.00499845
0.00500774
0.00700116
0.00600982
0.00701070
0.00499773
0.00600505
0.00600767
0.00778913
0.00699759
0.00900745
0.00600386
0.00600982
0.00701141
0.00601125
0.00624967
0.00599074
0.00630713
0.00600147
0.00600362
0.00501037
0.00552917
0.00600910
0.00599384
0.00931168
0.00601101
0.00646949
0.00700450
0.00753951
0.00646138
0.00601125
0.00800180
0.01000857
0.00899124
0.00600863
0.00553131
0.00805283
0.00650835
0.00499845
0.00552583
0.00439358
0.00500965
0.00562406
0.00799966
0.00500250
0.00500727
0.00600100
0.00699091
0.00999236
0.00900626
0.01099944
0.00501347
0.00626850
0.00637937
0.00899887
0.00628996
0.00800014
0.00999880
0.00600934
0.00608611
0.00701737
0.00651574
0.00751829
0.00651717
0.00599933
0.00600839
0.00600505
0.00500226
0.00500107
0.00500703
0.00500631
0.00656176
0.00501037
0.00506306
0.00500202
0.00650477
0.00601077
0.00600243
0.00501060
0.00601077
0.00699949
0.00801134
0.00650859
0.00705576
0.00551581
0.00801253
0.00665951
0.00651097
0.00791955
0.01100111
0.00701380
0.00852656
0.00899839
0.00900006
0.00699925
0.00701666
0.00701022
0.00608802
0.00795913
0.00699925
0.00700212
0.00800180
0.00799990
0.00699997
0.00701070
0.00701451
0.00702620
0.00600195
0.00799894
0.00699973
0.00800014
0.00899220
0.00800800
0.00800395
0.00600338
0.00648761
0.00700712
0.00636530
0.00650477
0.01000619
0.00640154
0.00600004
0.00576329
0.00500226
0.00725722
0.00719953
0.00829387
0.00900006
0.00599289
0.00789952
0.00692391
0.00600290
0.00801110
0.00700474
0.00901365
0.00699282
0.00700808
0.00600052
0.00700545
0.00701833
0.00703025
0.00899148
0.00750971
0.00701094
0.00791168
0.00800586
0.00723290
0.00902534
0.01009345
0.01000023
0.00900865
0.00899863
0.00699019
0.00700021
0.00800848
0.00640512
0.00796843
0.00717950
0.00695920
0.00585604
0.00601602
0.00800729
0.00771165
0.00646400
0.00900030
0.00699997
0.00699592
0.00799823
0.00551271
0.00861335
0.00551248
0.00700855
0.00700283
0.00651073
0.00600147
0.00490522
0.00500345
0.00700784
0.00699973
0.00601149
0.00651407
0.00600791
0.00700688
0.00700283
0.00700760
0.00600863
0.00621390
0.00601101
0.00801730
0.00799394
0.00654197
0.00800800
0.00901103
0.00708079
0.00900602
0.00800586
0.00700641
0.00750566
0.00669289
0.00599718
0.00522089
0.00600219
0.00714493
0.00600958
0.00805449
0.00901127
0.00916266
0.01199985
0.00799775
0.00650382
0.00603127
0.00810194
0.00635600
0.00799990
0.00701284
0.00700498
0.00706744
0.00696588
0.00799918
0.01100421
0.00822759
0.00900722
0.00600839
0.00852537
0.00800014
0.00700951
0.00800490
0.00700068
0.00700617
0.00711179
0.00601101
0.00907469
0.01002240
0.00651765
0.00800633
0.00599837
0.00763631
0.00638652
0.00800657
0.00801158
0.00899196
0.00719595
0.00720978
0.00602365
0.00650573
0.00600123
0.00809717
0.00600696
0.00800681
0.00731707
0.00599957
0.00800943
0.00599957
0.00799966
0.00700021
0.00791788
0.00800872
0.00699162
0.00699973
0.00699520
0.00800037
0.00700045
0.00700212
0.00501204
0.00400043
0.01000476
0.00751066
0.00560045
0.00500035
0.00548363
0.00550652
0.00775194
0.00700021
0.00900006
0.00700045
0.00851822
0.00632811
0.00779319
0.00499988
0.00600004
0.00500011
0.00699997
0.00500011
0.00499988
0.00800061
0.00500011
0.00500011
0.00600028
0.00499988
0.00500011
0.00488067
0.00585103
0.00608778
0.00643516
0.00603437
0.00529337
0.00600243
0.00599957
0.00500798
0.00499988
0.00699925
0.00499940
0.00700092
0.01001334
0.00600028
0.00750399
0.00800037
0.00800014
0.00399971
0.00499988
0.00517631
0.00534391
0.00600743
0.00600934
0.00728965
0.00600052
0.00500178
0.00499988
0.00850344
0.00416207
0.00599980
0.00600004
0.00500154
0.00599957
0.00606441
0.00579476
0.00548911
0.00498962
0.00700641
0.00777435
0.00549030
0.00608802
0.00650978
0.00500464
0.00600410
0.00649452
0.00600314
0.00501251
0.00600672
0.00525284
0.00606060
0.00500417
0.00500607
0.00699997
0.01201200
0.00665426
0.00500154
0.00601411
0.00600719
0.00722790
0.00700331
0.00799799
0.00600481
0.00599933
0.00600958
0.00606775
0.00900602
0.00999904
0.00700045
0.00700736
0.00650954
0.00799060
0.00700951
0.00600696
0.01100707
0.01245379
0.00502706
0.00900388
0.00657868
0.00700879
0.00800347
0.00600815
0.00600171
0.00643373
0.00799704
0.00700641
0.00801468
0.00857615
0.00648904
0.00799918
0.00732899
0.01099110
0.01399827
0.00600958
0.00800395
0.00700164
0.00825310
0.00652003
0.00501037
0.01000142
0.01152039
0.00799990
0.00699973
0.00600052
0.00709295
0.00699091
0.00900888
0.00799417
0.00799894
0.00799942
0.00701499
0.00899148
0.00800729
0.00799966
0.00699162
0.00551939
0.00545835
0.00600719
0.00602937
0.00615311
0.00901103
0.00599003
0.00599003
0.00598288
0.00801444
0.00601077
0.00777459
0.00702238
0.00614119
0.00808835
0.00500250
0.00524569
0.00652122
0.00589585
0.00600004
0.00699878
0.00600982
0.00842476
0.00810838
0.01100063
0.00700378
0.00535655
0.00750637
0.00521874
0.00533986
0.00541687
0.00599909
0.00600863
0.00600719
0.00831628
0.00850868
0.00699902
0.00860095
0.01100683
0.00600600
0.00602317
0.00600839
0.00601315
0.00500941
0.00641179
0.00733399
0.00477672
0.00700808
0.00701022
0.00800729
0.00651193
0.00398993
0.00557089
0.00499225
0.00415134
0.00599885
0.00544167
0.00602388
0.00700474
0.00751734
0.00900555
0.00700450
0.00899506
0.00649858
0.00600290
0.00701141
0.00500274
0.00599980
0.00900698
0.00700688
0.00652361
0.00999260
0.01100826
0.00800681
0.00708938
0.00600052
0.00568891
0.00999093
0.00599980
0.00650477
0.00599980
0.00699902
0.00791311
0.01099968
0.00600028
0.00799942
0.00800800
0.00953150
0.00899601
0.00734115
0.00702024
0.00599313
0.00901294
0.00706124
0.00531387
0.00874066
0.00699878
0.00599980
0.00599813
0.00649190
0.00645828
0.00599289
0.00600410
0.00606966
0.00570989
0.00501013
0.00600648
0.00599837
0.00804996
0.00600672
0.00529623
0.00601220
0.00500536
0.00600505
0.00553894
0.00443912
0.00600958
0.00601006
0.00700164
0.00550961
0.00799155
0.00800657
0.00599957
0.00572634
0.00602078
0.00500178
0.00501084
0.00550938
0.00501108
0.00500298
0.00600839
0.00553060
0.00651431
0.00550652
0.00533700
0.00500226
0.00500059
0.00699973
0.00500464
0.00551224
0.00700831
0.00651598
0.00701237
0.00530076
0.00700736
0.00819016
0.00699925
0.00799942
0.00503087
0.00600362
0.00500965
0.00501752
0.00501084
0.00591564
0.00549603
0.00700068
0.00656891
0.00651646
0.00708890
0.00999117
0.00500202
0.00500321
0.00529313
0.00499105
0.00503469
0.00500202
0.00619555
0.00500178
0.00606441
0.00400138
0.00463724
0.00549865
0.00399995
0.00700212
0.00700092
0.00599980
0.00800014
0.00800276
0.00699973
0.00950480
0.00700021
0.00799942
0.00800014
0.00600004
0.00699949
0.00700331
0.00701189
0.00699925
0.00601435
0.00814486
0.00600362
0.00799847
0.00600791
0.01123190
0.00703073
0.00599217
0.00699949
0.00700426
0.00800109
0.00948787
0.00900650
0.00699997
0.00800037
0.00602579
0.00799322
0.01000595
0.00799298
0.01201034
0.01153088
0.00691438
0.00900698
0.01399350
0.00711322
0.00700021
0.00598979
0.00837135
0.00799966
0.00851536
0.00799036
0.00800014
0.00599980
0.00599885
0.00600004
0.00741100
0.01199985
0.00700068
0.00706625
0.00599980
0.00700235
0.00600123
0.00600052
0.00600028
0.00600028
0.00599957
0.00599980
0.00601101
0.00700068
0.00599980
0.00600481
0.00601125
0.00545168
0.00499964
0.00600028
0.00600266
0.00599051
0.00605011
0.00570560
0.00701070
0.00599718
0.00600839
0.00600839
0.00800323
0.00750995
0.00700164
0.00700927
0.00600147
0.00699902
0.00599980
0.00699973
0.00600815
0.00500870
0.00799918
0.00515652
0.00548506
0.00507212
0.00451303
0.00600028
0.00701022
0.00700736
0.00600076
0.00599885
0.00600195
0.00500679
0.00550723
0.00601053
0.00749588
0.00501251
0.00600290
0.00806808
0.00599265
0.00499058
0.00600386
0.00800753
0.00800610
0.00699878
0.00609708
0.00748062
0.00700665
0.00500274
0.00528765
0.00652647
0.00900006
0.00799942
0.00500822
0.00399995
0.00732636
0.00399995
0.00598407
0.00399995
0.00700021
0.00900006
0.00700164
0.00600004
0.00552368
0.00500846
0.00599527
0.00598907
0.00699973
0.00699997
0.00599980
0.00741887
0.00700903
0.00699186
0.00900269
0.00500202
0.00799990
0.00801134
0.00601196
0.00701022
0.00600362
0.00600815
0.00666237
0.00650859
0.01090360
0.00700355
0.00600028
0.00799108
0.00899220
0.00799084
0.00700021
0.00999999
0.01056004
0.00602484
0.00799918
0.00699973
0.00799942
0.00700188
0.00600028
0.00565171
0.00601101
0.00800824
0.00690961
0.00751424
0.00716877
0.00670695
0.00645304
0.00649619
0.00699925
0.00701356
0.00699925
0.00599790
0.00900364
0.00799870
0.00700402
0.00646400
0.00700998
0.00552940
0.00600362
0.00602007
0.00601006
0.00600266
0.00600433
0.00789809
0.00601673
0.00950336
0.00700116
0.00700450
0.00999808
0.01154041
0.01600075
0.00800538
0.01000094
0.01000023
0.00799727
0.00802207
0.00752831
0.00900245
0.00999951
0.00799894
0.00800037
0.00801468
0.00600767
0.00800323
0.00602674
0.00800037
0.00699973
0.00699806
0.00800014
0.00899243
0.00799298
0.00999904
0.00800014
0.01599979
0.00800061
0.01101184
0.00799894
0.00941253
0.00800085
