0.00540018
0.00855613
0.00802922
0.01104259
0.00800061
0.00901222
0.00800085
0.00902915
0.00999975
0.01200294
0.00963998
0.00782943
0.00900269
0.00800061
0.00999904
0.00900030
0.00799966
0.00899863
0.01200104
0.00900054
0.00917888
0.00911927
0.01401496
0.01019502
0.00800061
0.00850677
0.00999999
0.00917459
0.00920844
0.01000047
0.00799918
0.00800157
0.01151347
0.01006985
0.01000285
0.01015139
0.00893092
0.00792646
0.00850463
0.00951099
0.00895500
0.00900626
0.01001072
0.01000881
0.01099992
0.02845669
0.00950384
0.00900149
0.00890207
0.00999141
0.01500058
0.00898981
0.00791097
0.00901198
0.01050377
0.00800753
0.01099801
0.00999284
0.01099992
0.01100159
0.01058936
0.00899863
0.00900030
0.00900030
0.00900340
0.02502012
0.00850463
0.01000714
0.01000667
0.00899982
0.00901103
0.01000142
0.00950813
0.01005101
0.01050949
0.00999999
0.01200032
0.00899959
0.00800037
0.01001406
0.00851035
0.00999999
0.00899959
0.00900602
0.00899887
0.01399922
0.00899911
0.01001167
0.01010013
0.02099967
0.01100016
0.00999951
0.00899315
0.01199913
0.00921774
0.00912452
0.00900006
0.02200007
0.01000643
0.01000285
0.00899959
0.00900602
0.02210021
0.00899911
0.00900221
0.00899029
0.02199936
0.01200175
0.00849724
0.00899863
0.00900006
0.00900578
0.00999904
0.00999451
0.00799489
0.00901246
0.02049685
0.00999975
0.01000667
0.01000667
0.00999904
0.01099801
0.00924826
0.00799894
0.01899266
0.00900078
0.00900483
0.00999403
0.00899911
0.01199985
0.01599312
0.00799990
0.00900006
0.00999975
0.00899434
0.01099992
0.00938869
0.01034951
0.01000142
0.01099110
0.01200366
0.01043344
0.00899935
0.00899386
0.01099920
0.00900078
0.00900078
0.00999928
0.00999975
0.01000547
0.00903130
0.01199961
0.00899959
0.01099396
0.00899506
0.01001072
0.00901031
0.01020455
0.01000023
0.01000547
0.00899839
0.00999999
0.02450490
0.01170015
0.01095533
0.00999022
0.01099968
0.01200104
0.00800633
0.01000166
0.01049876
0.01200056
0.00900054
0.01300097
0.01001692
0.01053596
0.01000285
0.00799990
0.00999975
0.01001000
0.01000905
0.00999999
0.01000023
0.00914145
0.00952959
0.00899863
0.00810528
0.00898051
0.00804067
0.00807714
0.00911069
0.00805116
0.00808287
0.00703835
0.00649285
0.00999975
0.00700259
0.00900030
0.00751424
0.00801158
0.00901031
0.00900722
0.00800347
0.00805402
0.00952983
0.00900745
0.00900054
0.00948119
0.00839353
0.00800037
0.00799870
0.00801158
0.00900054
0.00699997
0.00705504
0.00699806
0.00701380
0.01541924
0.00910568
0.01000738
0.00899243
0.00699854
0.00700426
0.00498915
0.00700140
0.00800776
0.00899339
0.00706291
0.00800705
0.00699973
0.00701046
0.00691843
0.00699949
0.00699639
0.00599313
0.00602984
0.00501156
0.00521588
0.00600290
0.00800729
0.00799894
0.00699806
0.00911880
0.00799775
0.00664186
0.00900674
0.00833511
0.00801086
0.00870848
0.00934291
0.00784898
0.01002979
0.00800037
0.00814795
0.00751686
0.00699854
0.00799274
0.00599837
0.00800705
0.00700068
0.00600219
0.00953603
0.00799322
0.00900102
0.00999999
0.00699401
0.00601506
0.00800657
0.00744224
0.00699687
0.00900602
0.00850415
0.00650930
0.00600719
0.00599074
0.00900745
0.01222777
0.00899863
0.01000667
0.00699949
0.00941896
0.00800657
0.00701618
0.00800657
0.00700188
0.00702667
0.00806546
0.02000475
0.00866103
0.00674915
0.00699997
0.00700235
0.00699902
0.00799942
0.00805569
0.00699639
0.00700736
0.00800920
0.00717640
0.00799251
0.00723720
0.00699925
0.00800729
0.00700283
0.00700641
0.00699973
0.00700450
0.00722718
0.00700021
0.00854373
0.00616622
0.00700760
0.00801134
0.00846672
0.00751185
0.00952435
0.00900984
0.00599909
0.00699997
0.00700498
0.00800896
0.00899911
0.00799966
0.00999999
0.00799894
0.01850414
0.00899935
0.00797939
0.00900006
0.00700021
0.00799966
0.00699949
0.01100183
0.00716519
0.00799704
0.00800037
0.00799990
0.00699520
0.00600696
0.00800180
0.00933957
0.00800347
0.00736809
0.00652337
0.00700665
0.00899982
0.00842333
0.00800586
0.00800037
0.00959277
0.00647593
0.00700593
0.00650954
0.00599933
0.00700665
0.00600004
0.00790167
0.00702524
0.00700808
0.00550604
0.00549531
0.00800037
0.00814724
0.00751781
0.00650907
0.00998759
0.00799894
0.00601029
0.00799823
0.00700092
0.00747609
0.00751662
0.00962400
0.00700045
0.00700831
0.00700998
0.01300693
0.00899434
0.00759935
0.00745702
0.00811791
0.00744486
0.00701141
0.00599861
0.00586820
0.00500178
0.00616789
0.00450397
0.00699735
0.00750732
0.00700951
0.00780582
0.00977850
0.00700092
0.00820446
0.00747395
0.00699925
0.00790095
0.00651431
0.00700021
0.00700331
0.00652862
0.00904012
0.00715947
0.00650978
0.00899982
0.00700259
0.00600028
0.00645614
0.00616527
0.00601697
0.00796294
0.00877333
0.00611448
0.00572634
0.00499988
0.00750422
0.00682282
0.00611138
0.00599957
0.00800967
0.00600386
0.00700712
0.00899410
0.00711370
0.00694609
0.00600266
0.00701785
0.00605035
0.00600410
0.00500298
0.00539589
0.00509095
0.00600410
0.00600243
0.00600982
0.00600076
0.00698996
0.00550342
0.00400352
0.00540376
0.00450563
0.00592017
0.00501084
0.00820541
0.00799918
0.00700784
0.00868154
0.00734878
0.00650883
0.00699997
0.00599337
0.00647283
0.00600600
0.00600290
0.00500345
0.00699949
0.00717711
0.00599933
0.00701022
0.00731516
0.01038694
0.00498533
0.00601077
0.00600529
0.00499868
0.00800109
0.00500083
0.00600290
0.00501275
0.00500870
0.00600886
0.00800776
0.00803399
0.00706387
0.00600553
0.00641489
0.00499582
0.00499678
0.01104045
0.00627589
0.00500083
0.00900292
0.00801301
0.00702429
0.00548077
0.00700808
0.00999784
0.00999260
0.00701118
0.01203418
0.00995636
0.00876832
0.00501490
0.00699925
0.00536108
0.00499129
0.00701404
0.01000071
0.00500941
0.00600648
0.00900650
0.00599217
0.00745153
0.00499892
0.00629401
0.00599933
0.00608420
0.00600362
0.00499153
0.00500226
0.00599790
0.00700712
0.00701642
0.00500321
0.00603533
0.00501060
0.00449777
0.00600767
0.00650549
0.00450683
0.00601125
0.00600529
0.00602007
0.00900054
0.00708580
0.00500298
0.00800276
0.00685334
0.00791287
0.00502563
0.00500894
0.00914001
0.00500798
0.00600910
0.00800800
0.00911093
0.00600052
0.01299953
0.00527978
0.00496101
0.00501084
0.00701141
0.00851178
0.00500083
0.00602078
0.00500536
0.00599146
0.00600243
0.00713444
0.00499868
0.00917172
0.00450611
0.00615072
0.00501442
0.00809622
0.00651884
0.00600052
0.00803494
0.00600243
0.00439620
0.00599957
0.00500202
0.00600410
0.00599957
0.00800800
0.00602579
0.00601077
0.00650573
0.00528646
0.00497007
0.00816488
0.00600266
0.00499606
0.00500011
0.00499201
0.00501037
0.00631166
0.00500011
0.00500250
0.00741220
0.00499845
0.00651264
0.00501060
0.00643778
0.00543714
0.00526881
0.00499988
0.00505900
0.00600195
0.00499177
0.00651932
0.00600243
0.00527072
0.00500631
0.00701118
0.00600219
0.00799370
0.00550699
0.00551605
0.00700402
0.00800896
0.00738335
0.00700617
0.00901461
0.00700331
0.00758910
0.00600266
0.00600958
0.00607133
0.00500464
0.00550580
0.00600123
0.00504446
0.00599885
0.00800729
0.00900722
0.00702500
0.01527262
0.00700831
0.00700641
0.00599837
0.00700355
0.00537968
0.00650930
0.00891829
0.00899196
0.02050161
0.00810385
0.00807476
0.01091576
0.00999951
0.02100086
0.00600266
0.00950408
0.00699949
0.00600076
0.00800014
0.01750302
0.00600195
0.00800681
0.00750756
0.00700426
0.00700521
0.00700092
0.00700021
0.01600099
0.00900030
0.00699830
0.00700450
0.00650167
0.00699997
0.01000094
0.00799942
0.00800061
0.00700450
0.00699592
0.00719857
0.00752163
0.00599980
0.00799990
0.00599980
0.00800443
0.00700021
0.00751662
0.00799775
0.00802016
0.00600100
0.01899981
0.01100087
0.00707388
0.00700140
0.00800562
0.00748801
0.00900817
0.00599933
0.00699997
0.00600004
0.00709701
0.00799870
0.00600028
0.00851870
0.00700068
0.00700545
0.00699949
0.00800037
0.00699997
0.00600004
0.00799990
0.00800896
0.00700808
0.00799966
0.00699997
0.00800061
0.00700498
0.00700021
0.00799489
0.00599980
0.00900769
0.00699973
0.00801158
0.00799441
0.00699925
0.01100039
0.00699949
0.00701761
0.00799465
0.00707293
0.00700879
0.00800157
0.00699997
0.00600028
0.00799990
0.00800776
0.00800037
0.00701356
0.00649905
0.00600624
0.00799155
0.00699925
0.00800133
0.00900745
0.00800014
0.00771117
0.00799966
0.00700021
0.00700736
0.00799155
0.00699234
0.00699735
0.00700045
0.00700331
0.00605345
0.00650334
0.00800085
0.00800490
0.00799942
0.00699949
0.00700045
0.00600314
0.00700831
0.00655985
0.00709939
0.00700092
0.00800276
0.00800586
0.00700021
0.00800085
0.01000667
0.01100206
0.00700068
0.01100540
0.00899935
0.00799870
0.00800037
0.00717640
0.00900388
0.00800586
0.01000023
0.00799918
0.00800490
0.00799489
0.00899982
0.00801539
0.00800443
0.00952649
0.01141906
0.00800085
0.00900364
0.00799966
0.00699353
0.00852489
0.00700068
0.00900888
0.00800109
0.00799990
0.00799942
0.00800061
0.00800610
0.00799966
0.00700068
0.00799990
0.00900459
0.00700068
0.00899887
0.00799894
0.00701070
0.00801349
0.00851679
0.00900841
0.00799179
0.00900698
0.00800848
0.00899196
0.00650811
0.00999880
0.00700188
0.00651097
0.00598979
0.00700021
0.00900292
0.01001024
0.00641894
0.00585032
0.00878286
0.01000309
0.00700688
0.00641561
0.00700212
0.00900841
0.00850797
0.00721765
0.01600027
0.00699973
0.00701141
0.00600600
0.00532103
0.00650311
0.00760436
0.00600243
0.01099706
0.00799942
0.00803018
0.00698972
0.00700831
0.00701666
0.00900006
0.00800443
0.01000023
0.01100278
0.00647020
0.00591254
0.00600243
0.00600505
0.00551081
0.00803185
0.00702167
0.00800180
0.00720048
0.00900912
0.00729871
0.00700116
0.01105571
0.00900698
0.00781989
0.00700283
0.00735426
0.00700283
0.00600648
0.00700688
0.00903535
0.00699186
0.00646377
0.00739074
0.00600219
0.00702977
0.00700021
0.00901175
0.01092839
0.00799322
0.00699091
0.00998664
0.00894141
0.00600815
0.00621343
0.00700235
0.01051736
0.00619149
0.00752187
0.00599980
0.00600958
0.01001024
0.00535893
0.00600076
0.00537062
0.00600195
0.00803757
0.00599289
0.00699997
0.00600028
0.00930023
0.01099896
0.00723028
0.00899196
0.00799227
0.01101279
0.00500727
0.00928307
0.00644398
0.00626278
0.01052046
0.00663209
0.00598931
0.00739503
0.00633287
0.00701022
0.00700402
0.00899076
0.00645089
0.00699091
0.00650501
0.00700355
0.00727510
0.00800848
0.00850034
0.00651145
0.00546575
0.00700808
0.00579643
0.00552297
0.00865793
0.00951934
0.00706339
0.01000118
0.01200008
0.00550270
0.00711799
0.00600171
0.00602889
0.00602484
0.00801516
0.00749898
0.00899625
0.00999880
0.00755215
0.00700116
0.01099515
0.00900078
0.01000547
0.00700116
0.00952864
0.00701070
0.00600767
0.01100898
0.00801158
0.00799990
0.00600338
0.00617504
0.00700259
0.00646496
0.00553679
0.00700212
0.00600266
0.00800800
0.00700855
0.00800729
0.00604320
0.00699282
0.01099920
0.00700831
0.00600266
0.00650382
0.00550628
0.00601149
0.00600076
0.00601196
0.00615644
0.00600719
0.00500512
0.00500584
0.00699973
0.00600028
0.01000619
0.00650740
0.00600815
0.00800800
0.00650048
0.00599980
0.00550842
0.00549221
0.00772643
0.00500894
0.00700450
0.00599837
0.00710797
0.00499964
0.00551319
0.00600004
0.00700116
0.01399231
0.00599837
0.00750470
0.00600219
0.00607443
0.00600505
0.00550747
0.00551844
0.00613356
0.00700164
0.00701332
0.00700021
0.00734973
0.00551534
0.00601029
0.00715685
0.01100039
0.00828791
0.00809264
0.00700903
0.00799942
0.00800014
0.00700068
0.00801587
0.00999498
0.00800014
0.02300000
0.00699973
0.00699878
0.00913239
0.00799990
0.01150489
0.00700593
0.00700426
0.00700307
0.00699925
0.00800037
0.00699925
0.00799465
0.00800395
0.00600004
0.00900006
0.00900745
0.00699377
0.00800562
0.00799966
0.00700021
0.00800037
0.00709581
0.00800610
0.00700021
0.00800014
0.00700045
0.01000023
0.00700331
0.00800037
0.00700116
0.00900030
0.00700426
0.00800061
0.00900006
0.00800014
0.00700068
0.00900102
0.00785947
0.00850868
0.02199984
0.00799966
0.00899982
0.00800085
0.00800300
0.00751328
0.00799489
0.00699258
0.00899982
0.00700045
0.00799990
0.00999951
0.00800300
0.00699949
0.00799537
0.00800014
0.00800037
0.00699973
0.00700092
0.01000118
0.00700498
0.00700164
0.00700045
0.00800133
0.00900030
0.02099991
0.00800729
0.00699401
0.00900054
0.00650239
0.00899982
0.00899982
0.01900077
0.00799990
0.00799942
0.00600100
0.01900101
0.00950480
0.00799966
0.00700140
0.00800061
0.01500130
0.00902200
0.00855970
0.00800300
0.00750375
0.00900173
0.00799417
0.00700474
0.00699520
0.00699949
0.00800681
0.00800109
0.00800180
0.00700521
0.00799942
0.00600076
0.00599527
0.00800538
0.00799990
0.00600052
0.00700092
0.00600696
0.00800323
0.00699973
0.01800013
0.00700092
0.00900173
0.01850390
0.01300025
0.00799942
0.00700092
0.00800133
0.00699782
0.00798440
0.00700331
0.00699973
0.00732541
0.00799966
0.00800395
0.00800443
0.00799894
0.00599980
0.00600100
0.00700903
0.00600290
0.00800180
0.00901055
0.00851917
0.01100397
0.00743604
0.00700927
0.00600243
0.00702691
0.00700998
0.00701427
0.00650263
0.00651622
0.00951433
0.00902390
0.00934839
0.01099944
0.01000023
0.00600100
0.00592089
0.00500035
0.00701070
0.00799966
0.00800562
0.01200080
0.00900054
0.00699902
0.00800729
0.00799990
0.00800109
0.00800204
0.00800109
0.00900006
0.00798631
0.01199985
0.00699854
0.00900078
0.00900078
0.00851035
0.00837588
0.00600863
0.00900030
0.00800204
0.01949525
0.00799942
0.00900674
0.00850487
0.00800109
0.02100039
0.00900126
0.00799966
0.00899935
0.00699997
0.00850463
0.00800943
0.00799870
0.00798464
0.00799966
0.01100016
0.00801134
0.02250385
0.01100016
0.00800085
0.00799656
0.00899839
0.00799894
0.01000142
0.00801277
0.00750160
0.02000141
0.01100087
0.00800061
0.00799966
0.02099991
0.01100278
0.00749421
0.00877857
0.00699949
0.01200032
0.00699973
0.00800014
0.00799966
0.00799942
0.01450181
0.00800085
0.00899959
0.00900030
0.00799513
0.00799966
0.00799990
0.00700116
0.00799465
0.00849962
0.02460074
0.00999999
0.00700521
0.00799942
0.00800204
0.00950527
0.00800133
0.00900483
0.00800014
0.00899386
0.01200080
0.00699902
0.00900197
0.00699997
0.00814795
0.01199818
0.00699997
0.00800037
0.00799942
0.02399087
0.00800061
0.00800967
0.01900053
0.00800133
0.00801468
0.00700617
0.00756359
0.00699854
0.00801277
0.00699997
0.00799918
0.00799966
0.00699973
0.00800085
0.00699973
0.00800180
0.00807023
0.01799965
0.01200080
0.00900149
0.00800037
0.00799990
0.00800133
0.00701380
0.00850201
0.01200056
0.00799990
0.00799870
0.00699711
0.00800157
0.00900221
0.02150464
0.01200128
0.00799847
0.00700355
0.00898838
0.00699997
0.00799847
0.02349997
0.00700045
0.00798559
0.00799918
0.00899982
0.01999974
0.01100254
0.00800061
0.01900172
0.01401138
0.00999999
0.00899959
0.00899911
0.00799966
0.00750566
0.01099992
0.00800681
0.00899935
0.00899482
0.01099563
0.00900221
0.00950432
0.00900173
0.02200007
0.01300049
0.00899482
0.00949740
0.00850296
0.00800228
0.00799966
0.01799941
0.01300097
0.00900006
0.00899982
0.00900531
0.00753450
0.00900292
0.00899959
0.00900936
0.00799680
0.00849032
0.00999641
0.00899959
0.01000094
0.01108122
0.00700498
0.00993466
0.00599813
0.00600410
0.00889301
0.01300192
0.00749779
0.00903153
0.00852060
0.01000023
0.00799870
0.00769067
0.00700355
0.00849104
0.00820732
0.00704122
0.01002383
0.00901055
0.01000214
0.00755715
0.00942373
0.00827098
0.01000834
0.00801468
0.00599766
0.00700235
0.00765538
0.00799966
0.01000452
0.00700140
0.00999808
0.00799966
0.00799036
0.00700355
0.00700712
0.00899959
0.00899935
0.00821972
0.00800562
0.00900126
0.00900221
0.00699687
0.01050353
0.00800014
0.01200056
0.00800729
0.00899911
0.00800061
0.00799918
0.01100206
0.00750422
0.00864053
0.02199960
0.01100016
0.00900006
0.00800014
0.00900221
0.01050234
0.00799966
0.01899958
0.00999975
0.00800657
0.00900006
0.00799513
0.00800252
0.00800014
0.00800657
0.00899982
0.00900006
0.00899959
0.01200032
0.00900602
0.00800061
0.00799465
0.00900054
0.00900316
0.00799966
0.00758624
0.01900148
0.01117325
0.00800109
0.00800490
0.00800586
0.00900030
0.00799918
0.00899458
0.00800133
0.02250266
0.00700712
0.00899863
0.00899386
0.01999998
0.00900245
0.00800490
0.00799346
0.00800061
0.00899959
0.01100087
0.00801468
0.00899959
0.00800180
0.00850511
0.00800014
0.00799966
0.00799322
0.00700068
0.00899935
0.00700021
0.00800824
0.00951195
0.00900412
0.00799966
0.02200055
0.00900221
0.00900531
0.00800133
0.00799394
0.00750923
0.00900149
0.00999999
0.00900030
0.00800562
0.00900054
0.02361202
0.00850248
0.00899553
0.00999975
0.00800085
0.00800538
0.00899506
0.00800729
0.01050329
0.00799966
0.00999999
0.00899291
0.01000381
0.00699997
0.00700021
0.02000141
0.00950360
0.00799799
0.00899982
0.00799441
0.00799966
0.00800061
0.00799942
0.00900745
0.01005220
0.01000047
0.00900149
0.00951028
0.00799394
0.01300168
0.00699997
0.02298999
0.00800037
0.00799513
0.00900531
0.00999784
0.00900102
0.01000214
0.01000261
0.00999975
0.00895262
0.00999928
0.00706935
0.00900316
0.00800538
0.00750852
0.00802374
0.00900316
0.00997925
0.00744057
0.01000142
0.00720334
0.00867534
0.00800443
0.00817609
0.00809836
0.00751686
0.00899720
0.01099896
0.01081681
0.00699139
0.00996900
0.01001501
0.01050329
0.01000071
0.01100874
0.01099110
0.00899625
0.00978899
0.00900078
0.01001549
0.01055336
0.02199984
0.01000023
0.00900459
0.00999808
0.00899959
0.00738287
0.00800490
0.00900126
0.00900126
0.01100016
0.00800085
0.01000500
0.00801039
0.00850415
0.00999999
0.00850487
0.01999950
0.00799417
0.00901437
0.00799894
0.00900483
0.00800109
0.00799966
0.01644588
0.00899959
0.00900435
0.00999546
0.01150227
0.00800061
0.00999975
0.00900555
0.01000094
0.01170206
0.01100683
0.00901031
0.00851870
0.00899887
0.01000118
0.00900030
0.00800061
0.00900102
0.00999975
0.01000524
0.02350545
0.00800276
0.00900006
0.00900078
0.00900054
0.00999928
0.00951910
0.00899935
0.00799489
0.01008916
0.00887084
0.00899959
0.00900054
0.00899243
0.00753498
0.00899029
0.00899267
0.00799775
0.01200414
0.00799322
0.00700593
0.00699425
0.00801802
0.00799394
0.01100564
0.00715208
0.00799918
0.00723124
0.00599957
0.01099181
0.00744605
0.00799918
0.00724697
0.00701141
0.00700140
0.00899959
0.00750661
0.00700212
0.00899243
0.01049042
0.00800276
0.00700068
0.00555539
0.00700903
0.00596237
0.00704551
0.00699949
0.00599957
0.00850201
0.00945163
0.00899267
0.01099944
0.00600266
0.00750732
0.00600052
0.00603390
0.00700092
0.01499963
0.00999999
0.00800061
0.00700068
0.00900960
0.00850511
0.02099991
0.01093912
0.00952744
0.00850892
0.00799918
0.01300645
0.00800633
0.00700045
0.00899959
0.00800157
0.00850296
0.00900006
0.00800157
0.00949240
0.01700068
0.00799966
0.02198768
0.00800157
0.00700331
0.00800562
0.00850868
0.00699973
0.00700045
0.00900006
0.01000094
0.00799847
0.00900126
0.00851226
0.00900006
0.00899959
0.00800037
0.00799322
0.01100039
0.01200199
0.00850511
0.00799131
0.00800180
0.00750470
0.00900483
0.00899982
0.00800085
0.00699854
0.00799990
0.00799966
0.00799298
0.00899959
0.00719786
0.00900173
0.01050282
0.00800061
0.00700164
0.00899959
0.00799990
0.00799847
0.00799990
0.00700307
0.00950456
0.01200008
0.00799799
0.00800014
0.00799942
0.00799990
0.02300072
0.00700045
0.01000738
0.00799990
0.02500057
0.00800848
0.00900102
0.00800371
0.00799990
0.00750566
0.01100016
0.01000023
0.00699973
0.00901365
0.02100635
0.00950336
0.00799990
0.00901270
0.00699949
0.02204585
0.00699973
0.00800109
0.01250410
0.00700092
0.00800443
0.00799561
0.00799966
0.00900102
0.00900030
0.00800204
0.00699997
0.00850511
0.00799370
0.00800037
0.00699997
0.00900030
0.00699949
0.00800061
0.00900197
0.00800014
0.00900221
0.00700045
0.00699997
0.01899981
0.00799918
0.00800133
0.00900173
0.00899935
0.00499940
0.00800037
0.00899959
0.00899982
0.01099896
0.00900078
0.00900483
0.00850558
0.00699854
0.00700068
0.00899982
0.00799966
0.00900149
0.00800323
0.00850701
0.00799966
0.00899839
0.00799966
0.02199960
0.00800252
0.00951433
0.00900149
0.00850630
0.01900005
0.00800061
0.01000047
0.00799990
0.00899434
0.00900221
0.00851154
0.00899029
0.00900197
0.00899863
0.00899816
0.01800656
0.00899982
0.01000166
0.00850272
0.00799990
0.00800061
0.01000023
0.00900006
0.00915694
0.00950336
0.01000619
0.00900388
0.00799847
0.02050853
0.00900578
0.01000953
0.00799584
0.02422190
0.00800467
0.01124907
0.00801349
0.01000452
0.00899982
0.01050854
0.00803232
0.01000738
0.00933599
0.00999975
0.00800037
0.00901747
0.00900555
0.01000071
0.00799990
0.01103854
0.01104593
0.01003551
0.01199985
0.00800562
0.00853467
0.00999904
0.00927186
0.00799799
0.01099896
0.00900388
0.01000714
0.00875449
0.00854850
0.01004744
0.00994658
0.00885320
0.00900340
0.01003885
0.01003718
0.00866079
0.00858188
0.00996423
0.01104593
0.00992870
0.01092410
0.00700021
0.00699568
0.00954652
0.00898409
0.00872898
0.01213503
0.01150036
0.00904083
0.00936580
0.01019454
0.01024175
0.00900126
0.00800085
0.00900245
0.00700688
0.00600004
0.01099372
0.00699878
0.00899887
0.00699949
0.00751257
0.00800657
0.01090074
0.00701547
0.00900602
0.01000619
0.00999999
0.01001477
0.00700736
0.00801325
0.00650644
0.00700951
0.00810623
0.00763512
0.00999308
0.00999975
0.00800157
0.00904679
0.01052260
0.00900674
0.01099992
0.00900841
0.00900435
0.00899720
0.00893211
0.00799990
0.00899816
0.00800395
0.00999975
0.00899982
0.00800991
0.00900745
0.00900030
0.00799489
0.00800037
0.01100898
0.00800824
0.00699997
0.00800014
0.00800729
0.00799847
0.00852799
0.00900483
0.00800276
0.00799942
0.00900030
0.00799203
0.00799394
0.00849724
0.00899982
0.00999975
0.02299452
0.01300073
0.00799370
0.00800085
0.00852990
0.00900030
0.01199913
0.00999975
0.00838089
0.00900412
0.00800991
0.01838493
0.00850677
0.00800443
0.00899625
0.00799966
0.01099944
0.00900054
0.00800014
0.02000046
0.01100850
0.00799394
0.00800514
0.00800085
0.00799513
0.00801110
0.00699949
0.00899982
0.01000023
0.00800252
0.00899553
0.02299953
0.00800014
0.00800467
0.00899982
0.00900269
0.00900054
0.00800490
0.00899982
0.00800586
0.00849724
0.00800037
0.00800014
0.00899959
0.00851536
0.00799489
0.00800061
0.00899935
0.01699972
0.01100016
0.00900388
0.00852013
0.00900006
0.00799537
0.00899768
0.00900912
0.00898552
0.00800872
0.00800014
0.00851417
0.00900412
0.00899506
0.00899911
0.00704551
0.01999974
0.01004887
0.00805140
0.00871658
0.00799966
0.00800037
0.00841999
0.00799966
0.00800014
0.00900698
0.00852704
0.00800180
0.00800514
0.00800490
0.02199984
0.01300049
0.00899935
0.00862312
0.00952053
0.00800037
0.00900221
0.00803113
0.00910234
0.00799537
0.00851274
0.00800014
0.00899982
0.01249599
0.01000524
0.00900006
0.00900865
0.00899982
0.00812364
0.00900030
0.02399302
0.00918245
0.00894952
0.00800729
0.01248837
0.00800586
0.00900507
0.00900102
0.00800061
0.00899982
0.01650834
0.01300025
0.00900126
0.00899982
0.00900507
0.00803256
0.00837374
0.01000047
0.00899100
0.00953865
0.00899959
0.01000333
0.00998974
0.00900102
0.00830102
0.00808215
0.00704098
0.00804830
0.00862670
0.00811458
0.00699639
0.00600457
0.00996828
0.00805116
0.00789714
0.00699592
0.00796080
0.00712180
0.00700259
0.00674152
0.00699615
0.00799823
0.00703597
0.00601506
0.00692368
0.00704598
0.00800157
0.00601411
0.00499463
0.00708938
0.00695610
0.00679612
0.00502515
0.00600147
0.00621676
0.00605273
0.00504184
0.00600672
0.00499487
0.00503278
0.00600123
0.00599194
0.00699806
0.00900435
0.02250457
0.00711608
0.00735879
0.00814128
0.00799966
0.00699973
0.01101565
0.00654984
0.02112794
0.01299906
0.00700116
0.00800014
0.00800180
0.00700402
0.00700116
0.00600290
0.01973248
0.00900173
0.00700164
0.00726104
0.00700092
0.00799131
0.00699925
0.00751066
0.00749540
0.00800204
0.02243423
0.00900054
0.00700068
0.02000117
0.00750661
0.00701141
0.00816488
0.00800014
0.01060343
0.00720882
0.01042676
0.01100159
0.00751233
0.00813413
0.00800061
0.00700259
0.00807238
0.00800705
0.00800228
0.00699472
0.00750566
0.00700212
0.00700617
0.00749707
0.01299262
0.00934219
0.00900865
0.00799942
0.00852633
0.00506449
0.00827122
0.00882649
0.00799036
0.00800014
0.00600028
0.00801563
0.00778937
0.00795698
0.02390838
0.00795579
0.00708818
0.00698471
0.00699735
0.00800467
0.01149535
0.00900030
0.00596690
0.00700116
0.02127600
0.00600123
0.00796032
0.00800586
0.00751042
0.00711226
0.00720572
0.01505947
0.00743437
0.00800061
0.00800109
0.00899053
0.00759149
0.00800061
0.00647616
0.00917721
0.00900841
0.00600481
0.00699496
0.00818920
0.01000381
0.00750756
0.00638556
0.02100182
0.00850677
0.00734949
0.00799942
0.00800276
0.00712085
0.00699854
0.01199865
0.00607729
0.00595927
0.00700068
0.00700045
0.00700021
0.00700355
0.01983166
0.00799894
0.00700736
0.00699544
0.00653148
0.00707960
0.00779891
0.00724053
0.00751805
0.00699449
0.01717782
0.00700164
0.00853348
0.00760412
0.00600004
0.00900197
0.00651336
0.00900602
0.00812268
0.00699949
0.00699878
0.01187038
0.00700498
0.00689483
0.00655007
0.00699806
0.00800061
0.00600076
0.00799918
0.00722456
0.02348208
0.00700021
0.00851202
0.00700045
0.00950503
0.01101947
0.01101255
0.00852275
0.00899887
0.01000190
0.00800395
0.00800610
0.00936151
0.00732231
0.00807929
0.00995207
0.02654624
0.00700092
0.00800419
0.00800037
0.00799942
0.00899196
0.01204395
0.00801134
0.00800323
0.00700021
0.01099324
0.00700021
0.00801921
0.00831676
0.00900984
0.00999737
0.01125145
0.00800610
0.00900102
0.00899959
0.01000357
0.00696182
0.01184130
0.00895762
0.00825977
0.00747061
0.00901055
0.00904751
0.00795984
0.01000142
0.00819921
0.00600624
0.00849009
0.00598788
0.00700450
0.00645900
0.00650287
0.00751448
0.00600219
0.00901365
0.00700855
0.00700331
0.00650311
0.00601220
0.00901246
0.00698090
0.00803733
0.00768661
0.00700116
0.00700259
0.00700808
0.00701141
0.00899887
0.00899076
0.00766325
0.00600791
0.00800157
0.00808549
0.01306224
0.01300001
0.00800276
0.01000047
0.00899959
0.00699997
0.00700784
0.00799990
0.00760412
0.00699925
0.00800180
0.00702190
0.00800037
0.00800467
0.02050257
0.00850368
0.00850272
0.00850463
0.00699973
0.00850415
0.00800562
0.00800490
0.00799513
0.01999998
0.00699997
0.00800490
0.01600289
0.00800228
0.00800061
0.00800204
0.00695109
0.01087403
0.00900006
0.01800156
0.00900054
0.00900841
0.00800395
0.00900435
0.00900006
0.00700068
0.00799990
0.00799656
0.00850177
0.01299882
0.01100063
0.00799990
0.00699902
0.00789022
0.00700235
0.00799870
0.00650263
0.00754476
0.00800014
0.00800037
0.00699949
0.00800037
0.00700474
0.00899553
0.00930762
0.02099919
0.00900006
0.00699949
0.01900029
0.01000047
0.00739574
0.00752306
0.00899887
0.00700665
0.00900054
0.00799441
0.00861287
0.00906038
0.00799084
0.00700402
0.00850296
0.00799894
0.00727296
0.01000428
0.00700259
0.00811934
0.00800014
0.00750661
0.00804782
0.00797701
0.00876188
0.01103783
0.00784612
0.00701237
0.00813150
0.00799298
0.01034904
0.00800085
0.01057029
0.00650859
0.00601172
0.00600076
0.00999141
0.00700021
0.00799990
0.00600028
0.00700092
0.00913405
0.00891113
0.00900006
0.00800014
0.00899959
0.00700045
0.00700784
0.00799060
0.00691938
0.00700045
0.01200223
0.00800920
0.00800037
0.00699973
0.01809216
0.00999999
0.00800180
0.00799179
0.00800920
0.00900006
0.00800014
0.00800085
0.00800991
0.00698972
0.02084661
0.01150322
0.00699854
0.01777148
0.00931954
0.00800633
0.00799489
0.00733781
0.00708508
0.00693917
0.01911712
0.00959134
0.00700665
0.00700140
0.00899410
0.00699973
0.00750446
0.00700665
0.00799990
0.00599003
0.01200032
0.00800014
0.00899982
0.00801754
0.00788641
0.00799942
0.00800610
0.00799966
0.00753736
0.00999880
0.00899100
0.00799966
0.01200724
0.00700498
0.00900030
0.00800252
0.01300073
0.00800037
0.01850295
0.01099992
0.00900578
0.00800586
0.00900578
0.00799751
0.00700617
0.00801206
0.01050353
0.00799990
0.00700235
0.00988173
0.00900006
0.00899410
0.00699925
0.01050377
0.00800133
0.00800037
0.00799370
0.00699711
0.01200080
0.00800562
0.00799513
0.01049423
0.00700068
0.00900674
0.00800085
0.00801229
0.00798798
0.01100683
0.00803137
0.00899482
0.02588344
0.01100039
0.00799251
0.00800014
0.00799584
0.00800085
0.00900435
0.00800014
0.00799370
0.00899982
0.01000118
0.00900078
0.00899577
0.00899887
0.00700021
0.01200080
0.00800037
0.00899458
0.00799990
0.01000047
0.00900650
0.00900435
0.00899434
0.00901008
0.00999069
0.00900745
0.00799918
0.00900149
0.00751019
0.00900912
0.00901508
0.00899982
0.00789523
0.00851011
0.00612211
0.00599194
0.00942564
0.00900769
0.00751066
0.00999880
0.00798965
0.00907850
0.00700426
0.00900841
0.00601149
0.00600290
0.00900960
0.00599980
0.00670314
0.00651336
0.00531983
0.00701356
0.00800157
0.00600147
0.00700140
0.00898886
0.01200008
0.00800014
0.00800490
0.00799990
0.00899482
0.00800014
0.00799894
0.00800014
0.00699997
0.00800109
0.00701070
0.00700021
0.01000118
0.00800681
0.00800037
0.00699830
0.01699948
0.00895429
0.00773454
0.00794125
0.01000047
0.00800014
0.00899959
0.00800610
0.00695848
0.00950265
0.01300025
0.00809836
0.00795913
0.00822401
0.00999928
0.01200247
0.00830054
0.00764346
0.00699973
0.01200080
0.00809264
0.00802112
0.00691056
0.00900173
0.00764179
0.00704169
0.00799966
0.00800037
0.00699973
0.00899529
0.00799513
0.00699449
0.00700045
0.00801039
0.02399278
0.00699949
0.00900340
0.00800419
0.00699520
0.00700068
0.01250410
0.00799274
0.00800037
0.00750518
0.00800228
0.00900507
0.00800729
0.00800538
0.00751567
0.00700879
0.00799155
0.01800060
0.01199865
0.00800443
0.00900030
0.00800872
0.00751996
0.00800085
0.00900650
0.00800037
0.00699520
0.00999928
0.01200247
0.00752068
0.00899935
0.00899506
0.00800014
0.01100111
0.00800514
0.02400899
0.00850415
0.00799990
0.00800061
0.00699949
0.00799966
0.00700068
0.01000023
0.00799870
0.03150821
0.01000404
0.00899553
0.02299976
0.00900030
0.00799990
0.02250886
0.00799990
0.00799656
0.00899887
0.00900006
0.01012993
0.00699520
0.02200079
0.01010680
0.00790501
0.00900006
0.00799465
0.00799561
0.00700212
0.01100159
0.02251077
0.01099896
0.00900030
0.00799513
0.00799441
0.00800896
0.00900888
0.00700092
0.00850439
0.00900078
0.00799990
0.00745916
0.00897312
0.00800300
0.00896025
0.00799918
0.00700736
0.00561786
0.00704670
0.00599194
0.00600004
0.00904870
0.00640631
0.00669742
0.00842190
0.00599217
0.00900674
0.00798798
0.00769496
0.00799561
0.00598335
0.00792551
0.00703669
0.00700521
0.00899386
0.00703025
0.00698543
0.00709009
0.00767732
0.00700593
0.00697160
0.00699735
0.00884533
0.00700188
0.00702739
0.00851417
0.00799823
0.00777602
0.00801206
0.00600791
0.00799894
0.00699091
0.00800681
0.00832582
0.00652218
0.00565004
0.00652814
0.00650764
0.00750351
0.00550294
0.00601697
0.01199245
0.00899982
0.00800681
0.00899148
0.00699091
0.00700998
0.00681305
0.00700402
0.00723338
0.00600147
0.00801110
0.00899911
0.00700164
0.01109672
0.00699949
0.00600743
0.01000595
0.00799298
0.00653958
0.00680327
0.00799847
0.00599837
0.00700283
0.00600195
0.00700569
0.00649762
0.00802660
0.00899243
0.00651908
0.01251888
0.00800753
0.00700855
0.01200366
0.00741267
0.00700736
0.00703907
0.00700879
0.00701332
0.00713778
0.00607061
0.00650477
0.00600410
0.00699282
0.00682259
0.00900030
0.00801039
0.00699997
0.00699949
0.00600266
0.00799823
0.00751972
0.00599837
0.00736165
0.00599790
0.00799870
0.00650883
0.00602078
0.00601053
0.00800824
0.00757241
0.00550485
0.00717163
0.00500154
0.00701070
0.00599194
0.00500250
0.00702786
0.00599217
0.00698733
0.00637770
0.00601792
0.00628901
0.00642967
0.00684977
0.00488472
0.00700283
0.00599098
0.00500131
0.00700808
0.00500321
0.00609064
0.00600195
0.00700951
0.00499988
0.00736833
0.00599980
0.00756478
0.00651693
0.00599051
0.00598955
0.00399995
0.00501132
0.00500345
0.00599909
0.00500774
0.00600410
0.00591135
0.00599909
0.00601268
0.00500274
0.00499892
0.00751185
0.00700140
0.00800061
0.00699902
0.00600123
0.00701141
0.00700068
0.00600696
0.00499868
0.00399971
0.00501013
0.00600719
0.00568914
0.00500774
0.00458026
0.00601006
0.00433421
0.00501037
0.00751591
0.00599980
0.00600004
0.00799990
0.00500846
0.00468588
0.00501776
0.01127052
0.00399947
0.00500798
0.00500011
0.00700855
0.00650096
0.00599337
0.00596714
0.00500917
0.00517011
0.00500607
0.00498700
0.00500989
0.00411725
0.00739121
0.00402260
0.00699091
0.00516629
0.00501013
0.00698853
0.00600314
0.00628066
0.00509930
0.00550723
0.00500250
0.00550628
0.00500178
0.00493407
0.00499940
0.00551414
0.00700855
0.00500202
0.00521040
0.00501561
0.00402737
0.00399828
0.00450563
0.00900340
0.00599957
0.00800061
0.01200819
0.00505853
0.00550842
0.00526500
0.00630784
0.00547290
0.00500250
0.00499701
0.00701046
0.00700903
0.00600314
0.00600743
0.00700116
0.00527740
0.00599027
0.00814414
0.00799942
0.00800037
0.00701141
0.00598478
0.00601053
0.00499845
0.00700760
0.00899243
0.00800252
0.00400233
0.00602317
0.00500131
0.00600839
0.00600910
0.00841093
0.01028585
0.00803518
0.00600147
0.00609565
0.00600410
0.00500679
0.00651217
0.00699806
0.00499177
0.00627422
0.00550747
0.00417447
0.00551057
0.00599241
0.00800824
0.00701094
0.00499988
0.00501108
0.00550890
0.00450182
0.00600195
0.00498962
0.00699258
0.00799870
0.00499868
0.00712538
0.00499225
0.00601149
0.00600219
0.00558209
0.00501370
0.00500274
0.00650930
0.00699949
0.00513411
0.00500894
0.00450563
0.00500250
0.00600171
0.00433254
0.00599742
0.00500321
0.00500059
0.00700808
0.00505066
0.00600791
0.00450397
0.00700927
0.00700307
0.00600123
0.00500274
0.00600028
0.00500178
0.00510645
0.00512218
0.00550556
0.00501180
0.00549173
0.00501418
0.00501251
0.00550747
0.00500321
0.00699043
0.00500846
0.00500250
0.00501013
0.00471616
0.00445700
0.00551248
0.00500798
0.00500202
0.00698924
0.00500393
0.00500226
0.00601029
0.00601029
0.00601292
0.00541258
0.00635695
0.00500321
0.00601006
0.00524688
0.00551271
0.00509548
0.00500250
0.00400782
0.00500941
0.00500846
0.00559163
0.00658560
0.00699186
0.00699925
0.00599074
0.00599790
0.00751376
0.00500083
0.00597668
0.00799894
0.00500035
0.00500321
0.00501013
0.00600052
0.00754046
0.00599861
0.00500751
0.00800061
0.00645518
0.00600028
0.00837350
0.00500774
0.00800037
0.00508976
0.00500798
0.00499964
0.00700951
0.00499916
0.00999975
0.00700593
0.00499964
0.00599432
0.00598717
0.00399685
0.00450373
0.00693226
0.01000953
0.00900626
0.00500846
0.00500083
0.00500011
0.00699162
0.00515509
0.00500822
0.00501013
0.00511241
0.00800776
0.00500011
0.00501132
0.00499988
0.00801730
0.00591493
0.00699997
0.00699615
0.00599313
0.01231623
0.00809097
0.00599813
0.00499988
0.00601482
0.00586963
0.00601697
0.00700760
0.00500274
0.00514030
0.00500035
0.00500250
0.00700784
0.00600243
