0.00599170
0.00900030
0.00800014
0.00799966
0.00800014
0.00699997
0.00700045
0.00700545
0.00749063
0.00699353
0.00900102
0.00899982
0.00800920
0.00899076
0.00800157
0.01112771
0.02316117
0.01299906
0.01600170
0.01194215
0.00700021
0.01180530
0.01350188
0.01200008
0.00999093
0.01100206
0.00700021
0.00800014
0.00801516
0.00900722
0.00801516
0.00899935
0.00800133
0.00800180
0.01000953
0.01000929
0.00899410
0.00799274
0.00899720
0.00900507
0.02500510
0.00766158
0.00900078
0.00899959
0.00900960
0.00801492
0.00713778
0.00799155
0.00699639
0.00800991
0.00799990
0.00900126
0.00899792
0.00750494
0.00800300
0.01050377
0.01600170
0.00900030
0.00901175
0.00900054
0.01000953
0.00900030
0.00800085
0.00854111
0.00900960
0.00999904
0.00800204
0.01099968
0.00900984
0.00799537
0.00800109
0.00818706
0.00799990
0.00800133
0.00900078
0.00900030
0.00727153
0.00651288
0.00679016
0.00550175
0.00700235
0.00600147
0.00550771
0.00851822
0.00600815
0.00702381
0.00500178
0.00504708
0.00700116
0.00700212
0.00800586
0.00799894
0.01000667
0.00798559
0.00925708
0.00799060
0.00599909
0.00950956
0.00800085
0.00604725
0.00523067
0.00699902
0.00600195
0.00658822
0.00604749
0.00652051
0.00651479
0.01100850
0.00789380
0.00722909
0.00799966
0.00549340
0.00599909
0.00599980
0.00600195
0.00852847
0.00753498
0.00699878
0.00701165
0.00799012
0.00711370
0.01000547
0.00800514
0.00900698
0.00701237
0.00800085
0.00700784
0.00699282
0.00699639
0.00700188
0.00748134
0.00600743
0.00799942
0.00800705
0.00901008
0.01117039
0.00900817
0.00550747
0.00700331
0.00499964
0.00500059
0.00799751
0.00742745
0.00800061
0.00900221
0.00900722
0.00699925
0.00899863
0.00816536
0.00902820
0.00551581
0.00824404
0.00746393
0.00900936
0.00702262
0.00599980
0.00904226
0.00749516
0.00599194
0.00616026
0.00701356
0.00550032
0.00600672
0.00600743
0.00600839
0.00600815
0.00602293
0.00601172
0.00601125
0.00601792
0.00700021
0.00623894
0.00613213
0.00737405
0.00599933
0.00700951
0.00700474
0.01001096
0.00832319
0.01351047
0.00799322
0.00799918
0.00927091
0.00799489
0.00573182
0.00529742
0.00553727
0.00600934
0.00701475
0.00701022
0.00750852
0.00700068
0.00900578
0.00919986
0.00699902
0.00899911
0.00643849
0.00500035
0.00499988
0.00626183
0.00500154
0.00500369
0.00700164
0.00622511
0.00748277
0.00699997
0.00701523
0.00637698
0.00801325
0.00700879
0.00952411
0.00950456
0.00952101
0.00666356
0.00700116
0.00600553
0.00805306
0.00699973
0.00800657
0.00899887
0.00999475
0.00771618
0.00899935
0.00835896
0.00700927
0.00699210
0.00932789
0.00900006
0.00638938
0.00600791
0.00700831
0.00851917
0.00799918
0.00699639
0.00699425
0.00891852
0.00699782
0.00799751
0.00899172
0.00802231
0.00702214
0.00751710
0.00799894
0.00700688
0.00620842
0.00800300
0.00865626
0.00800300
0.00700545
0.00601006
0.00700712
0.00709510
0.00699997
0.00599957
0.00600028
0.00700760
0.00599766
0.00500894
0.00500035
0.00500131
0.00499582
0.00499916
0.00499606
0.00500894
0.00500226
0.00500774
0.00500059
0.00473380
0.00500178
0.00495005
0.00499845
0.00499988
0.00500655
0.00500011
0.00499940
0.00499892
0.00500154
0.00500059
0.00499964
0.00500131
0.00498271
0.00499892
0.00499988
0.00450468
0.00500035
0.00399995
0.00400090
0.00507307
0.00400090
0.00500226
0.00399923
0.00400090
0.00500226
0.00500989
0.00417852
0.00499988
0.00500488
0.00399947
0.00500202
0.00400043
0.00400043
0.00499940
0.00700068
0.00599980
0.00500131
0.00499916
0.00499964
0.00500059
0.00424051
0.00399828
0.00499964
0.00499868
0.00499940
0.00500607
0.00500154
0.00500035
0.00409341
0.00500941
0.00500202
0.00399971
0.00399399
0.00500917
0.00399923
0.00499988
0.00500727
0.00399971
0.00499964
0.00500011
0.00399184
0.00499964
0.00399971
0.00500083
0.00500011
0.00398970
0.00511456
0.00500059
0.00399899
0.00399947
0.00499988
0.00500202
0.00399947
0.00437593
0.00399971
0.00499964
0.00499368
0.00400043
0.00500655
0.00425291
0.00500131
0.00500512
0.00399947
0.00500560
0.00532627
0.00399971
0.00500917
0.00499988
0.00399804
0.00516200
0.00500083
0.00444245
0.00500131
0.00499845
0.00501037
0.00499988
0.00399995
0.00549150
0.00501370
0.00501204
0.00551534
0.00499940
0.00500131
0.00499797
0.00501084
0.00500107
0.00499892
0.00499749
0.00500369
0.00499964
0.00399971
0.00400019
0.00500011
0.00500274
0.00500202
0.00500035
0.00500107
0.00451803
0.00500083
0.00399494
0.00500512
0.00500321
0.00500798
0.00499988
0.00444293
0.00500011
0.00398993
0.00499916
0.00538921
0.00500107
0.00499940
0.00398922
0.00399947
0.00550461
0.00499940
0.00500107
0.00500393
0.00399947
0.00402975
0.00537324
0.00500035
0.00375390
0.00399947
0.00501323
0.00400043
0.00499964
0.00500154
0.00500035
0.00502896
0.00454092
0.00560236
0.00500798
0.00499368
0.00500870
0.00401425
0.00498891
0.00545168
0.00580263
0.00500059
0.00399685
0.00499058
0.00500727
0.00400019
0.00399876
0.00501513
0.00500178
0.00500417
0.00498676
0.00499797
0.00523829
0.00498962
0.00499964
0.00500035
0.00498796
0.00516820
0.00399756
0.00501013
0.00500107
0.00500131
0.00399971
0.00499916
0.00399995
0.00500464
0.00399947
0.00399995
0.00500703
0.00500631
0.00463057
0.00500655
0.00440979
0.00497794
0.00500059
0.00399923
0.00400019
0.00399256
0.00399947
0.00499463
0.00400019
0.00499415
0.00500202
0.00500178
0.00399613
0.00500274
0.00449252
0.00400186
0.00499940
0.00497937
0.00415897
0.00500989
0.00400972
0.00401139
0.00500536
0.00400138
0.00516915
0.00400090
0.00500178
0.00398946
0.00500035
0.00500226
0.00401521
0.00501323
0.00501037
0.00399065
0.00400066
0.00499940
0.00500035
0.00500417
0.00400162
0.00499153
0.00500011
0.00399041
0.00400019
0.00400114
0.00400114
0.00400138
0.00400090
0.00500941
0.00399184
0.00500226
0.00499916
0.00399995
0.00498772
0.00399899
0.00500011
0.00399089
0.00499988
0.00501156
0.00546384
0.00500011
0.00402451
0.00400233
0.00400186
0.00400114
0.00400233
0.00500035
0.00523949
0.00450468
0.00399947
0.00499845
0.00500059
0.00500011
0.00500202
0.00501108
0.00412941
0.00400019
0.00501156
0.00411510
0.00500178
0.00500131
0.00399971
0.00400066
0.00401115
0.00500345
0.00431967
0.00501108
0.00399971
0.00502348
0.00421214
0.00499916
0.00399995
0.00499964
0.00499988
0.00500059
0.00399208
0.00499511
0.00406957
0.00500202
0.00399971
0.00500178
0.00501060
0.00400114
0.00399470
0.00500607
0.00400066
0.00499129
0.00399971
0.00400138
0.00527382
0.00500989
0.00400138
0.00398874
0.00400138
0.00399089
0.00501013
0.00400114
0.00400114
0.00399065
0.00501585
0.00500011
0.00505185
0.00450444
0.00399923
0.00400114
0.00500989
0.00400090
0.00410533
0.00524831
0.00499034
0.00399995
0.00501561
0.00403833
0.00500989
0.00399971
0.00500178
0.00400066
0.00500965
0.00500154
0.00399947
0.00525928
0.00399947
0.00499940
0.00500679
0.00399923
0.00462079
0.00399947
0.00399971
0.00445533
0.00499988
0.00400138
0.00399947
0.00500655
0.00420332
0.00500226
0.00399923
0.00499845
0.00450230
0.00500035
0.00501013
0.00509858
0.00501466
0.00500083
0.00500154
0.00404644
0.00499010
0.00499892
0.00507975
0.00543213
0.00500250
0.00399995
0.00500154
0.00500345
0.00500631
0.00500774
0.00551486
0.00500011
0.00400090
0.00447345
0.00500131
0.00500178
0.00399923
0.00499725
0.00500011
0.00463533
0.00500202
0.00500202
0.00399899
0.00499940
0.00413275
0.00400162
0.00500202
0.00400019
0.00500655
0.00400138
0.00499487
0.00499988
0.00399923
0.00500536
0.00399923
0.00399256
0.00500059
0.00500250
