0.00300002
0.00399399
0.00400138
0.00499797
0.00438428
0.00399995
0.00400066
0.00404072
0.00400090
0.00399923
0.00400615
0.00399184
0.00492454
0.00399923
0.00500107
0.00510359
0.00445580
0.00399971
0.00512671
0.00399947
0.00499988
0.00426793
0.00399566
0.00500083
0.00451255
0.00500655
0.00400019
0.00501180
0.00400138
0.00500011
0.00500226
0.00400090
0.00500226
0.00424719
0.00422120
0.00409865
0.00439167
0.00399947
0.00525451
0.00500917
0.00505257
0.00434446
0.00507331
0.00399828
0.00499988
0.00399971
0.00411248
0.00413299
0.00449514
0.00399995
0.00499988
0.00399899
0.00499988
0.00399995
0.00499940
0.00399876
0.00419664
0.00500131
0.00401044
0.00500607
0.00500035
0.00451851
0.00500512
0.00399995
0.00499535
0.00399971
0.00499415
0.00500655
0.00433207
0.00399423
0.00399947
0.00408745
0.00399995
0.00399947
0.00499535
0.00399971
0.00500154
0.00399971
0.00500083
0.00350904
0.00499940
0.00399971
0.00399947
0.00429559
0.00500059
0.00399971
0.00442266
0.00500512
0.00400019
0.00500035
0.00399947
0.00500154
0.00399947
0.00500846
0.00399995
0.00500965
0.00399184
0.00429726
0.00500298
0.00399995
0.00499487
0.00399184
0.00500035
0.00451803
0.00500011
0.00500107
0.00475335
0.00400066
0.00500035
0.00399947
0.00500035
0.00500154
0.00499988
0.00400138
0.00471282
0.00500059
0.00450325
0.00446534
0.00500584
0.00400114
0.00500131
0.00500178
0.00499940
0.00399923
0.00400829
0.00500655
0.00399780
0.00500631
0.00399804
0.00411892
0.00399852
0.00499940
0.00399995
0.00399923
0.00450969
0.00500059
0.00500393
0.00411820
0.00500512
0.00399518
0.00399995
0.00500631
0.00399232
0.00517964
0.00398970
0.00464153
0.00398898
0.00435448
0.00399327
0.00499201
0.00447941
0.00399947
0.00500035
0.00450301
0.00418639
0.00500035
0.00399971
0.00399923
0.00500131
0.00399947
0.00500107
0.00500154
0.00399947
0.00500202
0.00500989
0.00400186
0.00400162
0.00400305
0.00412464
0.00501633
0.00399947
0.00500035
0.00501966
0.00399971
0.00399971
0.00469589
0.00500178
0.00500178
0.00500202
0.00398970
0.00400019
0.00501013
0.00499153
0.00500035
0.00503230
0.00400114
0.00501251
0.00400019
0.00500107
0.00500011
0.00454021
0.00400019
0.00495672
0.00500011
0.00399995
0.00500154
0.00399923
0.00399947
0.00511193
0.00399995
0.00400138
0.00501037
0.00399947
0.00501180
0.00426435
0.00500607
0.00500226
0.00398946
0.00450158
0.00399947
0.00395226
0.00390935
0.00399947
0.00503945
0.00399995
0.00500822
0.00441122
0.00499988
0.00399947
0.00500226
0.00499940
0.00399923
0.00449657
0.00399971
0.00507712
0.00499964
0.00399971
0.00450420
0.00495958
0.00400019
0.00399971
0.00500798
0.00400043
0.00500536
0.00499439
0.00399947
0.00510311
0.00499392
0.00399995
0.00500703
0.00399971
0.00399971
0.00506425
0.00439000
0.00399923
0.00499940
0.00474310
0.00500560
0.00399995
0.00399899
0.00500202
0.00400138
0.00499535
0.00460291
0.00475216
0.00399923
0.00399947
0.00499988
0.00421882
0.00500631
0.00399923
0.00500250
0.00499916
0.00399995
0.00450325
0.00447869
0.00499344
0.00399971
0.00399995
0.00500131
0.00400090
0.00419021
0.00515175
0.00500083
0.00398874
0.00400043
0.00399971
0.00399995
0.00499487
0.00447941
0.00400162
0.00499988
0.00399971
0.00399876
0.00499988
0.00500226
0.00399971
0.00500035
0.00410628
0.00399995
0.00499988
0.00399995
0.00399947
0.00500011
0.00499988
0.00419235
0.00400209
0.00499964
0.00419664
0.00500083
0.00399876
0.00450444
0.00415111
0.00399971
0.00499582
0.00399995
0.00400138
0.00499916
0.00399995
0.00449252
0.00500202
0.00400114
0.00500226
0.00399971
0.00399947
0.00400162
0.00499153
0.00400209
0.00499129
0.00298905
0.00500607
0.00399995
0.00399995
0.00400114
0.00500059
0.00399899
0.00399184
0.00500226
0.00499916
0.00399995
0.00499177
0.00500202
0.00499964
0.00399947
0.00500035
0.00500274
0.00399947
0.00499964
0.00450325
0.00500679
0.00399971
0.00411534
0.00409675
0.00509405
0.00500989
0.00400138
0.00500131
0.00400114
0.00500131
0.00400138
0.00500011
0.00400186
0.00399923
0.00498724
0.00500107
0.00400043
0.00452137
0.00399113
0.00399923
0.00398898
0.00399899
0.00500894
0.00399995
0.00500059
0.00398850
0.00399923
0.00500059
0.00399947
0.00399089
0.00545311
0.00504351
0.00398874
0.00401497
0.00499916
0.00399995
0.00450492
0.00399923
0.00499988
0.00399947
0.00398898
0.00399923
0.00511956
0.00500369
0.00399995
0.00516462
0.00399995
0.00399995
0.00400996
0.00500011
0.00492787
0.00500274
0.00500083
0.00500202
