0.00300002
0.00500202
0.00444412
0.00400352
0.00399947
0.00398898
0.00499845
0.00499964
0.00500011
0.00499105
0.00500011
0.00451016
0.00450301
0.00400043
0.00500131
0.00399971
0.00451708
0.00374269
0.00399709
0.00500011
0.00499940
0.00500059
0.00400138
0.00399923
0.00399947
0.00399947
0.00399089
0.00500011
0.00500011
0.00491071
0.00499058
0.00399947
0.00399971
0.00450301
0.00399876
0.00499988
0.00499916
0.00513721
0.00500035
0.00399947
0.00399351
0.00400400
0.00455046
0.00500178
0.00399184
0.00444484
0.00399947
0.00400138
0.00499988
0.00500059
0.00515532
0.00500178
0.00500154
0.00500369
0.00500035
0.00500584
0.00500011
0.00446391
0.00399995
0.00399232
0.00500512
0.00399995
0.00404739
0.00475860
0.00500941
0.00499940
0.00500107
0.00451589
0.00500154
0.00428700
0.00399971
0.00500035
0.00443721
0.00499988
0.00500035
0.00499177
0.00500512
0.00500154
0.00500464
0.00500202
0.00500083
0.00500131
0.00500154
0.00500107
0.00399947
0.00500083
0.00499964
0.00500536
0.00521779
0.00399208
0.00500131
0.00444746
0.00399184
0.00400019
0.00399947
0.00500584
0.00463247
0.00521135
0.00399613
0.00438666
0.00500488
0.00450253
0.00399947
0.00516820
0.00446486
0.00499988
0.00499964
0.00500035
0.00500655
0.00500011
0.00500536
0.00500059
0.00499821
0.00500131
0.00500011
0.00399947
0.00500059
0.00499988
0.00502157
0.00500131
0.00507402
0.00499964
0.00499964
0.00500584
0.00500441
0.00500107
0.00500107
0.00400019
0.00499964
0.00505471
0.00500154
0.00499988
0.00499988
0.00500131
0.00399947
0.00550461
0.00399923
0.00500083
0.00398898
0.00398946
0.00399065
0.00398922
0.00500107
0.00517869
0.00498891
0.00400329
0.00398850
0.00399137
0.00499916
0.00500226
0.00500083
0.00500011
0.00445580
0.00500655
0.00528860
0.00500083
0.00399065
0.00400019
0.00399995
0.00500035
0.00500154
0.00499940
0.00500131
0.00500107
0.00500131
0.00500011
0.00452137
0.00499988
0.00500870
0.00400591
0.00424004
0.00399923
0.00500131
0.00500035
0.00500035
0.00513363
0.00399041
0.00500131
0.00500154
0.00499988
0.00542307
0.00500202
0.00399923
0.00400805
0.00499916
0.00400019
0.00500131
0.00500035
0.00399852
0.00500178
0.00399947
0.00500011
0.00499964
0.00500274
0.00499988
0.00470352
0.00535893
0.00500178
0.00543332
0.00500059
0.00499988
0.00496316
0.00450349
0.00500154
0.00509715
0.00500631
0.00500512
0.00399995
0.00501084
0.00504017
0.00500035
0.00500131
0.00500512
0.00500059
0.00439763
0.00499606
0.00449610
0.00400496
0.00505114
0.00567675
0.00600195
0.00547934
0.00600719
0.00600171
0.00600457
0.00600171
0.00609422
0.00499916
0.00532198
0.00600672
0.00554419
0.00499964
0.00511599
0.00510788
0.00550056
0.00550604
0.00601721
0.00499511
0.00601411
0.00500751
0.00572848
0.00500083
0.00500059
0.00535536
0.00500083
0.00499701
0.00500560
0.00500464
0.00500107
0.00551152
0.00559998
0.00500059
