0.00299954
0.00400043
0.00399995
0.00461245
0.00500178
0.00501013
0.00500178
0.00400138
0.00500131
0.00500202
0.00399971
0.00399971
0.00401473
0.00501037
0.00452566
0.00519538
0.00500631
0.00399923
0.00499988
0.00399947
0.00399971
0.00499988
0.00399995
0.00500083
0.00399947
0.00500822
0.00399971
0.00501037
0.00399899
0.00510025
0.00514293
0.00399947
0.00450230
0.00500727
0.00500083
0.00399995
0.00443292
0.00499964
0.00400639
0.00500131
0.00500727
0.00500154
0.00500178
0.00501037
0.00445867
0.00499129
0.00500035
0.00434542
0.00500441
0.00438476
0.00503778
0.00399971
0.00449443
0.00399971
0.00521898
0.00500178
0.00399971
0.00450683
0.00499988
0.00500870
0.00499988
0.00400066
0.00500298
0.00399947
0.00499868
0.00400019
0.00399852
0.00425625
0.00414133
0.00499511
0.00500059
0.00521231
0.00505090
0.00400066
0.00400186
0.00500059
0.00500178
0.00399971
0.00397396
0.00500703
0.00399923
0.00400090
0.00501060
0.00501633
0.00528789
0.00501609
0.00500679
0.00500679
0.00399899
0.00500464
0.00500131
0.00501013
0.00399160
0.00501108
0.00500846
0.00501728
0.00400877
0.00500679
0.00488544
0.00501204
0.00520205
0.00501108
0.00399947
0.00436020
0.00499988
0.00500250
0.00500584
0.00400162
0.00500154
0.00500131
0.00399947
0.00500035
0.00423551
0.00500059
0.00511932
0.00499392
0.00399971
0.00499463
0.00400209
0.00498939
0.00400114
0.00550079
0.00399923
0.00399661
0.00511813
0.00399971
0.00443578
0.00399971
0.00400114
0.00449657
0.00499392
0.00400138
0.00433564
0.00500059
0.00400090
0.00452042
0.00501132
0.00399923
0.00499868
0.00402260
0.00431728
0.00511813
0.00399923
0.00500083
0.00399971
0.00409579
0.00399590
0.00450325
0.00498843
0.00399089
0.00499868
0.00399995
0.00521064
0.00533438
0.00449109
0.00440812
0.00399995
0.00451922
0.00436950
0.00499654
0.00399494
0.00500631
0.00404239
0.00469923
0.00399995
0.00499535
0.00399995
0.00499511
0.00399542
0.00500059
0.00400043
0.00499821
0.00399995
0.00500536
0.00500751
0.00460410
0.00400019
0.00500131
0.00399971
0.00499988
0.00500011
0.00480771
0.00500083
0.00398874
0.00399923
0.00399971
0.00400066
0.00500178
0.00496697
0.00399065
0.00500154
0.00399971
0.00573897
0.00475788
0.00409865
0.00503373
0.00500798
0.00399971
0.00500178
0.00399995
0.00500107
0.00500107
0.00500703
0.00400043
0.00500631
0.00399971
0.00499344
0.00500870
0.00399923
0.00514483
0.00399923
0.00521302
0.00399995
0.00500131
0.00500178
0.00399971
0.00499988
0.00399971
0.00399923
0.00505352
0.00500154
0.00399971
0.00542092
0.00500154
0.00399947
0.00500011
0.00501442
0.00500083
0.00400138
0.00500226
0.00500154
0.00399995
0.00499320
0.00399995
0.00500154
0.00500011
0.00399971
0.00500536
0.00500131
0.00500202
0.00399995
0.00500059
0.00399065
0.00399947
0.00400138
0.00499749
0.00500035
0.00399709
0.00499916
0.00500584
0.00501299
0.00501204
0.00403214
0.00500274
0.00500298
0.00398660
0.00501227
0.00499821
0.00500941
0.00400543
0.00501037
0.00399971
0.00500083
0.00500941
0.00463891
0.00501013
0.00400209
0.00492811
0.00500631
0.00451016
0.00499988
0.00400019
0.00399971
0.00399995
0.00399995
0.00499797
0.00500774
0.00410891
0.00500011
0.00501013
0.00500679
0.00400019
0.00450134
0.00500011
0.00399947
0.00500035
0.00517607
0.00407338
0.00437117
0.00399947
0.00500035
0.00399995
0.00505471
0.00499988
0.00539780
0.00399947
0.00500202
0.00439334
0.00399995
0.00501132
0.00450516
0.00399923
0.00449467
0.00499201
0.00500107
0.00438309
0.00500655
0.00399923
0.00531268
0.00501180
0.00500202
0.00400019
0.00499916
0.00399995
0.00500059
0.00400066
0.00461102
0.00450635
0.00450492
0.00424242
0.00501299
0.00399971
0.00403690
0.00499177
0.00420547
0.00499058
0.00501013
0.00399995
0.00500178
0.00400162
0.00399971
0.00399947
0.00400162
0.00499892
0.00500894
0.00400352
0.00451732
0.00499916
0.00500250
0.00499892
0.00398898
0.00455785
0.00500035
0.00399947
0.00501013
0.00399947
0.00501156
0.00520802
0.00500631
0.00500059
0.00399089
0.00498962
0.00500846
0.00500298
0.00501728
0.00512052
0.00409198
0.00500655
0.00497866
0.00399971
0.00499487
0.00399971
0.00400019
0.00499988
0.00500059
0.00400019
0.00499082
0.00500011
0.00399899
0.00500274
0.00500011
0.00450206
0.00500011
0.00500131
0.00500107
0.00500226
0.00399995
0.00500226
0.00400019
0.00499964
0.00507617
0.00399947
0.00501037
0.00402761
0.00427246
0.00399876
0.00422215
0.00500846
0.00500059
0.00550413
0.00500178
0.00399089
0.00500679
0.00399923
0.00399971
0.00500131
0.00428081
0.00500011
0.00500011
0.00399899
0.00399947
0.00500536
0.00506806
0.00500154
0.00429130
0.00499916
0.00550485
0.00399971
0.00499988
0.00500178
0.00418663
0.00500011
0.00499988
0.00501013
0.00500941
0.00500941
0.00504971
0.00500846
0.00500011
0.00399995
0.00534701
0.00400090
0.00500107
0.00500822
0.00533605
0.00445390
0.00400591
0.00500202
0.00499988
0.00499868
0.00500536
0.00499988
0.00399137
0.00499845
0.00514078
0.00399113
0.00500870
0.00499940
0.00399828
0.00400019
0.00500154
0.00450420
0.00500202
0.00400019
0.00399089
0.00508070
0.00500202
0.00543356
0.00400352
0.00554895
0.00399137
0.00501418
0.00500894
0.00465155
0.00500250
0.00500655
0.00478363
0.00500798
0.00428128
0.00500727
0.00501013
0.00500011
0.00500894
0.00399446
0.00499249
0.00500035
0.00500202
0.00500655
0.00399923
0.00499892
0.00499988
0.00400019
