0.00500178
0.00500345
0.00426054
0.00439239
0.00499249
0.00399232
0.00399971
0.00500727
0.00408340
0.00500560
0.00499964
0.00448561
0.00499940
0.00399971
0.00399947
0.00399113
0.00500083
0.00400019
0.00587225
0.00500011
0.00399971
0.00400019
0.00500035
0.00600147
0.00399971
0.00399995
0.00500011
0.00500059
0.00399995
0.00399876
0.00500035
0.00400209
0.00400043
0.00450563
0.00399327
0.00499511
0.00500011
0.00511551
0.00399995
0.00499916
0.00500011
0.00399995
0.00418496
0.00399947
0.00500011
0.00398779
0.00501633
0.00499082
0.00501013
0.00399923
0.00499272
0.00399899
0.00500011
0.00399995
0.00405359
0.00449610
0.00399876
0.00400281
0.00500250
0.00421190
0.00399923
0.00534296
0.00399947
0.00499988
0.00550389
0.00399971
0.00499344
0.00399399
0.00499964
0.00500059
0.00400209
0.00500774
0.00500011
0.00400019
0.00500011
0.00500011
0.00442576
0.00400162
0.00399947
0.00440168
0.00501299
0.00399995
0.00399995
0.00399899
0.00499845
0.00399542
0.00450993
0.00499821
0.00499892
0.00400162
0.00499582
0.00400233
0.00500393
0.00400472
0.00400186
0.00449157
0.00500011
0.00399828
0.00399876
0.00499988
0.00502944
0.00399899
0.00400639
0.00499725
0.00399995
0.00500083
0.00399303
0.00499773
0.00498533
0.00399065
0.00499964
0.00500202
0.00445390
0.00399303
0.00399899
0.00420642
0.00399947
0.00499940
0.00399923
0.00399232
0.00499701
0.00399971
0.00499773
0.00500607
0.00400114
0.00498939
0.00450444
0.00404668
0.00500202
0.00506210
0.00399947
0.00398707
0.00529408
0.00400019
0.00444961
0.00399923
0.00399923
0.00500655
0.00535131
0.00401783
0.00399947
0.00399971
0.00535893
0.00499725
0.00440669
0.00399995
0.00500011
0.00500035
0.00399780
0.00499463
0.00500131
0.00399923
0.00500536
0.00399947
0.00420427
0.00499845
0.00399470
0.00450206
0.00399923
0.00499988
0.00411177
0.00500011
0.00399470
0.00399518
0.00499988
0.00499988
0.00399947
0.00399947
0.00499868
0.00399971
0.00399828
0.00499988
0.00399971
0.00450444
0.00500011
0.00399947
0.00500154
0.00399518
0.00477719
0.00399828
0.00499940
0.00499964
0.00399399
0.00411201
0.00399375
0.00499296
0.00521564
0.00399923
0.00500011
0.00399995
0.00400186
0.00519538
0.00399995
0.00557780
0.00499988
0.00399971
0.00449133
0.00398707
0.00499105
0.00399923
0.00499439
0.00499964
0.00400496
0.00422764
0.00404859
0.00399947
0.00500059
0.00499988
0.00500035
0.00399923
0.00407171
0.00399947
0.00500011
0.00540018
0.00399971
0.00399947
0.00500011
0.00399923
0.00399947
0.00399947
0.00437689
0.00399971
0.00403190
0.00499964
0.00500059
0.00400090
0.00400019
0.00402141
0.00500011
0.00399280
0.00500035
0.00499272
0.00400209
0.00501609
0.00449085
0.00449395
0.00500488
0.00400090
0.00398827
0.00426412
0.00399923
0.00399971
0.00500154
0.00399971
0.00438571
0.00500536
0.00514197
0.00400043
0.00399923
0.00500369
0.00400519
0.00416374
0.00399971
0.00518107
0.00399232
0.00399399
0.00499249
0.00399995
0.00399899
0.00399899
0.00399184
0.00499964
0.00399923
0.00504398
0.00399828
0.00500059
0.00399899
0.00400496
0.00405860
0.00500226
0.00399256
0.00400305
0.00399947
0.00399995
0.00500035
0.00500178
0.00400186
0.00399995
0.00500894
0.00399947
0.00400209
0.00499988
0.00450134
0.00500035
0.00500226
0.00399947
0.00399995
0.00399899
0.00500679
0.00499940
0.00399756
