0.00199842
0.00500178
0.00453520
0.00501132
0.00502706
0.00400448
0.00499964
0.00399971
0.00400186
0.00400233
0.00551343
0.00501013
0.00500107
0.00483418
0.00400209
0.00456810
0.00500178
0.00399995
0.00500178
0.00499988
0.00500035
0.00400019
0.00498891
0.00421119
0.00499964
0.00502372
0.00400662
0.00500751
0.00503612
0.00399971
0.00399971
0.00500154
0.00399947
0.00500584
0.00499940
0.00500011
0.00500560
0.00500631
0.00500083
0.00545692
0.00500822
0.00499964
0.00426888
0.00550389
0.00500154
0.00443554
0.00499701
0.00500917
0.00399947
0.00450253
0.00483322
0.00500941
0.00400209
0.00499654
0.00400090
0.00500202
0.00418949
0.00500059
0.00401711
0.00399971
0.00500131
0.00411510
0.00500226
0.00500083
0.00399971
0.00550604
0.00399995
0.00400162
0.00500035
0.00418377
0.00499940
0.00399971
0.00518131
0.00500464
0.00466299
0.00400686
0.00500202
0.00400114
0.00492477
0.00400043
0.00499177
0.00400019
0.00398898
0.00512218
0.00541353
0.00400090
0.00500035
0.00500369
0.00399947
0.00500536
0.00400162
0.00499988
0.00537038
0.00399971
0.00400162
0.00501084
0.00450397
0.00426960
0.00499344
0.00500011
0.00448513
0.00500536
0.00500178
0.00499940
0.00400114
0.00399160
0.00399137
0.00499964
0.00499988
0.00500011
0.00500154
0.00501347
0.00422382
0.00500178
0.00453877
0.00500536
0.00400043
0.00500393
0.00483465
0.00505161
0.00529408
0.00499988
0.00399160
0.00410938
0.00400090
0.00399160
0.00500178
0.00401044
0.00500178
0.00401568
0.00500083
0.00500727
0.00549841
0.00400829
0.00500202
0.00399947
0.00500703
0.00500226
0.00500751
0.00457215
