0.00199103
0.00500917
0.00399971
0.00500727
0.00399923
0.00500536
0.00500727
0.00501204
0.00500131
0.00450325
0.00500226
0.00399923
0.00500154
0.00434041
0.00416231
0.00499678
0.00499940
0.00399995
0.00500560
0.00399899
0.00499845
0.00500989
0.00501013
0.00399971
0.00500369
0.00399995
0.00500202
0.00433636
0.00500536
0.00399923
0.00500131
0.00409126
0.00399971
0.00500298
0.00399470
0.00500178
0.00426412
0.00548291
0.00512910
0.00500345
0.00499988
0.00500703
0.00468826
0.00399446
0.00450611
0.00498605
0.00399995
0.00523472
0.00399256
0.00499845
0.00500083
0.00399160
0.00499940
0.00500250
0.00400114
0.00443125
0.00500178
0.00400901
0.00435877
0.00500703
0.00500178
0.00548625
0.00450277
0.00500846
0.00439000
0.00400114
0.00499511
0.00399947
0.00500560
0.00500178
0.00399089
0.00500059
0.00511909
0.00399446
0.00400567
0.00400138
0.00400114
0.00400043
0.00500107
0.00399947
0.00415945
0.00509691
0.00399947
0.00400066
0.00498986
0.00422215
0.00400090
0.00410581
0.00440073
0.00464487
0.00399971
0.00499988
0.00508046
0.00399947
0.00500131
0.00447297
0.00400114
0.00400114
0.00528026
0.00500154
0.00500321
0.00398898
0.00399923
0.00513506
0.00399971
0.00500011
0.00399971
0.00500178
0.00439620
0.00499964
0.00400162
0.00400066
0.00500751
0.00399971
0.00400233
0.00430369
0.00499153
0.00551653
0.00433087
0.00400090
0.00400090
0.00400114
0.00503230
0.00547409
0.00399876
0.00499988
0.00399995
0.00399971
0.00501442
0.00500274
0.00398898
0.00399780
0.00500274
0.00502229
0.00499034
0.00429082
0.00500250
0.00499964
0.00501013
0.00501132
0.00529242
0.00439405
0.00400090
0.00500822
0.00500703
0.00500989
0.00436401
0.00500226
0.00399137
0.00496125
0.00498986
0.00400138
0.00499225
0.00450730
0.00400114
0.00500011
0.00400138
0.00400114
0.00500202
0.00399923
0.00400090
0.00508380
0.00400090
0.00528502
0.00500178
0.00398779
0.00463009
0.00399947
0.00400066
0.00472760
0.00479221
0.00500226
0.00410867
0.00450349
0.00475788
0.00516534
0.00399995
0.00522327
0.00500131
0.00399852
0.00400186
0.00499082
0.00379062
0.00500178
0.00399995
0.00499582
0.00470591
0.00499582
0.00514841
0.00399971
0.00450325
0.00399995
0.00500154
0.00400090
0.00500107
0.00500464
0.00400066
0.00500083
0.00499988
0.00400066
0.00550532
0.00499964
0.00419259
0.00498080
0.00500631
0.00400019
0.00399947
0.00500488
0.00449967
0.00447822
0.00399947
0.00500154
0.00399375
0.00499964
0.00400019
0.00500154
0.00496435
0.00399923
0.00501156
0.00500655
0.00411773
0.00509381
0.00500250
0.00499868
0.00527453
0.00425887
0.00450039
0.00500035
0.00399709
0.00499868
0.00450301
0.00400162
0.00500011
0.00500059
0.00444674
0.00499964
0.00407815
0.00499463
0.00399280
0.00500512
0.00399876
0.00499988
0.00500202
0.00399923
0.00500011
0.00500226
0.00400114
0.00499511
0.00399947
0.00400138
0.00500941
0.00400090
0.00499964
0.00399995
0.00500226
0.00400090
0.00400138
0.00501084
0.00501037
0.00417042
0.00401282
0.00400281
0.00400066
0.00450444
0.00500870
0.00399971
0.00501084
0.00501037
0.00400090
0.00500178
0.00400138
0.00501108
0.00403357
0.00508213
0.00444460
0.00500178
0.00405955
0.00400114
0.00499511
0.00400138
0.00500035
0.00450087
0.00427437
0.00400329
0.00500274
0.00399899
0.00453901
0.00383067
0.00498533
0.00399923
0.00500941
0.00399995
0.00500154
0.00399947
0.00411487
0.00514579
0.00433207
0.00400686
0.00500202
0.00400114
0.00500083
0.00500154
0.00516415
0.00492287
0.00452876
0.00545764
0.00514746
0.00426650
0.00500917
0.00500035
0.00400186
0.00500894
0.00426555
0.00399971
0.00500631
0.00499725
0.00500107
0.00400138
0.00500655
0.00399923
0.00499845
0.00519419
0.00500154
0.00399518
0.00499821
0.00400138
0.00500226
