0.00200176
0.00399351
0.00500560
0.00399518
0.00400066
0.00545669
0.00400114
0.00400114
0.00450301
0.00500178
0.00539684
0.00406647
0.00499988
0.00399971
0.00412154
0.00399899
0.00435519
0.00400066
0.00499082
0.00399995
0.00499153
0.00399947
0.00399923
0.00400090
0.00400066
0.00400066
0.00400043
0.00400066
0.00499511
0.00399995
0.00400114
0.00437331
0.00448585
0.00400257
0.00499773
0.00399971
0.00399947
0.00500202
0.00499749
0.00417185
0.00400114
0.00400162
0.00470972
0.00411677
0.00499940
0.00585532
0.00400090
0.00500011
0.00467706
0.00399971
0.00409746
0.00499988
0.00399995
0.00502706
0.00450182
0.00400233
0.00399923
0.00400090
0.00400114
0.00400114
0.00499463
0.00400090
0.00417018
0.00400162
0.00400066
0.00500917
0.00400090
0.00498867
0.00432062
0.00499964
0.00400019
0.00400186
0.00476193
0.00538421
0.00399923
0.00500035
0.00499964
0.00397754
0.00499511
0.00400233
0.00399947
0.00500441
0.00551200
0.00399351
0.00399947
0.00501966
0.00500059
0.00499964
0.00399971
0.00500679
0.00449491
0.00399375
0.00406742
0.00413656
0.00500512
0.00399899
0.00500011
0.00432134
0.00400066
0.00400090
0.00511265
0.00400066
0.00500512
0.00529742
0.00399995
0.00501585
0.00500250
0.00400019
0.00400209
0.00400066
0.00400043
0.00400066
0.00400114
0.00400090
0.00400090
0.00400114
0.00400257
0.00499845
0.00399995
0.00450778
