0.00499964
0.00499320
0.00500154
0.00499940
0.00500154
0.00499868
0.00499964
0.00500011
0.00520444
0.00399518
0.00400591
0.00499582
0.00399899
0.00450945
0.00399971
0.00399947
0.00400567
0.00404787
0.00461078
0.00499964
0.00399232
0.00399923
0.00399303
0.00499892
0.00500083
0.00400543
0.00420213
0.00399494
0.00443244
0.00450182
0.00499749
0.00515127
0.00500011
0.00510859
0.00500035
0.00500154
0.00499296
0.00499320
0.00399899
0.00399923
0.00399303
0.00500083
0.00399280
0.00500703
0.00500512
0.00469446
0.00499988
0.00399971
0.00399876
0.00499940
0.00500607
0.00399923
0.00399923
0.00399375
0.00399923
0.00399327
0.00399327
0.00500178
0.00501323
0.00399947
0.00440216
0.00427175
0.00399995
0.00399923
0.00399971
0.00499368
0.00400519
0.00430751
0.00446463
0.00399423
0.00504899
0.00499988
0.00433469
0.00399923
0.00400066
0.00399423
0.00500035
0.00415373
0.00399971
0.00399947
0.00510216
0.00499964
0.00440669
0.00399947
0.00399923
0.00399947
0.00399351
0.00426173
0.00399494
0.00399399
0.00501204
0.00500488
0.00414634
0.00398850
0.00399971
0.00500727
0.00500035
0.00399947
0.00400019
0.00399017
0.00500035
0.00500488
0.00420737
0.00400615
0.00500083
0.00399971
0.00500631
0.00500512
0.00400281
0.00399947
0.00399947
0.00500035
0.00428581
0.00399351
0.00399756
0.00500464
0.00399446
0.00419688
0.00499511
0.00450253
0.00399327
0.00399852
0.00501442
0.00399923
0.00400829
0.00399947
0.00500011
0.00481367
0.00399470
0.00425887
0.00400066
0.00399947
0.00399899
0.00399947
0.00400019
0.00399947
0.00499988
0.00399947
0.00400186
0.00399971
0.00450349
0.00499344
0.00505209
0.00500631
0.00499868
0.00400162
0.00400114
0.00499964
0.00399971
0.00399971
0.00399947
0.00399899
0.00500131
0.00399947
0.00499988
0.00400162
0.00550318
0.00500512
0.00500417
0.00399923
0.00500035
0.00499988
0.00399876
0.00500154
0.00400257
0.00399923
0.00499368
0.00399184
0.00476289
0.00443077
0.00399947
0.00457811
0.00399041
0.00499153
0.00501013
0.00485516
0.00422382
0.00399899
0.00499153
0.00399923
0.00573564
0.00566483
0.00499940
0.00603938
0.00500202
0.00500989
0.00450087
0.00399899
0.00499296
0.00405216
0.00500035
0.00499916
0.00500727
0.00500154
0.00540018
0.00499940
0.00499964
0.00499964
0.00500298
0.00500393
0.00399947
0.00550485
0.00499940
0.00500894
0.00499463
0.00501871
0.00499535
0.00542951
0.00600076
0.00499916
0.00499201
0.00499892
0.00456858
0.00499535
0.00499225
0.00499845
0.00499249
0.00550413
0.00500011
0.00499153
0.00500107
0.00498772
0.00449467
0.00448966
0.00499177
0.00500059
0.00499940
0.00511765
0.00499010
0.00500035
0.00520754
0.00499964
0.00500011
0.00498915
0.00549269
0.00499249
0.00499272
0.00508952
0.00499439
0.00527525
0.00500035
0.00599504
0.00599432
0.00499725
0.00550270
0.00499988
0.00646615
0.00500011
0.00600672
0.00499964
0.00502539
0.00499392
0.00517893
0.00602341
0.00564599
0.00504470
0.00500107
0.00499916
0.00500822
0.00500059
0.00499129
0.00499988
0.00501108
0.00499964
0.00499940
0.00500011
0.00513887
0.00500059
0.00510025
0.00499201
0.00500154
0.00499845
0.00499487
0.00500727
0.00540376
0.00499988
0.00499964
0.00499988
0.00499964
0.00500035
0.00500417
0.00500035
0.00600076
0.00499964
0.00600052
0.00500131
0.00500035
0.00550318
0.00506783
0.00500607
0.00429869
0.00499344
0.00500059
0.00500226
0.00499868
0.00500393
0.00600100
0.00599551
0.00499940
0.00552154
0.00459290
0.00513530
0.00531244
0.00499249
0.00550652
0.00499988
0.00499964
0.00499201
0.00518680
0.00499916
0.00515175
0.00500011
0.00509620
0.00600982
0.00534439
0.00552607
0.00500083
0.00599647
0.00607848
0.00519228
0.00551605
0.00499892
0.00499892
0.00599217
0.00541449
0.00496197
0.00499964
0.00506401
0.00500035
0.00551486
0.00637984
0.00499940
0.00575995
0.00597000
0.00500298
0.00600004
0.00500035
0.00528026
0.00549531
0.00598955
0.00498772
0.00499177
0.00499940
0.00500154
0.00500059
0.00499964
0.00499916
