0.00200081
0.00500011
0.00500011
0.00399947
0.00498939
0.00501585
0.00399971
0.00402093
0.00499988
0.00500345
0.00500154
0.00499034
0.00450444
0.00440574
0.00500965
0.00500083
0.00420380
0.00501060
0.00441265
0.00498962
0.00400186
0.00499535
0.00500631
0.00413227
0.00500131
0.00499940
0.00399923
0.00500154
0.00500774
0.00400090
0.00547338
0.00500059
0.00444102
0.00399947
0.00499940
0.00520730
0.00499988
0.00501180
0.00499964
0.00499988
0.00533509
0.00500035
0.00398803
0.00499940
0.00497985
0.00500846
0.00400162
0.00450397
0.00400090
0.00500631
0.00399947
0.00500154
0.00500178
0.00400090
0.00500035
0.00500107
0.00411034
0.00500226
0.00501013
0.00399899
0.00399947
0.00499988
0.00501657
0.00500011
0.00451756
0.00418329
0.00400138
0.00399899
0.00518012
0.00423265
0.00499511
0.00500607
0.00399971
0.00400019
0.00500178
0.00499988
0.00500989
0.00521612
0.00501394
0.00500154
0.00399923
0.00500727
0.00410509
0.00500202
0.00400066
0.00528312
0.00501108
0.00399995
0.00500917
0.00499058
0.00399995
0.00500894
0.00499082
0.00500011
0.00400066
0.00500083
0.00500131
0.00399923
0.00400090
0.00499940
0.00451255
0.00399947
0.00500035
0.00399899
0.00500059
0.00399995
0.00499463
0.00399947
0.00500107
0.00399899
0.00500035
0.00400186
0.00499940
0.00500059
0.00500059
0.00399923
0.00500107
0.00399947
0.00521278
0.00501299
0.00399995
0.00465918
0.00399947
0.00500989
0.00514078
0.00501156
0.00399995
0.00500584
0.00399947
0.00500011
0.00399947
0.00498748
0.00500035
0.00399852
0.00400186
0.00500703
0.00500178
0.00551248
0.00436544
0.00436735
0.00399923
0.00459170
0.00399923
0.00500894
0.00505733
0.00499964
0.00399971
0.00400257
0.00501060
0.00413299
