0.00299978
0.00500083
0.00500011
0.00499940
0.00415254
0.00500107
0.00500011
0.00545526
0.00500154
0.00499964
0.00348616
0.00500655
0.00399876
0.00500703
0.00499296
0.00399995
0.00499272
0.00500131
0.00499868
0.00500059
0.00399208
0.00499964
0.00449896
0.00500607
0.00500131
0.00399971
0.00500226
0.00519967
0.00400090
0.00499916
0.00399923
0.00500679
0.00400090
0.00501418
0.00501847
0.00400090
0.00510836
0.00500393
0.00600505
0.00500536
0.00451136
0.00462461
0.00500679
0.00500178
0.00500107
0.00500226
0.00399947
0.00532699
0.00399923
0.00472665
0.00500107
0.00550175
0.00399947
0.00500584
0.00499415
0.00400019
0.00500083
0.00399232
0.00404716
0.00499487
0.00399995
0.00436783
0.00500035
0.00399971
0.00507402
0.00399947
0.00400138
0.00499988
0.00400090
0.00499892
0.00399947
0.00499511
0.00399947
0.00500631
0.00501466
0.00433350
0.00449562
0.00501418
0.00500655
0.00399995
0.00500059
0.00531220
0.00400066
0.00400114
0.00499916
0.00399971
0.00399995
0.00399899
0.00500250
0.00511861
0.00500154
0.00400090
0.00500250
0.00399923
0.00400996
0.00451636
0.00500083
0.00400090
0.00400066
0.00500751
0.00400066
0.00499964
0.00498676
0.00399947
0.00499988
0.00500011
0.00444460
0.00399947
0.00500059
0.00399971
0.00500107
0.00500035
0.00417352
0.00450420
0.00400019
0.00499511
0.00399947
0.00500083
0.00399923
0.00500107
0.00399852
0.00500035
0.00399971
0.00499892
0.00399971
0.00500107
0.00399971
0.00500560
0.00400233
0.00529695
0.00399947
0.00400352
0.00499988
0.00399971
0.00499988
0.00399995
0.00500011
0.00400114
0.00500369
0.00400090
0.00500011
0.00400066
0.00509071
0.00431299
0.00498748
0.00399995
0.00400186
0.00500131
0.00500631
0.00504971
0.00500178
0.00403976
0.00499392
0.00399947
0.00500035
0.00400233
0.00499511
0.00399995
0.00499868
0.00400019
0.00499988
0.00499988
0.00399947
0.00433135
0.00502515
0.00400090
0.00535560
0.00450611
0.00400209
0.00530958
0.00500154
0.00516367
0.00500154
0.00500178
0.00419331
0.00499964
0.00400019
0.00500131
0.00399947
0.00500011
0.00525618
0.00500178
0.00400281
0.00499940
0.00407124
0.00450420
0.00499940
0.00399971
0.00452971
0.00500059
0.00499892
0.00411296
0.00499463
0.00500011
0.00499916
0.00500107
0.00399160
0.00499964
0.00499964
0.00399971
0.00499535
0.00399995
0.00498605
0.00450420
0.00500679
0.00399470
0.00499940
0.00508356
0.00399375
0.00400281
0.00500131
0.00501108
0.00500178
0.00500107
0.00499964
0.00400782
0.00499940
0.00500059
0.00400066
0.00499225
0.00399971
0.00476885
0.00500202
0.00400066
0.00422168
