0.00209737
0.00500512
0.00400186
0.00500131
0.00400090
0.00500679
0.00496364
0.00438905
0.00500894
0.00499821
0.00500870
0.00400019
0.00400138
0.00502372
0.00500512
0.00499272
0.00500989
0.00400090
0.00483656
0.00400138
0.00499105
0.00462747
0.00500131
0.00399995
0.00521612
0.00500250
0.00400114
0.00499058
0.00400090
0.00500059
0.00416064
0.00500965
0.00500202
0.00381088
0.00399828
0.00499368
0.00499964
0.00500011
0.00500107
0.00500846
0.00445938
0.00413990
0.00501013
0.00437379
0.00500870
0.00399971
0.00500178
0.00500655
0.00399995
0.00500131
0.00400138
0.00500131
0.00399971
0.00450635
0.00499988
0.00500154
0.00499988
0.00500464
0.00499988
0.00424170
0.00500607
0.00399995
0.00500989
0.00399947
0.00400066
0.00500679
0.00500154
0.00500631
0.00399899
0.00448322
0.00500178
0.00450492
0.00500679
0.00399971
0.00500083
0.00500011
0.00499940
0.00500083
0.00400066
0.00499916
0.00500131
0.00399971
0.00499964
0.00399971
0.00500011
0.00399971
0.00500154
0.00500083
0.00399899
0.00510502
0.00500107
0.00400066
0.00500560
0.00399971
0.00500202
0.00402260
0.00500178
0.00400019
0.00500774
0.00399899
0.00499964
0.00417638
0.00399923
0.00500607
0.00400162
0.00499487
0.00400329
0.00539231
0.00399995
0.00500059
0.00409508
0.00500679
0.00399995
0.00500679
0.00399971
0.00501418
0.00399947
0.00399804
0.00499988
0.00399947
0.00500894
0.00413799
0.00400138
0.00400114
0.00499129
0.00450635
0.00400138
0.00449324
0.00499105
0.00398803
0.00500178
0.00399113
0.00400066
0.00499845
0.00400019
0.00434160
0.00399995
0.00400090
0.00475264
0.00399876
0.00500464
0.00400138
0.00451064
0.00350213
0.00449777
0.00499487
0.00399923
0.00498986
0.00500870
0.00399923
0.00400090
0.00499964
0.00399399
0.00412226
0.00399828
0.00499868
0.00499988
0.00400019
0.00496101
0.00400066
0.00399971
0.00450253
0.00399971
0.00399971
0.00513506
0.00399923
0.00500059
0.00399947
0.00399923
0.00500488
0.00399947
0.00500059
0.00400162
0.00498915
0.00400114
0.00499225
0.00400114
0.00499868
0.00400925
0.00399113
0.00551295
0.00407648
0.00400114
0.00400186
0.00399733
0.00499058
0.00399971
0.00399947
0.00499916
0.00499988
0.00399995
0.00400138
0.00400138
0.00400114
0.00400090
0.00400114
0.00402021
0.00400138
0.00505018
0.00501680
0.00400114
0.00400066
0.00436783
0.00500989
0.00400138
0.00530839
0.00501037
0.00399184
0.00400114
0.00400090
0.00400114
0.00400066
0.00500131
0.00501037
0.00421309
0.00500131
0.00468040
0.00350618
0.00400090
0.00443101
0.00395060
0.00400090
0.00505137
0.00500965
0.00399899
0.00499940
0.00399947
0.00500035
0.00399971
0.00499558
0.00399947
0.00500011
0.00400090
0.00500011
0.00399923
0.00450230
0.00501251
0.00399899
0.00399971
0.00500202
0.00398850
0.00500941
0.00400066
0.00499964
0.00421691
0.00500870
0.00400114
0.00499153
0.00399923
0.00499988
0.00504375
0.00399899
0.00501466
0.00450397
0.00500846
0.00419664
0.00498652
0.00500178
0.00421190
0.00400090
0.00500107
0.00501800
0.00478363
0.00399899
0.00500870
0.00506544
0.00500202
0.00399923
0.00501060
0.00500131
0.00399923
0.00449324
0.00500488
0.00399494
0.00399828
0.00509286
0.00400019
0.00500512
0.00519562
0.00500154
0.00400114
0.00510025
0.00400138
0.00500035
0.00399971
0.00400066
0.00400043
0.00500154
0.00400043
0.00411439
0.00404596
0.00400114
0.00500488
0.00399923
0.00400114
0.00400066
0.00519633
0.00444627
0.00500178
0.00500774
0.00400114
0.00400066
0.00500178
0.00413442
0.00499654
0.00542402
0.00399971
0.00400567
0.00514340
0.00519967
0.00500941
0.00500226
0.00499964
0.00418949
0.00399971
0.00399947
0.00499272
0.00400186
0.00501108
0.00400138
0.00399995
0.00467205
0.00399947
0.00500131
0.00400877
0.00500202
0.00434852
0.00553536
0.00400996
0.00500703
0.00463843
0.00409865
0.00499797
0.00500035
0.00399995
0.00399804
0.00400114
0.00400066
0.00500154
0.00464702
0.00401163
0.00400114
0.00400114
0.00499535
0.00399995
0.00515032
0.00507808
0.00399899
0.00500894
0.00500512
0.00499678
0.00399923
0.00403452
0.00399923
0.00508785
0.00399613
0.00399947
0.00500512
0.00400090
0.00500870
0.00399947
0.00500965
0.00300741
0.00501108
0.00409365
0.00425100
0.00500894
0.00499105
0.00399923
0.00498986
0.00399947
0.00399923
0.00400114
0.00400114
0.00500154
0.00400090
0.00526690
0.00500178
0.00399971
0.00400162
0.00499368
0.00399971
0.00500989
0.00513601
0.00399208
0.00450134
0.00451636
0.00423503
0.00468922
0.00406408
0.00500870
0.00423884
0.00399899
0.00400162
0.00400114
0.00400066
0.00500941
0.00438929
0.00501180
0.00434113
0.00400066
0.00500035
0.00501180
0.00433397
0.00399947
0.00500011
0.00399971
0.00499964
0.00500917
0.00400281
0.00400090
0.00400114
0.00400066
0.00400066
0.00501466
0.00400114
0.00400090
0.00400090
0.00499821
0.00399923
0.00350165
0.00500774
0.00512958
0.00500083
0.00399971
0.00411463
0.00500226
0.00400066
0.00500607
0.00399995
0.00500846
0.00400043
0.00408721
0.00400114
0.00401163
0.00400066
0.00500154
0.00430417
0.00416231
0.00450253
0.00441122
0.00500274
0.00400114
0.00500870
0.00400186
0.00499129
0.00399971
0.00418878
0.00400090
0.00499964
0.00459003
0.00399160
0.00399971
0.00406766
0.00400114
0.00500178
0.00453973
0.00527644
0.00450516
0.00500941
0.00499153
0.00399923
0.00400066
0.00450540
0.00399947
0.00400162
0.00499988
0.00429201
0.00399947
0.00499105
0.00399995
