0.00199962
0.00500083
0.00399995
0.00400114
0.00405717
0.00400090
0.00500154
0.00400209
0.00406528
0.00399327
0.00500178
0.00400019
0.00399995
0.00399995
0.00399995
0.00524473
0.00399995
0.00399995
0.00507331
0.00400138
0.00500512
0.00499892
0.00399947
0.00399971
0.00509667
0.00349951
0.00499892
0.00399899
0.00500059
0.00400376
0.00399923
0.00499964
0.00451517
0.00501251
0.00500178
0.00400114
0.00400066
0.00412774
0.00447392
0.00499964
0.00500035
0.00415492
0.00400090
0.00400066
0.00512719
0.00414824
0.00500154
0.00500965
0.00399947
0.00399947
0.00450039
0.00399947
0.00399971
0.00400114
0.00399971
0.00400639
0.00399208
0.00400114
0.00449324
0.00400114
0.00500035
0.00400257
0.00499797
0.00400114
0.00437784
0.00409889
0.00400281
0.00506330
0.00400114
0.00450397
0.00521421
0.00400090
0.00400138
0.00400066
0.00400114
0.00500631
0.00499344
0.00399947
0.00399995
0.00404048
0.00500512
0.00500393
0.00499988
0.00400305
0.00399947
0.00441718
0.00400114
0.00400090
0.00395155
0.00400114
0.00520658
0.00400090
0.00500035
0.00500488
0.00499988
0.00399995
0.00499821
0.00500035
0.00400019
0.00424147
0.00500107
0.00499511
0.00399327
0.00400066
0.00400400
0.00539279
0.00399947
0.00400162
0.00499964
0.00400019
0.00400019
0.00399971
0.00400090
0.00400066
0.00400233
0.00400090
0.00400090
0.00400090
0.00400114
0.00499368
0.00399995
0.00399971
0.00400090
0.00399184
0.00400138
0.00500441
0.00400138
0.00401068
0.00400114
0.00355601
0.00449872
0.00419831
0.00500679
0.00400186
0.00500202
0.00399947
0.00400090
0.00400066
0.00399947
0.00400329
0.00500536
0.00400114
0.00400066
0.00400114
0.00450253
0.00400138
0.00399494
0.00400066
0.00500202
0.00542998
0.00400114
0.00500059
0.00399971
0.00399923
0.00500011
0.00399947
0.00499511
0.00552797
0.00500488
0.00399971
0.00400853
0.00500655
0.00442100
0.00450540
0.00399947
0.00500512
0.00499535
0.00400138
0.00399971
0.00400138
0.00500727
0.00399971
0.00500059
0.00435114
0.00399995
0.00395298
0.00449562
0.00500011
0.00399947
0.00500965
0.00500011
0.00399947
0.00552773
0.00399971
0.00399899
0.00500917
0.00426412
0.00427175
0.00399947
0.00400496
0.00435090
0.00400090
0.00399923
0.00512719
0.00399876
0.00399971
0.00405431
0.00400257
0.00400043
0.00510526
0.00398874
0.00451493
0.00499153
0.00399923
0.00399971
0.00500464
0.00399947
0.00400090
0.00400162
0.00400090
0.00400090
0.00400090
0.00400162
0.00400114
0.00399995
0.00400090
0.00408483
0.00400257
0.00400233
0.00406885
0.00400090
0.00400138
0.00422430
0.00400066
0.00400114
0.00399947
0.00399995
0.00499988
0.00510859
0.00400114
0.00400114
0.00508142
0.00399947
0.00399971
0.00400090
0.00442028
0.00413013
0.00400066
0.00450253
0.00441718
0.00400066
0.00500298
0.00437999
0.00399971
0.00499988
0.00529766
0.00399947
0.00399947
0.00399446
0.00499511
0.00399947
0.00500536
0.00399971
0.00399899
0.00500679
0.00399995
0.00500202
0.00451446
0.00408626
0.00499797
0.00509667
0.00399971
0.00399995
0.00499964
0.00400090
0.00399947
0.00509787
0.00400066
0.00399995
0.00400090
0.00499964
0.00418019
0.00400996
0.00400305
0.00399923
0.00499964
0.00551796
0.00500011
0.00399995
0.00399971
0.00399947
0.00400090
0.00500059
0.00400090
0.00500417
0.00400066
0.00400019
0.00400090
0.00399971
0.00500584
0.00542378
0.00399947
0.00399637
0.00500035
0.00499940
0.00550437
0.00399923
0.00399995
0.00399733
0.00499916
0.00499964
0.00399947
0.00399971
0.00500727
0.00524831
0.00400209
0.00399995
0.00504494
0.00399899
0.00500536
0.00499487
0.00500917
0.00400043
0.00399899
0.00451589
0.00400162
0.00399947
0.00400138
0.00450349
0.00411510
0.00500035
0.00401211
0.00407696
0.00400114
0.00400162
0.00400138
0.00500035
0.00401616
0.00499964
0.00400972
0.00501490
0.00400019
0.00499225
0.00514007
0.00499964
0.00400877
0.00499988
0.00418997
0.00400090
0.00500035
0.00500011
0.00395989
0.00400114
0.00500059
0.00399947
0.00399971
0.00434422
0.00431681
0.00400043
0.00396752
0.00400090
0.00357461
0.00400496
0.00500059
0.00400162
0.00527263
0.00400090
0.00499892
0.00507379
0.00399971
0.00400186
0.00450420
0.00399995
0.00409126
0.00499940
0.00399852
0.00400352
0.00500154
0.00400066
0.00399947
0.00450420
0.00399995
0.00504827
0.00499988
0.00400066
0.00503540
0.00400090
0.00500536
0.00529170
0.00500059
0.00509620
0.00400162
0.00400066
0.00400066
0.00501657
0.00400090
0.00400162
0.00400138
0.00399923
0.00400281
0.00500464
0.00400114
0.00396752
0.00500059
0.00499964
0.00399995
0.00499701
0.00436068
0.00500417
0.00500011
0.00499940
0.00400043
0.00399995
0.00440979
0.00400186
0.00399780
0.00400114
0.00503922
0.00450277
0.00500464
0.00520730
0.00399995
0.00401115
0.00500035
0.00400090
0.00400090
0.00400090
0.00400066
0.00400090
0.00402832
0.00400090
0.00399590
0.00499439
0.00400519
0.00400066
0.00400138
0.00450897
0.00400114
0.00400090
0.00400186
0.00400424
0.00501204
0.00400162
0.00405335
0.00500941
0.00399899
0.00405979
0.00400329
0.00399899
0.00500035
0.00451255
0.00400090
0.00400305
0.00500941
0.00400090
0.00451374
0.00399947
0.00399947
0.00418901
0.00400162
0.00500250
0.00399947
0.00400114
0.00399995
0.00502014
0.00401115
0.00400066
0.00419545
0.00400114
0.00400066
0.00420213
0.00400567
0.00500059
0.00439620
0.00411153
0.00400043
0.00500226
0.00400066
0.00512648
0.00400066
0.00407887
0.00400162
0.00499511
0.00400043
0.00400043
0.00400090
0.00399446
0.00401378
0.00499201
0.00526547
0.00400138
0.00499868
0.00399971
0.00550389
0.00499940
0.00400019
0.00414586
0.00500607
0.00399971
0.00500107
0.00399971
0.00399947
0.00500512
0.00400186
0.00399518
0.00500154
0.00400019
0.00499749
0.00400019
0.00499749
0.00499988
0.00451636
0.00400281
0.00448608
0.00400090
0.00451207
0.00380921
0.00399947
0.00400186
0.00422359
0.00399971
0.00400090
0.00442791
0.00400090
0.00500941
0.00400138
0.00399947
0.00400448
0.00400090
0.00500488
0.00450039
0.00428224
0.00400043
0.00424910
0.00502491
0.00399971
0.00400043
0.00500059
0.00499868
0.00399947
0.00500751
0.00399971
0.00399947
0.00500607
0.00499415
0.00399971
0.00498676
