0.00499940
0.00600052
0.00610161
0.00550199
0.00499439
0.00600028
0.00550032
0.00499940
0.00552583
0.00499964
0.00599408
0.00508904
0.00550556
0.00499988
0.00500226
0.00521779
0.00530410
0.00500703
0.00499082
0.00513339
0.00399184
0.00405359
0.00499964
0.00450492
0.00501180
0.00500059
0.00500345
0.00399446
0.00399947
0.00499916
0.00500035
0.00500989
0.00499916
0.00499964
0.00499582
0.00400019
0.00499964
0.00399423
0.00450683
0.00399947
0.00542474
0.00500298
0.00499487
0.00399995
0.00399423
0.00425029
0.00499988
0.00398922
0.00499034
0.00399065
0.00499988
0.00399017
0.00399923
0.00399470
0.00399208
0.00500154
0.00420952
0.00546050
0.00399971
0.00507450
0.00499988
0.00399351
0.00500035
0.00399995
0.00399971
0.00399899
0.00400090
0.00399375
0.00499940
0.00444508
0.00399947
0.00444412
0.00399566
0.00499725
0.00450134
0.00399446
0.00399375
0.00399542
0.00499463
0.00418139
0.00399923
0.00499272
0.00500536
0.00399923
0.00499797
0.00499988
0.00400162
0.00499344
0.00500488
0.00399184
0.00400615
0.00500417
0.00500059
0.00400066
0.00500178
0.00400114
0.00399375
0.00399947
0.00499940
0.00399375
0.00499511
0.00399470
0.00399494
0.00500178
0.00499845
0.00462770
0.00499821
0.00500035
0.00399947
0.00399184
0.00399947
0.00399899
0.00597072
0.00399446
0.00399470
0.00399971
0.00399375
0.00499320
0.00499582
0.00410795
0.00499964
0.00400281
0.00500154
0.00399423
0.00456452
0.00399971
0.00499511
0.00399089
0.00399947
0.00499940
0.00499964
0.00399184
0.00499964
0.00499630
0.00499940
0.00499463
0.00601578
0.00499201
0.00599885
0.00498819
0.00599980
0.00548291
0.00600243
0.00498772
0.00619340
0.00600004
0.00553489
0.00600219
0.00600123
0.00543642
0.00585914
0.00600004
0.00599933
0.00599146
0.00593734
0.00544405
0.00600004
0.00499177
0.00599933
0.00499892
0.00544477
0.00600004
0.00550532
0.00498748
0.00499392
0.00524569
0.00499058
0.00599456
0.00501704
0.00499916
0.00530839
0.00499225
0.00541568
0.00400591
0.00499988
0.00549388
0.00499463
0.00500607
0.00399470
0.00399160
0.00600004
0.00399637
0.00499511
0.00400019
0.00499177
0.00399137
0.00437522
0.00500083
0.00548720
0.00398731
0.00499964
0.00550389
0.00399923
0.00399065
0.00499988
0.00399995
0.00398922
0.00499153
0.00399899
0.00500321
0.00399113
0.00500202
0.00399971
0.00503707
0.00500131
0.00500035
0.00451350
0.00399923
0.00399137
0.00499249
0.00399017
0.00500822
0.00499201
0.00400996
0.00399089
0.00400138
0.00531411
0.00412393
0.00500011
0.00399995
0.00499988
0.00399923
0.00451159
0.00400019
0.00499773
0.00399995
0.00499153
0.00399017
0.00499988
0.00399280
0.00499296
0.00417089
0.00429106
0.00401473
0.00499892
0.00399160
0.00500011
0.00450134
0.00500965
0.00399756
0.00499964
0.00400019
0.00410700
0.00399947
0.00399971
0.00400329
0.00399041
0.00499988
0.00399160
0.00500464
0.00399113
0.00399852
