0.00499940
0.00629616
0.00499082
0.00552201
0.00499988
0.00501442
0.00398993
0.00399923
0.00513792
0.00500011
0.00465727
0.00600982
0.00638175
0.00603032
0.00599957
0.00542498
0.00499868
0.00550318
0.00502563
0.00583243
0.00600028
0.00499344
0.00399971
0.00399971
0.00440550
0.00549388
0.00533080
0.00499940
0.00499678
0.00600100
0.00600171
0.00627613
0.00612974
0.00599551
0.00599980
0.00548053
0.00602579
0.00499940
0.00399256
0.00399995
0.00399947
0.00399137
0.00400138
0.00399804
0.00479627
0.00440693
0.00397778
0.00634098
0.00575995
0.00493765
0.00491619
0.00388360
0.00558591
0.00350952
0.00441313
0.00499082
0.00403643
0.00535607
0.00399208
0.00550628
0.00549388
0.00607872
0.00594926
0.00613546
0.00649595
0.00640583
0.00644445
0.00598979
0.00600052
0.00522780
0.00599766
