0.00238657
0.00501823
0.00399828
0.00500274
0.00500274
0.00427341
0.00449109
0.00400114
0.00407624
0.00500584
0.00500822
0.00459814
0.00400662
0.00500894
0.00407767
0.00500846
0.00500178
0.00399160
0.00499201
0.00408959
0.00500107
0.00501108
0.00438619
0.00399375
0.00451756
0.00536823
0.00500798
0.00399208
0.00467992
0.00399113
0.00400090
0.00495934
0.00499725
0.00413656
0.00400019
0.00441194
0.00500011
0.00501466
0.00547457
0.00500917
0.00500202
0.00450349
0.00500989
0.00399756
0.00499082
0.00500870
0.00399971
0.00500989
0.00399113
0.00499964
0.00399995
0.00517893
0.00399089
0.00499988
0.00519252
0.00496531
0.00400138
0.00399995
0.00450277
0.00400066
0.00500679
0.00500035
0.00500965
0.00399947
0.00499105
0.00500035
0.00500178
0.00501037
0.00500536
0.00501037
0.00500274
0.00501013
0.00500154
0.00500703
0.00500035
0.00500107
0.00451827
0.00500989
0.00400186
0.00499988
0.00500107
0.00500345
0.00500178
0.00500607
0.00399971
0.00500011
0.00500011
0.00399995
0.00499964
0.00500011
0.00399947
0.00500178
0.00500131
0.00452495
0.00428009
0.00399947
0.00499868
0.00500917
0.00501037
0.00500083
0.00400162
0.00500083
0.00445366
0.00500154
0.00399923
0.00500011
0.00499988
0.00399947
0.00400090
0.00399303
0.00481868
0.00501132
0.00407815
0.00528884
0.00399113
0.00399995
0.00501060
0.00500011
0.00500011
0.00471330
0.00500059
0.00442624
0.00510311
0.00461197
0.00399947
0.00400281
0.00517726
0.00399947
0.00501084
0.00500178
0.00399947
0.00500679
0.00500035
0.00399280
0.00400066
0.00500226
0.00500607
0.00500131
0.00501347
0.00500154
0.00415182
0.00399423
0.00400043
0.00399923
0.00500679
0.00510478
0.00500202
0.00500536
0.00447917
0.00500536
0.00500011
0.00499964
0.00500059
0.00501108
0.00500154
0.00500607
0.00399899
0.00422072
0.00500679
0.00399923
0.00399971
0.00500703
0.00451708
0.00499916
0.00499964
0.00399923
0.00499940
0.00500035
0.00500679
0.00492644
0.00497007
0.00476241
0.00541139
0.00499964
0.00500655
0.00442886
0.00499463
0.00500965
0.00399947
0.00399852
0.00500703
0.00399923
0.00450706
0.00515056
0.00501513
0.00399995
0.00399971
0.00500798
0.00445604
0.00500298
0.00500655
0.00500250
0.00500011
0.00500202
0.00399113
0.00499153
0.00501013
0.00453377
0.00399351
0.00499964
0.00499964
0.00540352
0.00471878
0.00500107
0.00399923
0.00501323
0.00399995
0.00500011
0.00446129
0.00400114
0.00500107
0.00400019
0.00400257
0.00499964
0.00500965
