0.00199223
0.00500011
0.00443769
0.00400090
0.00399876
0.00500488
0.00399971
0.00399971
0.00400090
0.00500488
0.00400090
0.00500107
0.00399971
0.00419450
0.00400090
0.00400209
0.00511312
0.00400090
0.00400138
0.00500607
0.00400019
0.00400972
0.00501180
0.00400114
0.00400090
0.00400090
0.00400066
0.00400209
0.00400090
0.00400043
0.00400233
0.00400138
0.00500369
0.00412750
0.00400090
0.00511456
0.00500131
0.00507522
0.00500822
0.00499415
0.00550246
0.00500035
0.00499892
0.00399923
0.00505471
0.00399947
0.00402117
0.00513697
0.00499988
0.00500011
0.00500011
0.00400305
0.00408936
0.00450325
0.00399995
0.00400043
0.00400138
0.00399899
0.00500059
0.00399995
0.00399971
0.00505662
0.00500464
0.00399947
0.00399756
0.00500035
0.00499988
0.00400114
0.00500131
0.00399947
0.00400114
0.00400066
0.00401092
0.00400090
0.00400114
0.00400066
0.00399947
0.00500011
0.00400090
0.00400090
0.00400209
0.00400066
0.00499988
0.00500154
0.00500154
0.00399995
0.00399995
0.00450754
0.00399899
0.00465369
0.00400090
0.00452018
0.00447392
0.00400066
0.00400162
0.00500011
0.00399995
0.00400019
0.00500536
0.00399923
0.00400066
0.00400043
0.00400090
0.00499630
0.00399995
0.00399590
0.00503278
0.00400090
0.00399947
0.00399494
0.00446963
0.00500107
0.00411129
0.00399995
0.00399899
0.00559258
0.00400066
0.00400114
0.00424933
0.00499082
0.00399971
0.00501823
0.00499105
0.00399947
0.00500298
0.00499535
0.00400066
0.00500679
0.00499439
0.00567150
0.00400066
0.00400090
0.00400090
0.00499940
0.00400114
0.00508690
0.00428271
0.00400090
0.00436831
0.00408053
0.00399852
0.00500488
0.00399947
0.00496101
0.00500107
0.00400186
0.00499535
0.00450158
0.00500154
0.00400066
0.00457263
0.00400114
0.00450182
0.00435686
0.00400114
0.00499177
0.00436926
0.00399947
0.00500131
0.00499988
0.00400066
0.00400066
0.00533772
0.00400209
0.00515461
0.00500154
0.00450373
0.00456595
0.00499463
0.00500464
0.00320697
0.00500178
0.00400949
0.00454950
0.00400138
0.00400233
0.00441241
0.00499845
0.00400066
0.00388527
0.00399876
0.00503373
0.00433373
0.00400114
0.00450635
0.00400090
0.00402927
0.00400138
0.00499439
0.00399923
0.00399971
0.00398612
0.00399995
0.00400090
0.00399828
0.00400066
0.00398779
0.00500059
0.00399971
0.00399971
0.00499988
0.00399971
0.00499916
0.00451708
0.00399923
0.00500011
0.00499964
0.00500226
0.00399995
0.00400066
0.00400329
0.00499129
0.00400019
0.00399947
0.00500894
0.00399995
0.00399923
0.00519300
0.00400019
0.00401521
0.00500274
0.00449109
0.00401306
0.00498819
0.00499988
0.00399995
0.00506902
0.00399971
0.00403547
0.00500011
0.00400424
0.00500059
0.00399947
0.00536966
0.00513268
0.00400209
0.00506544
0.00400114
0.00399947
0.00420880
0.00451684
0.00399947
0.00500035
0.00400090
0.00400400
0.00523305
0.00499463
0.00400066
0.00482678
0.00400090
0.00500059
0.00411797
0.00399971
0.00500512
0.00499392
0.00399995
0.00400209
0.00400162
0.00400090
0.00471759
0.00400114
0.00500917
0.00411916
0.00400519
0.00448966
0.00399995
0.00400019
0.00416756
0.00514007
0.00399971
0.00400019
0.00483727
0.00399947
0.00500631
0.00434971
0.00400066
0.00400090
0.00428414
0.00500655
0.00400066
0.00400066
0.00499439
0.00400114
0.00515938
0.00400281
0.00500655
0.00400043
0.00400066
0.00400090
0.00400162
0.00400066
0.00400090
0.00400090
0.00400114
0.00499749
0.00400090
0.00415874
0.00520515
0.00400090
0.00500488
0.00446105
0.00433278
0.00500631
0.00399923
0.00400138
0.00401759
0.00426793
0.00399899
0.00509977
0.00500131
0.00400090
0.00400090
0.00501013
0.00400043
0.00427961
0.00500703
0.00400209
0.00438595
0.00394630
0.00400066
0.00519609
0.00400949
0.00499964
0.00514817
0.00499892
0.00399995
0.00412917
0.00400090
0.00400066
0.00499964
0.00400090
0.00506425
0.00500178
0.00450420
0.00419760
0.00399971
0.00500274
0.00400066
0.00500154
0.00399947
0.00400901
0.00499058
0.00399971
0.00427389
0.00499463
0.00400043
0.00500560
0.00399923
0.00400257
0.00500154
0.00400114
0.00450301
0.00400090
0.00400090
0.00400114
0.00403070
0.00400090
0.00420666
0.00500703
0.00400043
0.00404549
0.00400090
0.00402594
0.00500798
0.00499487
0.00500154
0.00447845
0.00400209
0.00399947
0.00408578
0.00450397
0.00400090
0.00400019
0.00499940
0.00399971
0.00503206
0.00499415
0.00400019
0.00500035
0.00400019
0.00399995
0.00499439
0.00399995
0.00500035
0.00399995
0.00399399
0.00500250
0.00399947
0.00401235
0.00400114
0.00400043
0.00400090
0.00400114
0.00400066
0.00500107
0.00400066
0.00499535
0.00499964
0.00399947
0.00500154
0.00402284
0.00503182
0.00500441
0.00400019
0.00410652
0.00499034
0.00499964
0.00450230
0.00499463
0.00499940
0.00399971
0.00499940
0.00500202
0.00499916
0.00399899
0.00398326
0.00499535
0.00499940
0.00437403
0.00399995
0.00499892
0.00499964
0.00500655
0.00500107
0.00510263
0.00400090
0.00450253
0.00400114
0.00400162
0.00400114
0.00400138
0.00400114
0.00500011
0.00399995
0.00400662
0.00400090
0.00400090
0.00400090
0.00400066
0.00506639
0.00500154
0.00500154
0.00501728
0.00399947
0.00399947
0.00450349
0.00400138
0.00500083
0.00400114
0.00400114
0.00499344
0.00553465
0.00500035
0.00399947
0.00414991
0.00400138
0.00400114
0.00472689
0.00400400
0.00500154
0.00500011
0.00403881
0.00500607
0.00400066
0.00451493
0.00400090
0.00400114
0.00400090
0.00399470
0.00400567
0.00499129
0.00400090
0.00399613
0.00400114
0.00400162
0.00400090
0.00400090
0.00400114
0.00436258
0.00400066
0.00401044
0.00427032
0.00500250
0.00451350
0.00400043
0.00499535
0.00499916
0.00442815
0.00399947
0.00430250
0.00420952
0.00499916
0.00399899
0.00399995
0.00500059
0.00499463
0.00500512
0.00500011
0.00399971
0.00502443
0.00499058
0.00400019
0.00454211
0.00400114
0.00400066
0.00500011
0.00400043
0.00400090
0.00501013
0.00399232
0.00499797
0.00399947
0.00399995
0.00399971
0.00399995
0.00399995
0.00399995
0.00399470
0.00400209
0.00399876
0.00399947
0.00450230
0.00299931
0.00500607
0.00350332
0.00474620
0.00400066
0.00399995
0.00506473
0.00498867
0.00399995
0.00399995
0.00500035
0.00400090
0.00404501
0.00500154
0.00400090
0.00400305
0.00399923
0.00499368
0.00450325
0.00500202
0.00399947
0.00449204
0.00512958
0.00399995
0.00439382
0.00530028
0.00399971
0.00400114
0.00400114
0.00400043
0.00410438
0.00400090
0.00400043
0.00511861
0.00499964
0.00399971
0.00399423
0.00400090
0.00400090
0.00408101
0.00400090
0.00498915
0.00500441
0.00500083
0.00500035
0.00440860
0.00400114
0.00499558
0.00499892
0.00400019
0.00399995
0.00399995
0.00400114
0.00499487
0.00434756
0.00399971
0.00450230
0.00400066
0.00500059
0.00400567
0.00400114
0.00500202
0.00500154
0.00504398
0.00399947
0.00500298
0.00400090
0.00500607
0.00500011
0.00400114
0.00420690
0.00400138
0.00399995
0.00480723
0.00399995
0.00450778
0.00399971
0.00518227
0.00399876
0.00400114
0.00500560
0.00499940
0.00451207
0.00499988
0.00400019
0.00499988
0.00499988
0.00399995
0.00399995
0.00500560
0.00399971
0.00444269
0.00534081
0.00446796
0.00450420
0.00500655
0.00399995
0.00400019
0.00499487
0.00500536
0.00400090
0.00499916
0.00503778
0.00400043
0.00416398
0.00400114
0.00400138
0.00456262
0.00400043
0.00400186
0.00589132
0.00410175
0.00390673
0.00400090
0.00400114
0.00400138
0.00551677
0.00551391
0.00450349
0.00399899
0.00399947
0.00500083
0.00499940
0.00500131
0.00399995
0.00450659
0.00400138
0.00402880
0.00399041
0.00500226
0.00506568
0.00400043
0.00450850
0.00399947
0.00400519
0.00400114
0.00499105
0.00551152
0.00531387
0.00538945
0.00500107
0.00399804
0.00399971
0.00399947
0.00400090
0.00500059
0.00499964
0.00399971
0.00499749
0.00399995
0.00399995
0.00427961
0.00500011
0.00400114
0.00507522
0.00399947
0.00399923
0.00499964
0.00400019
0.00399971
0.00500178
0.00399971
0.00499988
0.00499964
0.00399947
0.00421691
0.00500059
0.00500154
0.00450110
0.00450850
0.00400066
0.00401258
0.00500154
0.00400162
0.00500345
0.00399971
0.00401473
0.00515842
0.00511742
0.00399947
0.00446010
0.00500202
0.00499964
0.00399971
0.00399947
0.00500035
0.00500345
0.00400114
0.00399089
0.00410175
0.00399947
0.00452089
0.00481987
0.00399971
0.00500584
0.00399923
0.00500035
0.00499964
0.00399947
0.00399947
0.00399971
0.00501943
0.00499082
0.00418305
0.00399828
0.00500512
0.00399947
0.00399947
0.00452614
0.00500607
0.00500154
0.00499940
0.00400114
0.00399947
0.00499678
0.00399852
0.00499344
0.00500011
0.00399971
0.00399995
0.00500727
0.00500250
0.00527382
0.00400090
0.00415134
0.00513959
0.00451136
0.00400090
0.00400066
0.00400090
0.00400090
0.00391150
0.00400114
0.00400066
0.00520229
0.00499988
0.00400066
0.00499988
0.00399923
0.00399971
0.00400114
0.00512147
0.00500917
0.00499558
0.00400114
0.00482178
0.00400090
0.00499368
0.00426888
0.00500560
0.00450897
0.00500035
0.00400090
0.00500011
0.00399947
0.00399947
0.00399995
0.00499845
0.00400019
0.00422025
0.00500178
0.00400043
0.00400090
0.00500464
0.00517559
0.00400066
0.00500679
0.00500226
0.00520873
0.00500154
0.00500131
0.00522327
0.00499868
0.00500107
0.00400138
0.00401020
0.00499344
0.00400114
0.00499845
0.00499558
0.00405574
0.00400114
0.00400066
0.00400090
0.00443482
0.00400066
0.00424337
0.00500679
0.00499511
0.00550556
0.00547266
0.00399971
0.00499582
0.00499964
0.00399971
0.00399971
0.00500083
0.00399995
0.00399971
0.00400114
0.00402069
0.00450277
0.00399256
0.00500703
0.00530863
0.00399017
0.00399923
0.00502491
0.00499964
0.00400114
0.00522804
0.00500393
0.00399947
0.00399995
0.00400114
0.00400066
0.00500059
0.00500059
0.00400114
0.00399899
0.00451183
0.00499988
0.00531816
0.00400019
0.00399971
0.00499511
0.00406432
0.00399733
0.00499511
0.00500083
0.00400877
0.00500536
0.00400066
0.00400090
0.00499201
0.00499582
0.00399423
0.00500059
0.00499988
0.00451946
0.00500154
0.00500035
0.00519466
0.00500226
0.00399899
0.00507402
0.00499463
0.00399995
0.00499606
0.00501204
0.00399828
0.00399756
0.00499988
0.00400114
0.00400043
0.00400209
0.00400090
0.00424051
0.00451064
0.00400543
0.00500226
0.00400186
0.00400090
0.00412536
0.00400114
0.00500226
0.00405860
0.00399971
0.00500584
0.00399971
0.00500774
0.00499225
0.00399971
0.00400090
0.00400567
0.00506067
0.00400162
0.00400066
0.00417137
0.00467539
0.00400114
0.00400066
0.00500917
0.00478125
0.00499988
0.00400043
0.00399971
0.00504088
0.00447726
0.00399947
0.00491500
0.00400090
0.00399923
0.00504422
0.00399947
0.00503635
0.00500321
0.00500011
0.00400090
0.00498819
0.00500154
0.00417447
0.00500727
0.00400090
0.00508833
0.00500226
0.00400138
0.00501204
0.00498939
0.00400066
0.00420237
0.00400233
0.00400043
0.00547409
0.00450683
0.00500107
0.00400019
0.00500655
0.00499511
0.00399923
0.00399947
0.00500369
0.00399852
0.00445771
0.00499535
0.00399947
0.00500083
0.00499892
0.00500011
0.00500822
0.00499487
0.00500035
0.00550461
0.00499940
0.00500441
0.00500798
0.00400996
0.00500202
0.00400066
0.00450540
0.00400066
0.00528550
0.00500131
0.00399971
0.00400949
0.00500011
0.00439453
0.00399971
0.00500154
0.00501466
0.00454879
0.00500751
0.00499344
0.00500059
0.00450420
0.00399923
0.00500131
0.00601387
0.00547385
0.00600505
0.00499964
0.00499916
0.00546527
0.00400114
0.00501037
0.00400305
0.00533056
0.00499988
0.00410843
0.00500083
0.00399923
0.00509763
0.00500107
0.00600195
0.00626540
0.00499988
0.00512815
0.00599384
0.00549340
0.00557208
0.00500250
0.00500059
0.00600696
0.00599480
0.00614262
0.00499916
0.00509071
0.00499940
0.00648379
0.00591779
0.00602269
0.00549436
0.00648117
0.00500035
0.00606751
0.00550365
0.00512695
0.00600719
0.00499916
0.00499916
0.00550508
0.00504041
0.00500059
0.00500011
0.00519061
0.00600100
0.00486779
0.00619483
0.00621772
0.00500035
0.00450373
0.00550842
0.00599980
0.00501227
0.00595260
0.00500059
0.00500154
0.00548577
0.00600290
0.00548339
0.00499892
0.00600624
0.00514913
0.00631690
0.00499940
0.00505257
0.00599384
0.00500154
0.00500011
0.00598836
0.00606513
0.00550485
0.00600028
0.00500011
0.00548768
0.00600123
0.00499916
0.00599885
0.00500083
0.00600743
0.00551701
0.00547814
0.00529623
0.00500059
0.00540853
0.00621033
0.00510859
0.00519156
0.00599504
0.00594735
0.00627732
0.00599957
0.00549769
0.00599813
0.00600100
0.00499415
0.00500011
0.00518203
0.00500703
0.00499415
0.00443912
0.00500846
0.00400019
0.00500751
0.00549865
0.00500154
0.00550604
0.00499344
0.00499535
0.00500321
0.00499535
0.00533223
0.00500131
0.00399947
0.00399947
0.00500035
0.00500083
0.00399971
0.00500035
0.00500178
0.00417662
0.00500035
0.00450373
0.00508046
0.00399947
0.00499964
0.00400043
0.00500107
0.00499892
0.00508189
0.00399494
0.00500083
0.00499940
0.00500464
0.00499535
0.00500059
0.00499892
0.00500035
0.00500107
0.00500512
0.00499535
0.00500154
0.00400043
0.00499940
0.00420737
0.00501513
0.00402641
0.00500488
0.00499487
0.00451374
0.00500059
0.00500512
0.00400019
0.00500059
0.00400090
0.00499964
0.00401545
0.00400114
0.00437737
0.00509167
0.00463462
0.00500774
0.00400138
0.00508499
0.00500154
0.00399971
0.00500250
0.00399923
0.00399971
0.00500226
0.00506830
0.00399947
0.00399971
0.00500512
0.00500035
0.00400162
0.00500798
0.00400114
0.00500202
0.00499940
0.00500011
0.00399971
0.00400090
0.00399923
0.00500107
0.00399995
0.00399804
0.00400090
0.00400186
0.00499558
0.00399947
0.00499463
0.00500011
0.00543785
0.00432801
0.00396848
0.00399947
0.00471735
0.00500226
0.00399971
0.00399685
0.00400066
0.00400043
0.00399899
0.00400066
0.00500011
0.00500607
0.00400114
0.00515127
0.00500226
0.00399494
0.00500035
0.00500083
0.00400019
0.00500154
0.00508070
0.00445962
0.00399280
0.00400090
0.00500035
0.00499964
0.00497437
0.00400090
0.00500393
0.00400043
0.00400090
0.00535464
0.00500727
0.00499463
0.00400090
0.00500536
0.00500345
0.00500488
0.00400066
0.00450373
0.00400066
0.00399971
0.00500464
0.00499558
0.00500464
0.00499463
0.00411153
0.00404143
0.00401378
0.00500059
0.00399947
0.00399995
0.00499487
0.00500464
0.00444531
0.00399876
0.00399995
0.00487638
0.00450039
0.00399971
0.00399947
0.00500035
0.00400090
0.00409555
0.00500751
0.00499845
0.00521493
0.00400162
0.00400090
0.00459862
0.00399995
0.00399852
0.00411463
0.00407720
0.00490284
0.00418091
0.00429249
0.00299931
0.00500178
0.00499964
0.00450563
0.00400162
0.00400901
0.00499964
0.00399971
0.00399971
0.00499868
0.00500488
0.00442052
0.00500035
0.00399947
0.00399971
0.00399256
0.00400186
0.00400090
0.00400066
0.00399923
0.00551152
0.00399995
0.00448251
0.00400043
0.00399995
0.00399971
0.00400066
0.00399661
0.00400186
0.00400090
0.00488353
0.00400138
0.00400186
0.00498843
0.00399971
0.00461650
0.00500822
0.00400090
0.00498843
0.00480366
0.00500655
0.00500250
0.00399160
0.00400043
0.00399923
0.00500584
0.00499916
0.00499606
0.00499964
0.00425410
0.00400114
0.00399971
0.00399971
0.00499797
0.00400090
0.00400114
0.00400114
0.00500774
0.00449729
0.00399899
0.00399995
0.00500464
0.00436330
0.00399971
0.00399923
0.00400138
0.00400114
0.00500059
0.00400066
0.00410700
0.00399971
0.00399399
0.00400114
0.00517273
0.00400114
0.00400400
0.00499535
0.00450230
0.00400233
0.00399971
0.00399947
0.00400090
0.00400090
0.00399947
0.00399971
0.00500035
0.00499916
0.00500011
0.00423646
0.00399971
0.00399971
0.00500464
0.00415778
0.00422764
0.00500417
0.00399995
