0.00199938
0.00399947
0.00540185
0.00399423
0.00500035
0.00413060
0.00499988
0.00399971
0.00499105
0.00400019
0.00515079
0.00401807
0.00500655
0.00399947
0.00499725
0.00399971
0.00499964
0.00519872
0.00399923
0.00500631
0.00399899
0.00409007
0.00399947
0.00500154
0.00506735
0.00500154
0.00400090
0.00509381
0.00500655
0.00549889
0.00500250
0.00399947
0.00527096
0.00399923
0.00500178
0.00452113
0.00399971
0.00399303
0.00499964
0.00500607
0.00399923
0.00399971
0.00500035
0.00513816
0.00500751
0.00500107
0.00400972
0.00499940
0.00500989
0.00399899
0.00501800
0.00399995
0.00399923
0.00400090
0.00500178
0.00412893
0.00499463
0.00400019
0.00399899
0.00500512
0.00399995
0.00399947
0.00399828
0.00496674
0.00399876
0.00499511
0.00399137
0.00499964
0.00401068
0.00399232
0.00399995
0.00500727
0.00399923
0.00499821
0.00399923
0.00500298
0.00399947
0.00517130
0.00500202
0.00399780
0.00400090
0.00400138
0.00399470
0.00441861
0.00434017
0.00400090
0.00460029
0.00455379
0.00399971
0.00350404
0.00450301
0.00510693
0.00399995
0.00400114
0.00501680
0.00400043
0.00499988
0.00413084
0.00500154
0.00399137
0.00500154
0.00399184
0.00500107
0.00499916
0.00401902
0.00400114
0.00399971
0.00450420
0.00500298
0.00373149
0.00400043
0.00500894
0.00500131
0.00399184
0.00414014
0.00499535
0.00400114
0.00499582
0.00500607
0.00399923
0.00439596
0.00399995
0.00500917
0.00400019
0.00410295
0.00503755
0.00399971
