0.00300002
0.00515699
0.00412893
0.00499892
0.00407982
0.00399947
0.00395536
0.00500059
0.00400090
0.00399971
0.00399232
0.00450206
0.00399971
0.00500107
0.00500560
0.00500131
0.00450158
0.00500178
0.00400066
0.00527930
0.00500798
0.00399947
0.00500202
0.00451183
0.00423336
0.00500154
0.00436044
0.00436282
0.00448465
0.00500202
0.00399947
0.00499892
0.00400329
0.00399971
0.00500178
0.00448966
0.00509119
0.00399947
0.00500846
0.00500154
0.00399160
0.00518155
0.00463676
0.00400066
0.00500631
0.00399995
0.00411415
0.00400114
0.00499487
0.00411630
0.00500178
0.00398993
0.00500011
0.00400043
0.00500154
0.00500226
0.00400066
0.00501299
0.00399971
0.00499701
0.00399971
0.00398898
0.00400090
0.00504208
0.00450253
0.00400114
0.00400162
0.00499845
0.00523329
0.00399947
0.00501299
0.00424743
0.00400090
0.00400090
0.00514221
0.00399113
0.00501108
0.00399160
0.00500226
0.00400066
0.00499940
0.00500011
0.00478411
0.00399899
0.00399971
0.00500154
0.00400114
0.00500154
0.00403953
0.00500202
0.00495744
0.00399923
0.00443244
0.00500178
0.00412631
0.00499129
0.00399995
0.00400233
0.00400066
0.00500584
0.00408316
0.00400090
0.00399995
0.00400257
0.00449157
0.00499678
0.00399947
0.00499988
0.00399899
0.00399947
0.00400138
0.00514269
0.00400114
0.00399995
0.00501180
0.00411129
0.00400209
0.00399947
0.00450420
0.00518060
0.00399971
0.00400090
0.00499129
0.00500679
0.00501823
0.00400090
0.00499916
0.00399971
0.00500178
0.00399971
0.00408816
0.00500584
0.00399947
0.00507021
0.00400138
0.00499129
0.00428271
0.00456572
0.00400114
0.00460553
0.00500989
0.00399971
0.00429320
0.00400066
0.00517464
0.00399923
0.00400114
0.00499392
0.00400138
0.00399089
0.00506926
0.00400209
0.00400138
0.00443983
0.00452971
0.00399947
0.00435328
0.00500178
0.00500798
0.00501037
0.00442219
0.00500178
0.00444841
0.00500059
0.00399590
0.00501275
0.00500321
0.00399923
0.00499606
0.00501108
0.00399113
0.00399327
0.00521088
0.00399995
0.00500965
0.00399947
0.00500846
0.00411868
0.00350571
0.00500679
0.00500369
0.00400114
0.00499940
0.00428414
0.00499964
0.00399947
0.00400281
0.00500417
0.00400066
0.00500226
0.00400090
0.00400114
0.00400066
0.00500250
0.00400043
0.00500512
0.00399947
0.00500751
0.00500631
0.00399923
0.00500131
0.00500202
0.00400090
0.00500679
0.00399947
0.00400066
0.00501013
0.00450206
0.00405478
0.00501013
0.00399971
0.00432205
0.00500607
0.00500178
0.00398636
0.00500107
0.00400209
0.00399947
0.00501204
0.00499916
0.00500607
0.00399923
0.00399971
0.00500202
0.00499964
0.00399971
0.00416589
0.00499988
0.00400114
0.00500989
0.00400114
0.00402570
0.00400090
0.00400114
0.00500035
0.00399947
0.00399995
0.00500512
0.00399899
0.00500178
0.00459599
0.00400281
0.00513148
0.00400090
0.00531292
0.00399709
0.00500178
0.00500441
0.00502324
0.00399137
0.00499964
0.00500345
0.00399947
0.00501156
0.00499964
0.00399971
0.00400186
0.00500560
0.00526190
0.00500059
0.00500202
0.00500250
0.00438309
0.00399232
0.00500345
0.00500178
0.00500607
0.00499535
0.00400019
0.00499463
0.00415564
0.00499415
0.00400019
0.00500083
0.00500202
0.00400043
0.00513840
0.00500965
0.00400114
0.00400972
0.00450897
0.00500154
0.00499964
0.00399971
0.00500917
0.00499105
0.00399923
0.00514531
0.00399947
0.00399947
0.00499487
0.00399947
0.00500512
0.00399995
0.00500131
0.00400186
0.00500655
0.00500655
0.00399947
0.00576878
0.00399899
0.00399160
0.00399971
0.00500226
0.00399947
0.00500083
0.00500107
0.00399971
0.00500226
0.00499916
0.00399995
0.00499463
0.00399947
0.00499439
0.00400281
0.00523305
0.00499940
0.00508499
0.00527143
0.00518107
0.00500011
0.00400114
0.00451398
0.00400114
0.00500178
0.00500727
0.00399899
0.00500178
0.00500703
0.00399995
0.00500250
0.00499892
0.00500202
0.00399947
0.00500441
0.00450397
0.00500512
0.00432611
0.00499964
0.00366259
0.00499964
0.00399971
0.00508237
0.00399971
0.00400114
0.00500846
0.00500226
0.00400138
0.00400090
0.00500607
0.00499964
0.00500703
0.00500679
0.00451326
0.00500536
0.00400066
0.00546074
0.00399995
0.00500607
0.00457644
0.00400162
0.00481701
0.00500226
0.00400090
0.00500154
0.00400305
0.00415897
0.00399446
0.00500751
0.00500751
0.00443459
0.00399995
0.00450301
0.00500226
0.00400114
0.00500393
0.00407386
0.00500369
0.00399923
0.00500321
0.00400782
0.00400066
0.00500011
0.00399971
0.00499606
0.00400114
0.00500464
0.00528193
0.00500607
0.00500321
0.00449634
0.00399947
0.00500584
0.00435495
0.00500560
0.00500679
0.00500607
0.00400114
0.00400066
0.00500274
0.00400138
0.00400090
0.00519991
0.00425696
0.00500011
0.00400019
0.00500751
0.00399995
0.00500512
0.00400162
0.00400090
0.00532675
0.00399923
0.00499344
0.00400114
0.00400114
0.00500178
0.00500655
0.00408888
0.00499821
0.00399995
0.00500560
0.00442839
0.00400591
0.00500059
0.00432062
0.00540161
0.00452280
0.00485373
0.00400066
0.00500131
0.00399947
0.00500774
0.00500727
0.00534630
0.00500607
0.00399995
0.00443912
0.00500488
0.00499511
0.00399971
0.00500417
0.00433636
0.00399995
0.00399995
0.00452590
0.00499177
0.00399947
0.00500011
0.00399995
0.00400257
0.00499892
0.00400114
0.00400162
0.00499272
0.00501013
0.00500107
0.00400138
0.00400114
0.00500703
0.00400162
0.00526619
0.00499201
0.00399685
0.00401759
0.00405693
0.00400090
0.00400114
0.00399065
0.00499749
0.00400162
0.00403666
0.00499988
0.00500154
0.00499964
0.00399995
0.00400066
0.00512099
0.00399160
0.00400019
0.00501132
0.00400019
0.00400090
0.00451541
0.00398850
0.00400066
0.00400114
0.00500202
0.00500202
0.00399923
0.00400114
0.00499988
0.00398993
0.00399971
0.00438309
0.00400066
0.00400066
0.00400066
0.00516820
0.00400114
0.00434875
0.00451446
0.00399995
0.00402188
0.00500011
0.00399947
0.00463748
0.00399995
0.00400162
0.00499845
0.00399971
0.00500011
0.00398827
0.00399995
0.00500011
0.00399971
0.00499964
0.00400019
0.00500059
0.00400019
0.00509071
0.00499940
0.00399995
0.00413537
0.00400162
0.00499988
0.00400114
0.00400186
0.00400090
0.00501013
0.00499916
0.00400114
0.00500059
0.00400090
0.00499153
0.00408649
0.00400138
0.00499845
0.00398827
0.00400257
0.00399375
0.00501204
0.00399923
0.00500536
0.00399923
0.00400066
0.00500131
0.00450110
0.00502062
0.00400066
0.00549340
0.00400162
0.00400114
0.00392079
0.00505590
0.00399971
0.00499272
0.00451040
0.00400114
0.00500226
0.00400162
0.00500202
0.00500989
0.00500131
0.00500154
0.00399971
0.00418544
0.00550485
0.00436020
0.00500822
0.00494814
0.00499916
0.00400138
0.00441599
0.00501013
0.00400186
0.00399208
0.00500631
0.00402474
0.00399947
0.00499535
0.00399971
0.00502372
0.00399995
0.00399995
0.00499964
0.00430059
0.00400114
0.00500035
0.00399971
0.00501013
0.00448632
0.00400114
0.00501990
0.00402784
0.00499153
0.00500178
0.00499964
0.00400162
0.00504279
0.00500202
0.00499916
0.00438523
0.00399852
0.00500011
0.00511694
0.00400138
0.00500131
0.00499988
0.00399923
0.00400090
0.00500131
0.00501013
0.00400162
0.00400114
0.00499988
0.00522614
0.00499105
0.00399995
0.00400138
0.00500703
0.00500250
0.00500274
0.00427628
0.00412893
0.00500011
0.00399995
0.00500178
0.00500178
0.00400019
0.00499988
0.00422406
0.00399446
0.00500178
0.00500202
0.00400138
0.00500059
0.00399899
0.00400066
0.00499964
0.00500655
0.00500154
0.00507450
0.00500154
0.00400090
0.00503302
0.00399971
0.00448775
0.00431156
0.00501418
0.00399518
0.00500846
0.00499988
0.00400090
0.00400114
0.00500035
0.00499988
0.00400090
0.00400066
0.00502610
0.00436616
0.00399923
0.00500917
0.00499082
0.00399947
0.00444531
0.00525761
0.00499964
0.00451589
0.00501752
0.00500226
0.00400090
0.00500202
0.00399089
0.00399971
0.00499964
0.00399971
0.00499988
0.00399947
0.00400138
0.00499201
0.00399971
0.00500202
0.00400782
0.00500417
0.00398827
0.00400066
0.00448132
0.00411248
0.00500751
0.00399995
0.00399995
0.00498962
0.00500846
0.00500250
0.00399923
0.00400138
0.00400090
0.00500011
0.00400138
0.00399971
0.00400019
0.00500631
0.00399947
0.00499296
0.00451255
0.00499582
0.00399971
0.00399971
0.00499964
0.00399137
0.00500083
0.00399947
0.00399947
0.00499487
0.00399923
0.00399923
0.00500202
0.00399923
0.00399995
0.00511193
0.00400090
0.00399947
0.00499940
0.00400639
0.00399923
0.00522542
0.00399995
0.00400090
0.00463343
0.00500751
0.00400138
0.00500011
0.00400138
0.00400257
0.00499153
0.00437760
0.00399995
0.00467467
0.00499964
0.00399947
0.00533366
0.00450301
0.00399995
0.00500965
0.00400138
0.00400090
0.00499988
0.00400114
0.00400090
0.00499988
0.00400162
0.00499177
0.00500107
0.00500154
0.00499988
0.00400138
0.00400162
0.00400186
0.00515175
0.00399208
0.00400710
0.00399899
0.00500846
0.00399995
0.00499988
0.00424027
0.00400138
0.00400257
0.00400233
0.00400114
0.00400138
0.00413537
0.00400138
0.00400138
0.00450540
0.00499892
0.00400138
0.00399852
0.00450039
0.00399160
0.00499988
0.00399923
0.00500107
0.00499940
0.00399947
0.00501013
0.00400138
0.00501013
0.00399971
0.00499964
0.00500035
0.00399971
0.00500107
0.00399947
0.00500369
0.00499940
0.00500488
0.00424457
0.00500488
0.00399446
0.00500131
0.00399113
0.00500107
0.00500202
0.00409293
0.00500131
0.00399899
0.00399971
0.00500059
0.00399947
0.00500059
0.00399947
0.00500298
0.00400090
0.00500011
0.00450492
0.00400138
0.00400162
0.00500631
0.00399947
0.00499988
0.00399852
0.00505877
0.00400090
0.00500631
0.00499558
0.00399995
0.00399399
0.00500083
0.00399947
0.00499988
0.00400281
0.00499535
0.00400329
0.00429559
0.00400138
0.00500607
0.00400090
0.00400114
0.00500226
0.00400114
0.00499964
0.00447249
0.00423789
0.00500679
0.00399923
0.00500178
0.00399280
0.00500035
0.00500035
0.00400090
0.00499964
0.00450444
0.00399947
0.00431085
0.00499034
0.00500584
0.00500154
0.00399971
0.00500655
0.00400114
0.00501013
0.00400162
0.00500202
0.00400090
0.00400066
0.00500202
0.00399923
0.00400114
0.00500059
0.00449967
0.00299931
0.00531197
0.00399947
0.00399971
0.00500035
0.00399923
0.00400138
0.00499964
0.00399947
0.00500035
0.00398850
0.00399971
0.00500035
0.00451136
0.00500131
0.00500274
0.00399947
0.00500560
0.00354242
0.00499988
0.00500679
0.00446320
0.00399947
0.00500488
0.00399947
0.00500560
0.00399947
0.00499988
0.00399995
0.00523520
0.00399899
0.00499940
0.00399709
0.00400090
0.00499749
0.00399446
0.00477028
0.00400424
0.00500059
0.00500226
0.00399923
0.00500131
0.00500202
0.00500226
0.00399899
0.00499463
0.00399947
0.00499964
0.00399947
0.00500679
0.00500107
0.00399995
0.00500202
0.00500631
0.00449896
0.00409293
0.00499988
0.00500584
0.00527358
0.00500107
0.00400066
0.00500393
0.00499487
0.00500655
0.00399971
0.00500131
0.00500226
0.00501823
0.00500154
0.00399256
0.00500154
0.00500131
0.00546384
0.00500631
0.00399947
0.00500679
0.00399923
0.00413728
0.00500154
0.00399923
0.00499964
0.00399876
0.00500131
0.00515723
0.00500131
0.00500107
0.00499964
0.00500083
0.00500154
0.00499940
0.00517321
0.00500083
0.00500178
0.00501728
0.00503325
0.00399947
0.00499916
0.00399923
0.00500250
0.00400305
0.00501537
0.00500154
0.00399899
0.00500107
0.00500131
0.00399971
0.00500226
0.00500631
0.00450611
0.00399852
0.00500441
0.00399947
0.00500059
0.00400114
0.00499511
0.00417709
0.00499988
0.00403452
0.00499487
0.00505948
0.00538874
0.00399232
0.00500059
0.00518179
0.00500536
0.00400019
0.00499415
0.00447559
0.00500059
0.00399947
0.00500035
0.00399089
0.00500488
0.00499463
0.00399899
0.00500631
0.00399923
0.00546741
0.00399995
0.00500202
0.00499940
0.00400066
0.00500321
0.00500178
0.00400138
0.00450683
0.00501156
0.00399399
0.00500512
0.00500202
0.00500631
0.00509119
0.00400114
0.00500607
0.00399947
0.00400138
0.00416899
0.00499988
0.00400019
0.00400114
0.00399995
0.00400162
0.00506783
0.00450253
0.00500059
0.00518322
0.00426888
0.00399446
0.00400114
0.00499988
0.00400114
0.00500560
0.00500631
0.00500107
0.00507879
0.00400090
0.00400114
0.00500011
0.00400066
0.00501513
0.00399923
0.00500178
0.00427938
0.00411081
0.00500035
0.00477219
0.00399971
0.00500631
0.00400114
0.00400066
0.00500679
0.00543642
0.00499392
0.00399995
0.00500488
0.00399542
0.00399947
0.00524044
0.00404572
0.00400090
0.00509214
0.00449371
0.00399947
0.00500035
0.00500202
0.00500226
0.00499892
0.00400138
0.00501156
0.00400114
0.00499392
0.00399995
0.00399971
0.00400066
0.00411892
0.00400090
0.00400281
0.00405478
0.00500226
0.00506496
0.00460243
0.00399971
0.00400043
0.00500083
0.00400090
0.00400114
0.00499439
0.00500560
0.00500107
0.00399256
0.00406766
0.00500202
0.00499892
0.00399995
0.00400090
0.00500846
0.00400019
0.00450230
0.00462985
0.00500202
0.00485802
0.00400066
0.00400090
0.00508308
0.00400114
0.00499964
0.00399971
0.00499535
0.00399947
0.00423241
0.00499988
0.00399995
0.00499964
0.00400305
0.00400066
0.00503659
0.00450325
0.00500035
0.00399089
0.00399923
0.00500083
0.00500107
0.00400114
0.00404811
0.00499964
0.00433826
0.00404215
0.00499964
0.00399995
0.00499940
0.00500011
0.00500011
0.00399995
0.00501180
0.00452638
0.00500631
0.00399971
0.00400114
0.00528908
0.00441551
0.00399947
0.00500083
0.00399923
0.00400019
0.00504994
0.00399971
0.00500250
0.00399947
0.00400019
0.00500631
0.00400233
0.00499535
0.00399947
0.00450397
0.00500107
0.00547194
0.00399947
0.00500107
0.00499940
0.00500083
0.00399923
0.00500035
0.00399995
0.00399828
0.00500178
0.00399971
0.00500059
0.00399971
0.00399971
0.00500107
0.00399971
0.00410175
0.00430751
0.00527072
0.00400376
0.00399971
0.00500011
0.00449729
0.00399995
0.00400138
0.00500011
0.00500154
0.00399923
0.00399923
0.00500727
0.00500941
0.00500011
0.00501871
0.00499940
0.00399995
0.00400162
0.00500774
0.00399184
0.00500846
0.00508332
0.00398946
0.00399899
0.00499940
0.00500917
0.00499153
0.00437427
0.00505662
0.00400019
0.00399971
0.00500107
0.00400162
0.00400138
0.00401640
0.00450420
0.00399923
0.00501060
0.00399113
0.00500011
0.00425196
0.00399923
0.00500035
0.00399971
0.00500894
0.00500059
0.00399995
0.00500154
0.00501227
0.00500202
0.00499940
0.00411224
0.00500107
0.00500154
0.00408053
0.00503993
0.00399995
0.00478005
0.00500846
0.00499177
0.00399947
0.00500011
0.00500131
0.00503278
0.00500035
0.00411296
0.00400066
0.00501060
0.00499105
0.00423193
0.00499940
0.00400114
0.00452662
0.00400138
0.00448751
0.00500059
0.00399804
0.00499177
0.00445724
0.00400162
0.00407195
0.00400138
0.00499177
0.00499988
0.00399971
0.00405097
0.00435519
0.00500822
0.00400424
0.00398469
0.00400114
0.00400615
0.00502133
0.00448871
0.00470567
0.00500822
0.00412202
0.00500798
0.00399947
0.00400019
0.00500178
0.00500226
0.00399947
0.00399947
0.00500154
0.00400066
0.00400090
0.00500584
0.00400114
0.00452042
0.00400090
0.00512004
0.00400305
0.00500655
0.00501204
0.00398993
0.00400138
0.00499964
0.00420117
0.00499201
0.00399995
0.00500035
0.00399971
0.00500083
0.00399971
0.00500202
0.00533819
0.00400114
0.00500131
0.00499940
0.00399899
0.00498986
0.00500298
0.00399971
0.00399542
0.00500488
0.00400090
0.00400138
0.00400186
0.00426793
0.00500274
0.00499916
0.00400138
0.00407267
0.00400090
0.00400114
0.00441170
0.00400066
0.00500059
0.00428081
0.00399923
0.00500846
0.00500703
0.00500226
0.00500131
0.00500202
0.00400114
0.00500011
0.00449324
0.00499511
0.00400186
0.00499105
0.00400138
0.00500178
0.00400066
0.00400162
0.00400114
0.00500226
0.00445867
0.00500011
0.00399709
0.00400162
0.00499153
0.00414705
0.00400162
0.00449443
0.00451541
0.00399971
0.00500059
0.00400114
0.00400066
0.00482702
0.00399947
0.00400138
0.00506067
0.00398946
0.00399923
0.00499940
0.00499868
0.00499678
0.00450349
0.00399923
0.00500107
0.00499964
0.00500011
0.00400043
0.00500011
0.00399995
0.00407314
0.00500250
0.00399971
0.00400066
0.00425339
0.00499082
0.00399947
0.00501084
0.00399947
0.00499082
0.00400019
0.00400019
0.00450706
0.00499034
0.00443482
0.00459886
0.00400352
0.00500178
0.00399947
0.00400186
0.00408363
0.00499988
0.00450444
0.00399995
0.00500154
0.00400162
0.00399089
0.00501084
0.00400186
0.00439811
0.00500631
0.00501013
0.00500202
0.00499892
0.00500059
0.00499964
0.00500512
0.00500178
0.00400162
0.00400114
0.00451326
0.00450182
0.00400114
0.00478411
0.00399995
0.00399542
0.00399089
0.00500226
0.00400066
0.00499988
0.00500941
0.00399852
0.00500250
0.00500154
0.00429535
0.00399995
0.00400090
0.00500894
0.00400114
0.00452065
0.00399923
0.00499940
0.00399947
0.00500035
0.00399947
0.00499964
0.00499940
0.00399971
0.00400138
0.00500250
0.00400114
0.00500178
0.00499940
0.00399137
0.00500131
0.00399160
0.00500107
0.00449538
0.00399923
0.00399971
0.00500059
0.00399971
0.00500154
0.00400805
0.00501132
0.00400090
0.00399876
0.00499940
0.00399923
0.00526714
0.00500751
0.00424457
0.00400090
0.00500178
0.00500798
0.00499320
0.00500059
0.00399995
0.00500083
0.00399947
0.00434351
0.00399947
0.00400066
0.00499940
0.00400114
0.00400114
0.00400686
0.00400162
0.00503635
0.00399256
0.00500011
0.00504851
0.00399947
0.00399923
0.00400639
0.00501060
0.00500631
0.00499511
0.00500083
0.00499988
0.00399923
0.00500011
0.00400019
0.00504088
0.00399804
0.00400019
0.00499940
0.00399995
0.00499988
0.00400066
0.00499582
0.00399947
0.00451708
0.00501037
0.00400162
0.00400090
0.00400066
0.00510025
0.00475860
0.00500202
0.00500631
0.00399971
0.00399995
0.00499511
0.00399971
0.00400114
0.00516558
0.00500202
0.00401950
0.00500178
0.00400114
0.00400138
0.00499988
0.00400019
0.00500178
0.00399971
0.00500464
0.00500822
0.00500631
0.00500131
0.00399947
0.00500107
0.00500154
0.00500703
0.00499392
0.00399995
0.00500131
0.00399852
0.00399947
0.00450397
0.00500488
0.00400090
0.00500035
0.00399947
0.00500512
0.00400138
0.00499392
0.00500154
0.00399947
0.00499988
0.00427222
0.00399971
0.00500131
0.00400114
0.00500751
0.00500202
0.00400114
0.00452662
0.00500107
0.00399971
0.00500059
0.00399685
0.00412917
0.00500178
0.00500631
0.00399923
0.00428820
0.00500607
0.00399256
0.00500488
0.00499988
0.00450373
0.00500107
0.00400114
0.00500178
0.00450373
0.00500536
0.00500536
0.00500107
0.00500059
0.00527096
0.00399923
0.00499773
0.00500727
0.00501418
0.00404191
0.00412989
0.00400138
0.00500011
0.00500774
0.00500178
0.00399876
0.00400090
0.00407457
0.00512457
0.00500607
0.00469065
0.00500536
0.00400114
0.00399947
0.00500202
0.00514317
0.00500655
0.00399923
0.00406718
0.00500178
0.00400186
0.00450802
0.00500107
0.00400209
0.00500560
0.00500274
0.00400662
0.00500011
0.00447083
0.00507259
0.00500154
0.00427794
0.00422478
0.00501180
0.00503182
0.00500083
0.00399518
0.00500226
0.00399184
0.00500131
0.00399923
0.00401092
0.00499964
0.00504780
0.00452161
0.00400138
0.00500083
0.00500226
0.00499868
0.00400019
0.00499892
0.00399971
0.00502491
0.00399971
0.00400114
0.00518298
0.00500178
0.00499940
0.00500059
0.00399947
0.00429988
0.00500011
0.00351834
0.00500536
0.00399971
0.00400162
0.00410986
0.00400090
0.00500083
0.00376582
0.00500274
0.00400114
0.00499392
0.00417233
0.00400114
0.00399971
0.00400114
0.00500202
0.00401163
0.00400138
0.00410056
0.00400233
0.00399947
0.00500727
0.00500226
0.00400138
0.00499558
0.00500083
0.00399804
0.00399947
0.00400066
0.00400114
0.00411224
0.00500178
0.00399947
0.00420880
0.00500607
0.00400138
0.00499773
0.00450230
0.00500512
0.00500154
0.00500202
0.00400114
0.00400114
0.00500679
0.00400519
0.00500536
0.00499487
0.00432515
0.00499940
0.00399113
0.00500178
0.00399947
0.00400090
0.00500107
0.00435472
0.00450897
0.00502157
0.00399971
0.00500631
0.00399923
0.00500178
0.00399971
0.00400162
0.00500703
0.00500274
0.00399971
0.00450301
0.00400114
0.00399208
0.00414705
0.00500226
0.00500488
0.00399923
0.00500655
0.00551462
0.00499415
0.00400019
0.00499487
0.00399923
0.00518703
0.00399923
0.00500035
0.00403094
0.00500083
0.00500154
0.00399947
0.00400114
0.00500035
0.00399971
0.00500607
0.00399327
0.00501156
0.00452495
0.00399947
0.00499415
0.00400114
0.00500035
0.00399971
0.00399470
0.00499439
0.00399947
0.00409603
0.00509310
0.00399947
0.00500178
0.00400138
0.00400114
0.00500774
0.00500798
0.00500154
0.00500679
0.00400186
0.00500083
0.00400090
0.00500655
0.00500631
0.00399971
0.00411177
0.00500488
0.00399947
0.00500727
0.00500202
0.00400114
0.00400138
0.00541782
0.00500154
0.00400090
0.00499988
0.00599742
0.00352478
0.00458193
0.00500202
0.00500154
0.00409198
0.00400090
0.00400114
0.00499868
0.00399923
0.00399852
0.00399971
0.00399947
0.00500202
0.00500846
0.00400090
0.00400066
0.00502563
0.00400114
0.00400090
0.00414133
0.00500083
0.00400138
0.00443006
0.00400090
0.00506473
0.00518203
0.00399947
0.00399280
0.00399947
0.00500154
0.00501037
0.00500154
0.00400138
0.00500226
0.00436258
0.00500059
0.00499892
0.00450277
0.00399971
0.00499916
0.00399876
0.00500011
0.00400019
0.00500631
0.00399947
0.00500679
0.00499487
0.00499964
0.00399947
0.00500989
0.00500226
0.00523329
0.00399995
0.00500727
0.00500488
0.00450301
0.00399947
0.00399923
0.00501156
0.00400043
0.00500989
0.00500202
0.00499868
0.00500059
0.00556874
0.00500607
0.00399971
0.00402737
0.00499153
0.00400019
0.00505447
0.00400257
0.00400114
0.00492048
0.00509238
0.00400066
0.00500989
0.00511360
0.00500011
0.00400138
0.00400019
0.00500178
0.00500917
0.00400138
0.00400090
0.00499344
0.00400805
0.00401092
0.00500011
0.00400066
0.00499940
0.00399995
0.00426626
0.00499606
0.00399923
0.00400162
0.00399899
0.00500011
0.00506926
0.00525546
0.00499940
0.00500011
0.00399947
0.00399613
0.00400090
0.00499892
0.00400019
0.00499129
0.00399995
0.00399947
0.00450230
0.00500035
0.00399947
0.00500560
0.00445914
0.00500011
0.00505543
0.00442195
0.00500035
0.00518680
0.00399947
0.00518537
0.00400066
0.00398970
0.00500202
0.00499892
0.00400233
0.00426269
0.00499105
0.00551701
0.00399995
0.00500154
0.00399590
0.00422382
0.00499797
0.00400019
0.00448179
0.00499201
0.00399971
0.00499940
0.00399995
0.00499964
0.00399923
0.00499892
0.00500369
0.00399923
0.00500011
0.00450468
0.00498343
0.00499964
0.00499964
0.00500250
0.00399971
0.00500178
0.00499964
0.00499916
0.00399971
0.00415444
0.00500059
0.00399947
0.00500011
0.00499940
0.00500107
0.00499988
0.00399947
0.00449944
0.00500464
0.00465393
0.00499988
0.00500274
0.00501037
0.00500154
0.00499964
0.00399971
0.00499368
0.00500011
0.00399971
0.00399923
0.00500011
0.00399947
0.00501037
0.00519061
0.00503826
0.00350165
0.00456142
0.00500154
0.00501037
0.00503874
0.00400162
0.00499153
0.00500035
0.00399923
0.00517750
0.00500035
0.00399899
0.00513697
0.00499463
0.00399971
0.00500059
0.00400162
0.00499940
0.00450087
0.00399899
0.00499511
0.00444174
0.00399995
0.00439239
0.00501060
0.00500655
0.00399971
0.00500417
0.00400186
0.00400162
0.00500178
0.00400090
0.00500131
0.00500989
0.00502038
0.00500250
0.00400138
0.00400138
0.00400186
0.00501108
0.00500178
0.00392103
0.00400114
0.00441098
0.00497603
0.00400138
0.00430536
0.00400019
0.00501013
0.00399518
0.00500035
0.00501013
0.00400448
0.00400114
0.00500202
0.00550556
0.00500655
0.00398850
0.00400019
0.00400186
0.00500703
0.00500965
0.00400114
0.00449085
0.00400019
0.00500178
0.00476360
0.00501060
0.00400114
0.00507760
0.00423741
0.00500154
0.00400019
0.00450873
0.00500059
0.00499940
0.00399947
0.00500035
0.00400329
0.00500655
0.00425315
0.00501823
0.00400305
0.00425339
0.00500107
0.00500202
0.00417185
0.00500226
0.00400066
0.00500345
0.00500178
0.00500011
0.00551057
0.00399947
0.00400209
0.00500107
0.00500083
0.00400066
0.00500846
0.00419641
0.00499487
0.00399971
0.00500035
0.00499988
0.00399995
0.00399971
0.00500059
0.00500274
0.00400138
0.00500774
0.00450397
0.00400066
0.00400066
0.00400090
0.00400114
0.00500107
0.00400066
0.00500226
0.00503063
0.00399947
0.00500083
0.00449491
0.00399995
0.00399947
0.00499964
0.00500131
0.00401545
0.00506449
0.00400019
0.00508451
0.00399280
0.00399971
0.00500011
0.00400400
0.00500631
0.00400138
0.00500178
0.00499988
0.00400019
0.00499940
0.00399494
0.00399971
0.00499964
0.00399923
0.00464058
0.00499845
0.00399971
0.00449705
0.00399899
0.00500536
0.00399995
0.00444818
0.00499988
0.00399971
0.00400114
0.00501347
0.00400281
0.00444436
0.00499058
0.00398374
0.00500607
0.00533581
0.00500679
0.00400281
0.00400090
0.00399923
0.00400114
0.00448108
0.00400329
0.00400257
0.00510144
0.00526524
0.00399947
0.00500822
0.00399137
0.00499916
0.00502300
0.00500154
0.00398993
0.00505376
0.00398946
0.00436687
0.00500894
0.00500011
0.00478339
0.00399899
0.00499964
0.00399947
0.00501490
0.00399971
0.00501132
0.00499010
0.00403476
0.00500250
0.00399971
0.00399899
0.00500131
0.00399995
0.00400019
0.00499988
0.00400138
0.00400114
0.00399971
0.00400066
0.00400901
0.00443387
0.00500083
0.00418496
0.00400066
0.00399971
0.00502634
0.00431633
0.00400019
0.00399256
0.00398970
0.00399947
0.00476861
0.00399113
0.00500345
0.00399971
0.00458121
0.00499916
0.00500965
0.00400114
0.00410390
0.00502276
0.00400805
0.00477600
0.00500178
0.00435686
0.00506496
0.00499988
0.00501370
0.00501037
0.00399947
0.00400043
0.00500989
0.00400114
0.00450492
0.00400138
0.00399160
0.00501180
0.00436616
0.00503278
0.00399971
0.00400114
0.00400162
0.00535345
0.00399947
0.00499129
0.00400138
0.00400162
0.00510931
0.00400114
0.00399971
0.00400162
0.00400090
0.00500298
0.00500178
0.00398707
0.00408959
0.00501037
0.00400114
0.00500751
0.00500178
0.00418448
0.00445080
0.00399947
0.00400257
0.00499988
0.00500751
0.00500154
0.00399041
0.00500941
0.00417471
0.00400066
0.00400138
0.00400114
0.00501800
0.00501013
0.00497293
0.00500894
0.00400090
0.00400186
0.00500846
0.00500202
0.00399995
0.00400186
0.00422001
0.00500107
0.00400758
0.00400114
0.00400019
0.00500131
0.00500393
0.00400138
0.00501847
0.00400186
0.00503826
0.00399971
0.00400114
0.00399089
0.00450683
0.00400019
0.00500870
0.00401354
0.00499964
0.00400019
0.00500274
0.00399947
0.00499964
0.00450873
0.00500035
0.00399923
0.00499606
0.00378132
0.00399995
0.00500560
0.00399947
0.00518250
0.00399947
0.00499868
0.00409961
0.00458932
0.00400162
0.00537014
0.00400162
0.00502157
0.00399923
0.00400186
0.00400090
0.00500178
0.00400162
0.00500274
0.00399923
0.00499034
0.00401545
0.00500917
0.00399160
0.00403452
0.00515962
0.00501347
0.00500202
0.00500178
0.00402188
0.00499988
0.00400162
0.00453568
0.00400138
0.00500154
0.00400186
0.00399876
0.00500870
0.00400162
0.00400090
0.00500011
0.00400138
0.00500846
0.00399947
0.00400043
0.00501013
0.00500154
0.00458479
0.00400591
0.00400138
0.00501251
0.00400186
0.00400066
0.00451732
0.00400090
0.00499964
0.00454283
0.00399947
0.00500202
0.00399017
0.00399947
0.00499201
0.00399685
0.00500250
0.00399184
0.00500226
0.00399947
0.00448561
0.00500894
0.00438309
0.00395036
0.00499964
0.00499153
0.00500894
0.00500035
0.00400162
0.00502634
0.00501013
0.00500035
0.00480509
0.00399971
0.00500202
0.00399947
0.00500512
0.00477386
0.00500250
0.00400162
0.00448585
0.00399947
0.00400090
0.00500178
0.00398922
0.00399971
0.00405598
0.00499177
0.00399947
0.00520706
0.00399971
0.00500917
0.00515914
0.00399947
0.00501037
0.00400019
0.00500989
0.00515175
0.00500298
0.00550485
0.00449753
0.00386262
0.00501299
0.00425529
0.00499988
0.00382161
0.00515032
0.00399995
0.00426364
0.00397086
0.00517964
0.00428963
0.00499845
0.00500154
0.00397968
0.00398016
0.00499105
0.00400186
0.00437379
0.00399113
0.00399995
0.00501013
0.00432062
0.00425029
0.00399065
0.00499439
0.00400019
0.00499988
0.00399995
0.00500011
0.00399971
0.00500846
0.00501537
0.00425792
0.00499964
0.00450277
0.00500035
0.00399137
0.00500083
0.00505972
0.00399923
0.00500131
0.00400186
0.00400138
0.00400162
0.00500011
0.00399995
0.00500011
0.00399995
0.00500011
0.00400138
0.00501394
0.00399065
0.00451446
0.00400186
0.00500011
0.00400162
0.00531864
0.00399995
0.00500202
0.00400138
0.00500250
0.00500011
0.00399947
0.00450134
0.00500059
0.00499988
0.00399947
0.00400233
0.00502038
0.00419569
0.00499964
0.00450826
0.00501013
0.00399780
0.00400066
0.00400114
0.00499201
0.00500321
0.00501013
0.00499105
0.00400019
0.00450110
0.00499797
0.00399995
0.00499988
0.00500131
0.00501132
0.00399566
0.00500011
0.00403023
0.00500154
0.00500250
0.00398874
0.00500894
0.00398970
0.00500202
0.00416517
0.00500202
0.00499964
0.00399995
0.00499988
0.00505662
0.00499988
0.00399971
0.00500464
0.00400162
0.00400114
0.00450301
0.00399995
0.00400138
0.00400114
0.00500727
0.00399137
0.00413179
0.00499916
0.00399971
0.00400043
0.00499988
0.00400019
0.00428224
0.00400138
0.00400019
0.00399995
0.00500298
0.00400138
0.00399899
0.00450635
0.00472784
0.00500154
0.00400066
0.00400615
0.00450659
0.00400186
0.00450683
0.00399876
0.00500870
0.00534368
0.00399995
0.00400043
0.00499988
0.00399137
0.00500178
0.00400209
0.00399995
0.00500202
0.00548363
0.00399256
0.00428009
0.00499940
0.00400138
0.00500059
0.00399995
0.00400090
0.00500655
0.00500298
0.00502515
0.00399947
0.00500631
0.00499153
0.00399923
0.00500321
0.00399971
0.00500154
0.00435400
0.00500965
0.00400138
0.00400138
0.00400114
0.00500059
0.00500965
0.00400186
0.00400066
0.00500011
0.00400043
0.00444198
0.00500417
0.00501060
0.00399208
0.00399995
0.00501227
0.00500202
0.00449061
0.00503206
0.00398755
0.00400209
0.00500941
0.00399041
0.00500035
0.00407028
0.00400162
0.00500035
0.00501132
0.00500202
0.00447130
0.00501013
0.00400138
0.00500965
0.00500345
0.00400209
0.00455713
0.00451636
0.00399971
0.00499988
0.00399947
0.00399995
0.00500011
0.00417852
0.00400090
0.00500035
0.00399971
0.00399947
0.00517130
0.00399923
0.00500202
0.00399947
0.00500154
0.00350356
0.00399637
0.00508475
0.00400114
0.00400138
0.00400162
0.00400138
0.00400090
0.00500822
0.00400090
0.00400138
0.00499153
0.00424647
0.00500774
0.00399899
0.00499153
0.00399923
0.00498676
0.00430870
0.00399971
0.00500083
0.00450325
0.00398850
0.00399995
0.00500202
0.00400019
0.00438476
0.00400138
0.00501084
0.00444865
0.00399137
0.00399971
0.00500011
0.00399947
0.00399947
0.00500584
0.00500226
0.00400066
0.00400043
0.00499988
0.00434589
0.00500178
0.00399971
0.00399995
0.00500035
0.00399971
0.00500011
0.00501084
0.00500846
0.00400162
0.00499058
0.00438261
0.00399947
0.00399923
0.00499988
0.00500011
0.00420475
0.00501060
0.00453186
0.00499964
0.00399923
0.00500011
0.00419068
0.00500870
0.00500083
0.00400066
0.00400090
0.00400066
0.00500035
0.00400019
0.00433278
0.00499988
0.00448585
0.00499964
0.00400114
0.00399852
0.00497866
0.00409031
0.00500345
0.00499773
0.00500011
0.00400162
0.00400138
0.00416493
0.00400066
0.00399923
0.00399947
0.00500059
0.00399947
0.00399923
0.00499988
0.00400400
0.00400209
0.00499964
0.00400591
0.00400376
0.00473428
0.00399971
0.00399947
0.00425267
0.00500035
0.00400066
0.00399995
0.00499249
0.00398779
0.00399995
0.00500011
0.00408387
0.00399971
0.00500226
0.00399184
0.00400090
0.00499225
0.00398922
0.00401711
0.00499105
0.00399041
0.00500846
0.00399733
0.00400138
0.00500035
0.00500965
0.00400162
0.00499988
0.00400138
0.00498152
0.00399971
0.00399947
0.00499153
0.00500178
0.00400066
0.00400114
0.00450325
0.00501108
0.00505662
0.00400090
0.00420475
0.00504756
0.00500131
0.00511694
0.00450706
0.00399923
0.00399971
0.00499964
0.00400066
0.00425673
0.00499225
0.00500631
0.00501585
0.00399041
0.00432491
0.00453067
0.00407171
0.00399995
0.00499439
0.00400019
0.00500178
0.00400186
0.00507927
0.00400138
0.00400090
0.00449800
0.00399971
0.00500751
0.00499272
0.00500536
0.00500298
0.00449324
0.00400019
0.00451994
0.00500202
0.00400114
0.00400114
0.00499082
0.00399995
0.00499153
0.00399947
0.00500798
0.00399995
0.00498033
0.00399971
0.00454187
0.00399995
0.00406909
0.00499153
0.00400162
0.00499916
0.00540090
0.00501513
0.00398922
0.00499988
0.00399160
0.00399995
0.00479627
0.00400019
0.00399137
0.00500703
0.00399995
0.00443625
0.00549603
0.00400066
0.00437307
0.00500774
0.00499177
0.00500178
0.00500250
0.00433874
0.00500178
0.00399971
0.00403905
0.00474644
0.00500011
0.00399923
0.00400138
0.00500178
0.00400114
0.00400138
0.00414968
0.00500178
0.00399947
0.00500059
0.00509667
0.00400090
0.00399923
0.00500059
0.00400281
0.00400138
0.00500846
0.00441217
0.00399947
0.00500607
0.00399971
0.00500035
0.00399947
0.00500083
0.00398898
0.00400138
0.00501037
0.00449443
0.00433493
0.00502443
0.00500345
0.00399947
0.00450563
0.00399923
0.00500011
0.00499940
0.00400043
0.00399947
0.00500178
0.00500011
0.00398922
0.00500107
0.00400043
0.00400043
0.00499105
0.00500011
0.00399971
0.00500035
0.00399971
0.00500011
0.00470996
0.00400138
0.00400138
0.00503016
0.00400114
0.00500798
0.00416827
0.00500226
0.00500202
0.00505781
0.00500679
0.00500202
0.00432515
0.00400019
0.00499868
0.00399995
0.00500250
0.00500226
0.00500345
0.00400186
0.00469279
0.00500011
0.00499988
0.00500989
0.00500655
0.00399923
0.00399947
0.00499320
0.00399947
0.00500059
0.00499940
0.00501084
0.00452471
0.00399017
0.00500274
0.00400543
0.00500059
0.00402308
0.00433373
0.00500083
0.00400186
0.00400114
0.00501013
0.00403857
0.00500631
0.00500941
0.00400162
0.00400162
0.00500154
0.00501060
0.00500989
0.00416732
0.00399947
0.00500059
0.00500035
0.00399733
0.00500202
0.00501013
0.00499105
0.00399971
0.00500131
0.00399876
0.00500083
0.00398898
0.00500250
0.00399923
0.00399971
0.00399995
0.00500178
0.00426674
0.00447893
0.00400949
0.00501013
0.00360012
0.00400209
0.00485206
0.00400233
0.00500154
0.00400186
0.00400138
0.00500083
0.00399947
0.00499988
0.00400114
0.00500989
0.00400138
0.00527358
0.00500035
0.00500822
0.00503683
0.00399065
0.00499964
0.00450349
0.00500131
0.00500154
0.00501060
0.00500202
0.00400114
0.00500178
0.00500178
0.00500178
0.00500154
0.00499964
0.00400019
0.00421786
0.00436163
0.00433803
0.00499964
0.00399780
0.00499940
0.00415921
0.00499129
0.00507975
0.00601029
0.00502825
0.00400162
0.00400138
0.00499988
0.00400019
0.00400043
0.00400186
0.00399995
0.00499701
0.00502229
0.00399113
0.00399375
0.00500154
0.00501060
0.00451064
0.00500011
0.00500178
0.00500011
0.00399995
0.00500011
0.00399184
0.00399947
0.00499868
0.00399995
0.00400114
0.00500035
0.00499940
0.00400043
0.00420499
0.00430059
0.00504827
0.00399971
0.00500965
0.00527287
0.00400162
0.00499964
0.00399971
0.00549388
0.00399947
0.00504446
0.00500178
0.00444937
0.00500202
0.00399923
0.00400186
0.00499988
0.00500011
0.00500226
0.00501037
0.00399756
0.00418830
0.00424051
0.00500083
0.00400043
0.00499058
0.00400019
0.00400209
0.00499082
0.00399113
0.00500107
0.00399947
0.00500059
0.00399971
0.00399947
0.00500178
0.00399947
0.00500154
0.00399971
0.00450706
0.00550508
0.00399947
0.00499988
0.00399899
0.00500011
0.00399899
0.00500035
0.00399184
0.00499487
0.00399971
0.00399947
0.00500631
0.00499439
0.00399971
0.00500035
0.00401688
0.00499701
0.00399995
0.00502801
0.00368929
0.00501037
0.00401497
0.00500131
0.00500178
0.00400138
0.00500965
0.00445676
0.00500226
0.00527668
0.00400066
0.00499177
0.00499892
0.00500202
0.00410533
0.00500631
0.00399923
0.00450063
0.00399971
0.00500011
0.00403047
0.00499153
0.00399923
0.00500226
0.00500154
0.00500154
0.00399899
0.00500512
0.00400114
0.00399947
0.00501204
0.00500274
0.00500202
0.00400043
0.00500131
0.00399947
0.00550413
0.00410819
0.00501466
0.00501871
0.00410128
0.00400138
0.00499511
0.00500202
0.00399995
0.00421143
0.00499392
0.00399971
0.00499439
0.00499582
0.00399947
0.00399947
0.00399995
0.00500441
0.00458574
0.00399184
0.00399852
0.00499988
0.00400019
0.00499511
0.00500250
0.00446677
0.00500703
0.00519443
0.00399923
0.00510287
0.00514460
0.00499988
0.00500011
0.00500822
0.00399971
0.00400162
0.00449204
0.00504470
0.00516057
0.00399923
0.00500083
0.00499892
0.00399971
0.00500631
0.00399923
0.00500464
0.00400138
0.00500059
0.00399423
0.00500154
0.00399971
0.00399995
0.00500321
0.00399947
0.00399828
0.00500751
0.00499392
0.00399995
0.00434518
0.00499535
0.00399065
0.00399923
0.00499988
0.00399923
0.00500536
0.00500631
0.00399971
0.00399971
0.00500631
0.00500703
0.00400019
0.00499964
0.00399995
0.00508094
0.00436044
0.00500584
0.00399470
0.00399995
0.00499988
0.00399137
0.00399446
0.00500178
0.00418711
0.00516105
0.00400138
0.00399971
0.00400138
0.00399947
0.00531268
0.00420141
0.00499463
0.00451183
0.00500011
0.00399995
0.00500178
0.00400043
0.00399971
0.00439262
0.00499344
0.00406814
0.00500059
0.00399351
0.00499630
0.00399995
0.00500011
0.00499964
0.00399971
0.00501657
0.00435162
0.00399423
0.00450420
0.00499487
0.00404286
0.00400043
0.00500512
0.00499535
0.00399995
0.00500059
0.00399232
0.00499964
0.00399971
0.00421953
0.00400114
0.00400138
0.00432515
0.00399947
0.00500703
0.00399446
0.00450158
0.00399971
0.00448847
0.00399733
0.00448418
0.00499511
0.00445080
0.00400043
0.00400186
0.00500107
0.00489664
0.00500298
0.00399971
0.00445342
0.00500607
0.00400090
0.00500631
0.00399470
0.00400019
0.00417471
0.00399995
0.00400114
0.00499535
0.00399923
0.00500870
0.00398946
0.00500727
0.00399995
0.00500035
0.00398707
0.00500989
0.00499010
0.00399995
0.00413108
0.00499249
0.00400019
0.00499821
0.00451422
0.00399876
0.00472641
0.00399971
0.00401497
0.00514960
0.00399923
0.00500631
0.00399971
0.00399995
0.00400090
0.00500727
0.00399637
0.00501084
0.00499916
0.00399947
0.00423789
0.00500011
0.00399113
0.00412703
0.00499105
0.00399947
0.00500798
0.00499153
0.00399995
0.00510526
0.00430107
0.00500226
0.00400639
0.00400138
0.00500464
0.00399947
0.00400114
0.00399923
0.00400090
0.00499964
0.00399733
0.00449967
0.00498295
0.00516057
0.00399089
0.00499988
0.00500846
0.00500870
0.00399089
0.00507903
0.00399041
0.00500059
0.00499940
0.00514174
0.00400090
0.00499153
0.00427103
0.00500154
0.00399947
0.00500011
0.00403523
0.00499964
0.00399113
0.00472617
0.00501084
0.00400090
0.00500083
0.00399923
0.00500989
0.00402522
0.00500131
0.00400066
0.00501037
0.00500202
0.00500989
0.00501227
0.00399947
0.00499892
0.00550437
0.00399947
0.00499964
0.00399971
0.00399947
0.00499988
0.00399947
0.00500035
0.00399876
0.00399923
0.00399947
0.00499964
0.00399971
0.00500011
0.00499964
0.00500202
0.00400138
0.00500154
0.00500178
0.00500536
0.00425982
0.00508237
0.00501013
0.00399923
0.00501060
0.00399923
0.00500798
0.00399947
0.00400162
0.00500226
0.00499964
0.00399995
0.00499988
0.00399899
0.00501394
0.00428629
0.00499892
0.00550365
0.00399899
0.00500011
0.00399923
0.00500464
0.00399995
0.00499988
0.00500083
0.00499964
0.00399947
0.00501037
0.00501108
0.00499034
0.00400138
0.00400019
0.00401425
0.00499201
0.00403309
0.00450778
0.00399923
0.00500035
0.00501060
0.00500154
0.00399804
0.00499392
0.00399923
0.00399470
0.00499988
0.00499988
0.00501060
0.00500154
0.00500154
0.00500178
0.00501084
0.00500154
0.00499940
0.00450182
0.00500059
0.00500154
0.00400186
0.00499153
0.00399995
0.00500631
0.00399923
0.00499988
0.00435567
0.00501108
0.00399947
0.00499988
0.00499988
0.00500798
0.00450420
0.00499940
0.00448298
0.00453329
0.00417542
0.00500655
0.00481677
0.00500607
0.00500178
0.00399089
0.00500035
0.00509071
0.00399160
0.00499773
0.00400019
0.00400066
0.00500870
0.00399160
0.00399995
0.00500154
0.00499177
0.00423884
0.00400472
0.00449991
0.00434637
0.00500226
0.00515318
0.00501060
0.00499082
0.00399995
0.00400090
0.00400138
0.00499153
0.00400114
0.00499964
0.00399971
0.00397539
0.00500011
0.00424147
0.00500226
0.00420094
0.00500846
0.00400209
0.00500178
0.00500154
0.00500631
0.00501108
0.00500679
0.00500178
0.00500250
0.00399971
0.00500178
0.00500202
0.00400114
0.00400114
0.00514245
0.00500107
0.00399113
0.00501108
0.00400019
0.00500154
0.00499988
0.00399899
0.00500011
0.00399971
0.00399995
0.00530529
0.00398922
0.00399947
0.00517321
0.00431514
0.00499940
0.00511360
0.00399089
0.00400066
0.00499964
0.00399923
0.00442815
0.00422668
0.00500274
0.00500607
0.00431132
0.00500989
0.00500154
0.00430655
0.00399995
0.00500083
0.00500107
0.00499988
0.00399995
0.00499988
0.00399899
0.00500035
0.00500131
0.00399971
0.00500035
0.00500679
0.00399518
0.00499988
0.00399208
0.00399947
0.00526500
0.00400496
0.00500059
0.00500178
0.00399160
0.00500751
0.00400019
0.00500059
0.00435185
0.00500584
0.00400996
0.00500703
0.00399971
0.00450134
0.00400114
0.00500202
0.00500083
0.00399923
0.00400138
0.00499463
0.00500298
0.00499964
0.00500059
0.00522447
0.00500131
0.00500131
0.00410295
0.00500774
0.00501633
0.00399947
0.00399971
0.00450516
0.00500202
0.00499940
0.00399947
0.00499415
0.00399995
0.00511360
0.00399947
0.00499988
0.00399995
0.00404811
0.00499988
0.00419092
0.00500059
0.00399995
0.00499988
0.00499988
0.00399923
0.00443363
0.00499582
0.00399995
0.00499296
0.00400019
0.00504732
0.00399947
0.00500631
0.00399947
0.00500607
0.00499487
0.00500727
0.00500083
0.00500202
0.00500035
0.00399947
0.00499749
0.00399995
0.00489640
0.00400019
0.00499797
0.00399947
0.00400090
0.00500131
0.00500631
0.00500154
0.00397944
0.00500083
0.00399184
0.00499964
0.00500011
0.00399899
0.00499964
0.00500131
0.00500178
0.00399971
0.00524068
0.00399971
0.00499964
0.00399971
0.00500655
0.00500631
0.00400090
0.00500631
0.00399947
0.00506926
0.00400114
0.00398970
0.00501227
0.00500202
0.00399232
0.00500560
0.00400138
0.00497174
0.00450754
0.00399733
0.00519633
0.00400090
0.00500226
0.00500178
0.00499916
0.00399995
0.00500607
0.00499964
0.00405383
0.00500107
0.00500250
0.00398874
0.00500846
0.00500131
0.00399852
0.00499940
0.00450349
0.00500488
0.00399995
0.00518179
0.00500250
0.00499964
0.00582147
0.00500989
0.00399899
0.00499964
0.00500965
0.00444198
0.00500655
0.00399351
0.00466394
0.00500131
0.00500226
0.00399899
0.00450659
0.00499964
0.00400138
0.00501370
0.00399923
0.00499964
0.00500131
0.00508380
0.00399995
0.00499988
0.00500989
0.00399041
0.00500011
0.00399947
0.00498986
0.00501084
0.00499082
0.00500965
0.00512433
0.00499249
0.00398970
0.00432801
0.00500226
0.00500989
0.00456309
0.00506639
0.00500965
0.00499105
0.00398993
0.00500989
0.00418496
0.00499988
0.00501323
0.00400043
0.00400090
0.00500226
0.00450563
0.00500941
0.00503612
0.00501037
0.00399137
0.00504398
0.00500178
0.00399971
0.00530171
0.00500035
0.00501060
0.00499988
0.00500965
0.00500178
0.00500989
0.00500274
0.00499988
0.00550270
0.00499964
0.00532603
0.00499916
0.00600529
0.00600195
0.00600529
0.00500011
0.00600171
0.00599933
0.00600028
0.00499916
0.00599957
0.00600696
0.00499964
0.00599504
0.00500107
0.00599885
0.00599766
0.00600123
0.00599933
0.00614882
0.00600195
0.00699997
0.00607991
0.00599957
0.00599551
0.00700068
0.00500655
0.00624013
0.00607514
0.00499940
0.00600767
0.00499940
0.00628042
0.00499892
0.00549459
0.00600052
0.00499940
0.00499940
0.00499940
0.00427341
0.00499964
0.00399947
0.00500131
0.00500083
0.00450230
0.00500059
0.00399184
0.00499964
0.00500441
0.00399470
0.00500369
0.00399947
0.00512648
0.00398803
0.00500083
0.00399089
0.00500035
0.00399947
0.00499487
0.00437260
0.00500011
0.00450110
0.00405669
0.00500035
0.00399923
0.00499558
0.00399971
0.00500131
0.00399995
0.00499773
0.00399947
0.00500441
0.00500989
0.00500131
0.00500965
0.00500154
0.00501013
0.00399971
0.00501537
0.00363898
0.00399947
0.00500917
0.00413156
0.00499988
0.00500178
0.00513577
0.00448775
0.00501323
0.00501108
0.00499082
0.00441504
0.00500655
0.00500154
0.00500727
0.00500202
0.00500154
0.00500369
0.00399923
0.00400186
0.00500250
0.00449991
0.00500035
0.00399899
0.00500035
0.00423837
0.00499010
0.00398803
0.00501609
0.00399065
0.00399923
0.00516820
0.00430274
0.00500154
0.00399923
0.00500321
0.00499964
0.00450659
0.00500321
0.00398946
0.00499988
0.00500846
0.00399113
0.00500154
0.00500655
0.00399995
0.00499582
0.00501037
0.00500655
0.00442457
0.00500655
0.00499487
0.00503993
0.00400138
0.00500035
0.00399995
0.00507498
0.00418639
0.00500178
0.00499511
