0.00399971
0.00499988
0.00399971
0.00497651
0.00500965
0.00498796
0.00500011
0.00525355
0.00500107
0.00399947
0.00452018
0.00399923
0.00400043
0.00500011
0.00398755
0.00455618
0.00399899
0.00399399
0.00500059
0.00398827
0.00399590
0.00500989
0.00500154
0.00399923
0.00500226
0.00499249
0.00449729
0.00399756
0.00399256
0.00399518
0.00440168
0.00400019
0.00500226
0.00500083
0.00522852
0.00500107
0.00399947
0.00499940
0.00399327
0.00500917
0.00499964
0.00399899
0.00500154
0.00503421
0.00500035
0.00499988
0.00440359
0.00500727
0.00499487
0.00399995
0.00500035
0.00526571
0.00522304
0.00399947
0.00499916
0.00399256
0.00400043
0.00434184
0.00399923
0.00537443
0.00501084
0.00399876
0.00399256
0.00399303
0.00500131
0.00399971
0.00399423
0.00399947
0.00399923
0.00399947
0.00399899
0.00417328
0.00399923
0.00400209
0.00500059
0.00499940
0.00499940
0.00500011
0.00399947
0.00500107
0.00499988
0.00449419
0.00499892
0.00499392
0.00600195
0.00600791
0.00549197
0.00559473
0.00600290
0.00503254
0.00599980
0.00399923
0.00399923
0.00399232
0.00400019
0.00500178
0.00499964
0.00499940
0.00499773
0.00399876
0.00499940
0.00500655
0.00600314
0.00550890
0.00503254
0.00499988
0.00500798
0.00499964
0.00500011
0.00520658
0.00399947
0.00417280
0.00399947
