0.00500131
0.00702167
0.00599933
0.00522256
0.00600648
0.00599408
0.00700021
0.00699997
0.00600052
0.00600028
0.00599980
0.00699997
0.00599980
0.00599980
0.00599861
0.00605178
0.00651550
0.00600481
0.00599957
0.00601006
0.00648856
0.00626445
0.00599742
0.00627065
0.00599909
0.00671911
0.00599957
0.00700283
0.00600004
0.00750899
0.00599933
0.00599813
0.00600171
0.00599766
0.00599957
0.00642014
0.00599980
0.00599504
0.00600004
0.00602674
0.00600195
0.00599957
0.00550270
0.00500011
0.00599933
0.00601840
0.00599384
0.00499892
0.00599957
0.00599980
0.00599313
0.00599980
0.00599933
0.00601959
0.00599957
0.00653195
0.00599909
0.00600839
0.00600195
0.00600529
0.00526643
0.00599861
0.00600004
0.00599980
0.00665855
0.00634336
0.00700164
0.00645065
0.00665498
0.00600004
0.00700283
0.00599957
0.00599337
0.00600910
0.00599933
0.00600433
0.00614786
0.00600004
0.00599980
0.00700235
0.00600982
0.00599980
0.00550342
0.00599504
0.00599909
0.00621748
0.00599933
0.00598884
0.00599885
0.00599909
0.00599742
0.00599980
0.00599980
0.00671864
0.00700164
0.00550437
0.00600004
0.00529575
0.00599408
0.00599957
0.00599885
0.00605989
0.00499654
0.00600052
0.00598884
0.00509810
0.00598931
0.00600028
0.00604868
0.00599933
0.00637388
0.00616932
0.00599051
0.00499749
0.00599122
0.00599957
0.00599098
0.00600004
0.00599980
0.00600815
0.00600576
0.00599980
0.00652432
0.00663137
0.00645614
0.00599599
0.00600100
0.00498915
0.00700212
0.00598931
0.00598979
0.00600004
0.00599980
0.00601053
0.00600100
0.00620103
0.00700164
0.00598955
0.00534058
0.00599957
0.00599146
0.00600219
0.00600028
0.00599456
0.00507212
0.00700259
0.00599194
0.00600123
0.00703025
0.00600123
0.00600791
0.00705314
0.00620079
0.00651240
0.00599980
0.00602245
0.00600171
0.00644112
0.00600100
0.00619888
0.00651908
0.00652242
0.00599098
0.00599933
0.00700235
0.00599957
0.00600791
0.00602508
0.00599051
0.00603628
0.00700045
0.00518632
0.00703096
0.00600123
0.00600481
0.00544477
0.00700521
0.00600529
0.00599933
0.00600171
0.00600100
0.00600195
0.00599957
0.00598979
0.00599957
0.00603318
0.00550151
0.00545931
0.00604320
0.00596118
0.00522733
0.00600004
0.00639868
0.00650215
0.00650620
0.00558901
0.00603557
0.00600147
0.00599074
0.00599289
0.00500011
0.00599790
0.00600219
0.00598812
0.00600004
0.00598764
0.00541234
0.00600100
0.00518107
0.00599146
0.00604868
0.00599027
0.00600004
0.00602174
0.00600004
0.00550461
0.00498915
0.00499940
0.00500035
0.00548863
0.00548267
0.00536633
0.00499010
0.00600123
0.00498867
0.00499892
0.00599957
0.00601006
0.00599623
0.00550246
0.00600052
0.00599194
0.00612426
0.00599933
0.00539041
0.00599861
0.00499153
0.00600195
0.00498772
0.00600052
0.00599337
0.00600004
0.00551105
0.00506377
0.00600004
0.00600100
0.00600100
0.00599742
0.00499940
0.00599909
0.00599933
0.00531983
0.00600076
0.00499916
0.00499916
0.00600672
0.00541997
0.00610256
0.00600147
0.00499988
0.00619555
0.00599980
0.00499034
0.00499916
0.00499010
0.00600028
0.00599933
0.00600147
0.00599980
0.00619102
0.00499296
0.00550389
0.00499988
0.00493789
0.00599146
0.00598979
0.00600982
0.00600004
0.00600004
0.00603485
0.00539064
0.00599980
0.00499916
0.00500131
0.00519800
0.00526357
0.00499940
0.00600076
0.00503492
0.00499034
0.00600052
0.00499010
0.00600076
0.00600100
0.00599694
0.00700784
0.00601506
0.00607085
0.00499940
0.00600123
0.00498939
0.00599980
0.00499392
0.00600505
0.00599432
0.00599980
0.00649238
0.00600100
0.00600147
0.00499368
0.00600100
0.00499988
0.00550294
0.00499296
0.00640893
0.00499916
0.00625777
0.00600028
0.00600147
0.00700164
0.00526285
0.00600004
0.00599527
0.00651050
0.00600028
0.00599933
0.00600147
0.00600028
0.00623703
0.00600767
0.00600028
0.00550032
0.00600171
0.00575542
0.00599027
0.00615263
0.00599980
0.00601792
0.00500035
0.00550866
0.00600052
0.00528765
0.00599790
0.00629091
0.00599957
0.00614142
0.00600028
0.00599289
0.00699997
0.00600028
0.00650811
0.00599957
0.00575233
0.00599718
0.00649619
0.00599504
0.00700259
0.00599360
0.00599980
0.00599957
0.00599957
0.00700188
0.00599241
0.00608397
0.00600314
0.00599909
0.00628853
0.00700879
0.00612617
0.00599527
0.00683522
0.00649691
0.00499940
0.00598812
0.00695896
0.00599933
0.00602412
0.00600004
0.00551009
0.00612593
0.00700212
0.00700116
0.00600004
0.00599957
0.00599957
0.00599909
0.00600863
0.00723362
0.00700855
0.00690699
0.00700855
0.00599933
0.00517654
0.00605083
0.00599980
0.00598788
0.00599980
0.00697041
0.00644445
0.00635052
0.00700855
0.00599170
0.00548649
0.00699353
0.00651097
0.00649548
0.00700045
0.00599957
0.00499868
0.00650430
0.00600100
0.00599909
0.00559258
0.00633764
0.00600076
0.00551486
0.00599957
0.00600815
0.00550508
0.00599957
0.00499964
0.00599980
0.00600004
0.00623512
0.00599957
0.00511122
0.00600004
0.00599957
0.00600076
0.00599241
0.00600076
0.00600147
0.00600576
0.00599384
0.00602770
0.00600171
0.00539565
0.00599980
0.00702190
0.00600076
0.00610709
0.00600004
0.00700116
0.00600314
0.00671411
0.00650358
0.00598693
0.00499463
0.00527978
0.00600100
0.00600195
0.00598955
0.00499916
0.00600100
0.00600004
0.00599957
0.00599957
0.00600743
0.00600076
0.00550365
0.00599289
0.00617480
0.00600100
0.00600028
0.00600147
0.00499940
0.00561428
0.00616622
0.00599313
0.00600624
0.00600362
0.00599957
0.00549650
0.00599980
0.00600004
0.00599980
0.00599933
0.00600052
0.00804329
0.00600123
0.00736523
0.00600004
0.00599980
0.00601101
0.00600171
0.00650287
0.00599194
0.00599146
0.00619411
0.00550127
0.00623775
0.00599980
0.00648093
0.00599957
0.00501180
0.00499368
0.00599980
0.00601125
0.00600100
0.00550365
0.00500011
0.00600076
0.00599241
0.00599861
0.00599456
0.00633812
0.00599980
0.00600004
0.00600481
0.00500011
0.00599980
0.00684261
0.00515938
0.00599432
0.00599957
0.00561666
0.00600529
0.00600100
0.00600028
0.00599146
0.00599957
0.00643063
0.00711107
0.00600076
0.00601220
0.00600123
0.00559902
0.00609159
0.00595379
0.00670266
0.00533056
0.00600672
0.00599241
0.00599551
0.00700235
0.00531960
0.00600004
0.00600195
0.00700021
0.00550270
0.00600171
0.00641251
0.00650454
0.00500035
0.00601101
0.00600004
0.00600004
0.00600147
0.00575328
0.00600433
0.00599980
0.00546360
0.00499964
0.00600147
0.00499225
0.00612807
0.00599957
0.00599957
0.00599504
0.00726438
0.00599980
0.00600386
0.00599909
0.00599933
0.00600243
0.00599933
0.00518894
0.00600529
0.00599980
0.00600481
0.00599980
0.00599909
0.00599194
0.00701952
0.00599885
0.00699258
0.00800157
0.00700545
0.00750375
0.00800133
0.00700045
0.00735950
0.00742364
0.00699210
0.00800037
0.00721550
0.00700116
0.00699306
0.00701284
0.00699949
0.00650358
0.00599957
0.00600004
0.00703597
0.00741291
0.00632524
0.00700045
0.00700021
0.00700235
0.00599980
0.00699997
0.00628471
0.00651050
0.00727153
0.00698876
0.00599217
0.00599957
0.00600576
0.00700045
0.00599194
0.00599933
0.00600052
0.00600004
0.00708842
0.00599933
0.00650120
0.00600171
0.00700641
0.00600171
0.00600028
0.00599194
0.00599957
0.00601172
0.00499487
0.00599408
0.00499344
0.00599980
0.00600147
0.00499392
0.00550413
0.00499368
0.00600100
0.00499964
0.00499964
0.00600052
0.00599980
0.00499892
0.00599957
0.00599980
0.00499916
0.00599241
0.00499916
0.00600219
0.00645137
0.00599980
0.00641274
0.00499916
0.00600886
0.00638890
0.00607657
0.00648999
0.00600147
0.00600171
0.00498915
0.00600767
0.00599980
0.00650430
0.00599957
0.00600004
0.00599957
0.00599957
0.00600100
0.00600100
0.00600505
0.00500035
0.00599694
0.00669909
0.00600171
0.00601482
0.00600195
0.00650477
0.00599980
0.00600982
0.00597262
0.00600147
0.00700164
0.00598836
0.00622368
0.00599885
0.00600815
0.00600004
0.00625014
0.00599980
0.00646210
0.00599146
0.00700259
0.00599980
0.00599718
0.00700021
0.00637937
0.00700212
0.00700879
0.00599170
0.00599146
0.00703049
0.00700021
0.00599146
0.00599980
0.00641108
0.00701165
0.00736952
0.00599957
0.00739908
0.00599098
0.00599957
0.00605726
0.00699997
0.00702333
0.00599170
0.00730610
0.00600004
0.00702405
0.00623822
0.00537419
0.00598240
0.00623465
0.00599623
0.00636435
0.00700974
0.00700998
0.00601602
0.00599122
0.00551939
0.00599742
0.00599933
0.00599933
0.00615406
0.00600100
0.00619483
0.00600982
0.00599885
0.00600004
0.00599933
0.00600338
0.00628114
0.00553513
0.00651097
0.00599957
0.00499988
0.00599098
0.00598931
0.00499535
0.00599766
0.00598574
0.00520015
0.00553107
0.00601125
0.00601411
0.00599957
0.00651693
0.00599813
0.00505137
0.00600028
0.00499988
0.00499892
0.00600171
0.00600028
0.00600886
0.00599957
0.00500131
0.00599170
0.00600672
0.00600076
0.00500202
0.00499940
0.00551605
0.00499701
0.00600171
0.00521636
0.00600123
0.00601101
0.00618553
0.00633121
0.00600696
0.00600028
0.00735712
0.00550389
0.00663781
0.00600171
0.00682473
0.00632024
0.00699997
0.00599980
0.00599933
0.00699949
0.00600004
0.00599957
0.00499988
0.00499916
0.00498819
0.00499439
0.00599909
0.00599957
0.00599980
0.00500631
0.00600243
0.00599980
0.00625229
0.00599289
0.00600052
0.00499201
0.00499940
0.00499940
0.00600147
0.00500464
0.00499964
0.00601006
0.00601721
0.00650024
0.00537133
0.00600886
0.00500035
0.00499988
0.00600147
0.00599980
0.00600481
0.00549555
0.00601077
0.00550485
0.00499892
0.00599980
0.00600004
0.00499105
0.00511885
0.00600028
0.00549197
0.00499201
0.00499964
0.00600934
0.00499988
0.00502396
0.00600481
0.00564551
0.00525999
0.00610280
0.00500512
0.00499964
0.00600219
0.00600982
0.00526667
0.00599742
0.00615215
0.00600076
0.00538993
0.00600815
0.00600886
0.00600362
0.00499749
0.00606537
0.00499964
0.00600147
0.00499964
0.00599861
0.00499964
0.00500059
0.00400043
0.00500131
0.00499964
0.00419831
0.00500154
0.00519466
0.00499964
0.00500178
0.00400686
0.00449872
0.00500154
0.00500154
0.00399566
0.00399923
0.00499821
0.00499940
0.00499964
0.00499988
0.00499988
0.00500035
0.00500035
0.00599980
0.00600028
0.00499916
0.00499940
0.00450397
0.00499463
0.00499344
0.00600719
0.00649595
0.00598884
0.00499964
0.00599146
0.00519323
0.00544429
0.00600147
0.00741625
0.00599980
0.00499129
0.00600147
0.00599980
0.00600100
0.00600052
0.00600290
0.00599957
0.00700045
0.00599980
0.00600004
0.00600028
0.00599980
0.00600171
0.00599098
0.00652575
0.00599170
0.00599980
0.00600171
0.00600910
0.00599098
0.00701141
0.00610209
0.00622869
0.00605106
0.00700450
0.00700045
0.00608301
0.00649285
0.00600171
0.00700974
0.00622559
0.00599957
0.00702596
0.00599885
0.00598812
0.00602078
0.00599957
0.00599122
0.00600147
0.00600004
0.00631666
0.00599694
0.00599051
0.00600004
0.00700021
0.00700045
0.00599933
0.00599313
0.00599980
0.00618029
0.00599933
0.00600243
0.00600028
0.00550151
0.00706148
0.00600171
0.00614643
0.00619507
0.00599980
0.00599980
0.00650573
0.00629139
0.00599909
0.00600028
0.00701499
0.00700831
0.00618982
0.00700831
0.00642800
0.00700903
0.00599146
0.00600004
0.00712967
0.00700116
0.00751162
0.00699210
0.00699925
0.00701356
0.00699997
0.00714207
0.00699997
0.00699925
0.00699973
0.00700092
0.00753236
0.00716090
0.00749207
0.00713062
0.00699139
0.00600123
0.00800848
0.00718427
0.00718927
0.00599861
0.00700116
0.00713468
0.00700021
0.00600052
0.00599957
0.00598931
0.00600553
0.00599980
0.00600576
0.00599933
0.00550532
0.00500011
0.00599909
0.00633597
0.00652051
0.00499916
0.00577497
0.00600076
0.00600839
0.00599957
0.00600171
0.00601101
0.00600171
0.00550079
0.00499916
0.00598884
0.00600004
0.00586009
0.00630093
0.00600863
0.00625849
0.00600052
0.00499105
0.00499940
0.00498986
0.00500417
0.00600076
0.00552416
0.00600100
0.00499940
0.00600195
0.00599980
0.00606155
0.00499964
0.00626922
0.00499988
0.00499964
0.00499392
0.00499940
0.00500059
0.00600791
0.00600004
0.00650430
0.00530601
0.00499988
0.00601077
0.00499964
0.00499988
0.00499940
0.00501108
0.00522232
0.00399947
0.00511789
0.00500202
0.00399995
0.00449276
0.00500035
0.00407934
0.00500035
0.00506544
0.00500035
0.00500131
0.00500011
0.00399876
0.00499940
0.00399113
0.00399899
0.00499988
0.00401402
0.00399327
0.00550556
0.00399828
0.00399399
0.00399947
0.00450945
0.00500011
0.00500011
0.00500083
0.00500083
0.00399351
0.00399327
0.00500154
0.00399590
0.00509834
0.00500011
0.00500011
0.00399947
0.00399947
0.00402045
0.00534606
0.00500154
0.00400496
0.00399923
0.00399971
0.00512838
0.00499964
0.00518870
0.00399590
0.00501227
0.00500011
0.00500011
0.00399637
0.00544047
0.00500011
0.00540113
0.00500655
0.00500011
0.00399184
0.00399232
0.00399041
0.00399947
0.00499964
0.00399256
0.00500178
0.00399995
0.00399923
0.00518847
0.00500154
0.00500011
0.00500011
0.00500607
0.00399089
0.00410128
0.00500011
0.00450397
0.00399923
0.00399375
0.00400043
0.00399923
0.00500131
0.00500011
0.00500154
0.00500846
0.00399971
0.00504518
0.00538325
0.00499225
0.00499773
0.00501370
0.00500131
0.00500107
0.00500417
0.00599980
0.00550556
0.00499511
0.00513339
0.00499964
0.00499916
