0.00200129
0.00500131
0.00500226
0.00519252
0.00600171
0.00502014
0.00499511
0.00450397
0.00500631
0.00500464
0.00447965
0.00499964
0.00500154
0.00500035
0.00510693
0.00500107
0.00499988
0.00499988
0.00499582
0.00547743
0.00499964
0.00500154
0.00500154
0.00499558
0.00450373
0.00499916
0.00500011
0.00501013
0.00436735
0.00499916
0.00499153
0.00500870
0.00499249
0.00500035
0.00441003
0.00528646
0.00499153
0.00499916
0.00500107
0.00600004
0.00399113
0.00500059
0.00508690
0.00500059
0.00399995
0.00499916
0.00501013
0.00417781
0.00500107
0.00500178
0.00500154
0.00500536
0.00399876
0.00499749
0.00499487
0.00500631
0.00500083
0.00400138
0.00500178
0.00500989
0.00407672
0.00500131
0.00399947
0.00500011
0.00401211
0.00499892
0.00500250
0.00417686
0.00500083
0.00500965
0.00399137
0.00500965
0.00501370
0.00451708
0.00500178
0.00566030
0.00508308
0.00500059
0.00450325
0.00399923
0.00499988
0.00500989
0.00599170
0.00500011
0.00418472
0.00500035
0.00399995
0.00534201
0.00500011
0.00499988
0.00500011
0.00400019
0.00500202
0.00399947
0.00503898
0.00507927
0.00399971
0.00500178
0.00399947
0.00500631
0.00499511
0.00499988
0.00500989
0.00403976
0.00500178
0.00400090
0.00425363
0.00498772
0.00399971
0.00549650
0.00499964
0.00399923
0.00519586
0.00500536
0.00399923
0.00499940
0.00399923
0.00499964
0.00399923
0.00499964
0.00427604
0.00500560
0.00399876
0.00499988
0.00399947
0.00573325
0.00500107
0.00500703
0.00500655
0.00450110
0.00399137
0.00499988
0.00399995
0.00500202
0.00375223
0.00500655
0.00548410
0.00500631
0.00400066
0.00499463
0.00500202
0.00500178
0.00424528
0.00399947
0.00499964
0.00505662
0.00399971
0.00400114
0.00499964
0.00500512
0.00400043
0.00500703
0.00500202
0.00500154
0.00399947
0.00499964
0.00399899
0.00499940
0.00399947
0.00500345
0.00424838
0.00534916
0.00522137
0.00500655
0.00400877
0.00557256
0.00500345
0.00500202
0.00452590
0.00399971
0.00513744
0.00500131
0.00499940
0.00500059
0.00507927
0.00400138
0.00500226
0.00500131
0.00516343
0.00499940
0.00399947
0.00430560
0.00499487
0.00450468
0.00499463
0.00500631
0.00500011
0.00499749
0.00500178
0.00500751
0.00499988
0.00466323
0.00506186
0.00499988
0.00499988
0.00500512
0.00500536
0.00599957
0.00501466
0.00499988
0.00536799
0.00500154
0.00500131
0.00500584
0.00500059
0.00424862
0.00499368
0.00546145
0.00567198
0.00521517
0.00501609
0.00500083
0.00550032
0.00511599
0.00599694
0.00500202
0.00499940
0.00500226
0.00500011
0.00600076
0.00499964
0.00499964
0.00499988
0.00526309
0.00534177
0.00499988
0.00499964
0.00500107
0.00500107
0.00524592
0.00646210
0.00500250
0.00599909
0.00514269
0.00500083
0.00499988
0.00528693
0.00604105
0.00533152
0.00500703
0.00499964
0.00500131
0.00499940
0.00500083
0.00550628
0.00500250
0.00499964
0.00399947
0.00500250
0.00577259
0.00550437
0.00507522
0.00470662
0.00500178
0.00539160
0.00500107
0.00399446
0.00518680
0.00500631
0.00509429
0.00500131
0.00500107
0.00528383
0.00499988
0.00500059
0.00598788
0.00499916
0.00580621
0.00500035
0.00500011
0.00533104
0.00500107
0.00500607
0.00499940
0.00500536
0.00449204
0.00499344
0.00500655
0.00499988
0.00500250
0.00500536
0.00400138
0.00500607
0.00415134
0.00550365
0.00399923
0.00527620
0.00399971
0.00500035
0.00489211
0.00500965
0.00599265
0.00420523
0.00500107
0.00506067
0.00500631
0.00500417
0.00411439
0.00510383
0.00400090
0.00500154
0.00500107
0.00550508
0.00399947
0.00449109
0.00500202
0.00399971
0.00500631
0.00500178
0.00500202
0.00400090
0.00499988
0.00399899
0.00499892
0.00399947
0.00499940
0.00399899
0.00500083
0.00500059
0.00500131
0.00450349
0.00500178
0.00500607
0.00399923
0.00500703
0.00500107
0.00399995
0.00499964
0.00411177
0.00500202
0.00499940
0.00500965
0.00499177
0.00418115
0.00500083
0.00500178
0.00507450
0.00399971
0.00450611
0.00500250
0.00499916
0.00411868
0.00499964
0.00500035
0.00499940
0.00467753
0.00426793
0.00499988
0.00500083
0.00499868
0.00520563
0.00399899
0.00499940
0.00500059
0.00499892
0.00479960
0.00453639
0.00500202
0.00500679
0.00399923
0.00499964
0.00500083
0.00500178
0.00399971
0.00499964
0.00500202
0.00399923
0.00509262
0.00499988
0.00500035
0.00517511
0.00400114
0.00500011
0.00399947
0.00543356
0.00399899
0.00499463
0.00500059
0.00499868
0.00499988
0.00399923
0.00399971
0.00500011
0.00501728
0.00500965
0.00500631
0.00500464
0.00501013
0.00499105
0.00499868
0.00500035
0.00398874
0.00522923
0.00501013
0.00500441
0.00501013
0.00399208
0.00499916
0.00399947
0.00499964
0.00399804
0.00500131
0.00399923
0.00499654
0.00499940
0.00500059
0.00511432
0.00500131
0.00499916
0.00450444
0.00500154
0.00501180
0.00500965
0.00400066
0.00501060
0.00400066
0.00500631
0.00399947
0.00500989
0.00499153
0.00500631
0.00500250
0.00500011
0.00500011
0.00499988
0.00591207
0.00500417
0.00501704
0.00500202
0.00500202
0.00500178
0.00500679
0.00398946
0.00498247
0.00500822
0.00500321
0.00499845
0.00399947
0.00500607
0.00515628
0.00500345
0.00500131
0.00499916
0.00499988
0.00500250
0.00611711
0.00424051
0.00499177
0.00399899
0.00500083
0.00444531
0.00500011
0.00500989
0.00500154
0.00400162
0.00499964
0.00500059
0.00500154
0.00499916
0.00424671
0.00499129
0.00501633
0.00399947
0.00508857
0.00457525
0.00400209
0.00498962
0.00501132
0.00513268
0.00509429
0.00500035
0.00399041
0.00499129
0.00400138
0.00499988
0.00399995
0.00500655
0.00500941
0.00400114
0.00499964
0.00500154
0.00487351
0.00499082
0.00500941
0.00501800
0.00399184
0.00400877
0.00499940
0.00399947
0.00500011
0.00399947
0.00500345
0.00399065
0.00499964
0.00500178
0.00501037
0.00512791
0.00502968
0.00450397
0.00547361
0.00499988
0.00500154
0.00500250
0.00535202
0.00500035
0.00500202
0.00499916
0.00537872
0.00501037
0.00500107
0.00518537
0.00500131
0.00529027
0.00522017
0.00499916
0.00552773
0.00500178
0.00547075
0.00503325
0.00499940
0.00500083
0.00600386
0.00499940
0.00499940
0.00499964
0.00499439
0.00499964
0.00499487
0.00534248
0.00601554
0.00599909
0.00550246
0.00600886
0.00541902
0.00599146
0.00600028
0.00500107
0.00600171
0.00551581
0.00600934
0.00599098
0.00600958
0.00604033
0.00601006
0.00600243
0.00599957
0.00620127
0.00600004
0.00599742
0.00600314
0.00606847
0.00600982
0.00599408
0.00633216
0.00525045
0.00599909
0.00633764
0.00599980
0.00614309
0.00598645
0.00626087
0.00600815
0.00599146
0.00599957
0.00620389
0.00599837
0.00601149
0.00542712
0.00599170
0.00600314
0.00599980
0.00599980
0.00596285
0.00600958
0.00647712
0.00651717
0.00600004
0.00499129
0.00599122
0.00599957
0.00600839
0.00600147
0.00499177
0.00600147
0.00600028
0.00600266
0.00546765
0.00609088
0.00500178
0.00499177
0.00600410
0.00600052
0.00599957
0.00600815
0.00500059
0.00599957
0.00499964
0.00600982
0.00600815
0.00606990
0.00603151
0.00500059
0.00599790
0.00499988
0.00599980
0.00550628
0.00500107
0.00614095
0.00601006
0.00599957
0.00500154
0.00600171
0.00600982
0.00520754
0.00500011
0.00600863
0.00600767
0.00499940
0.00600648
0.00499940
0.00550461
0.00600052
0.00500059
0.00599551
0.00499249
0.00506210
0.00499916
0.00500512
0.00516891
0.00499988
0.00499964
0.00400162
0.00500226
0.00514078
0.00499272
0.00423765
0.00500226
0.00437236
0.00500011
0.00399947
0.00500178
0.00500846
0.00500250
0.00500655
0.00500631
0.00500178
0.00399089
0.00418067
0.00500107
0.00500250
0.00500131
0.00500774
0.00501084
0.00399733
0.00499940
0.00433922
0.00500107
0.00500321
0.00511479
0.00501060
0.00500131
0.00500989
0.00501919
0.00400138
0.00499249
0.00399947
0.00500321
0.00514674
0.00500178
0.00500226
0.00500870
0.00502253
0.00523090
0.00552201
0.00500631
0.00499439
0.00501060
0.00500035
0.00499916
0.00500035
0.00500965
0.00500822
0.00499177
0.00500035
0.00499940
0.00399947
0.00500870
0.00435257
0.00501609
0.00437808
0.00500059
0.00550532
0.00499940
0.00500131
0.00500703
0.00411654
0.00500202
0.00512719
0.00500250
0.00500154
0.00417352
0.00500631
0.00500083
0.00500035
0.00500751
0.00399947
0.00514340
0.00500083
0.00499868
0.00501394
0.00499988
0.00399899
0.00499940
0.00503588
0.00507569
0.00500035
0.00399899
0.00535917
0.00500202
0.00500202
0.00404453
0.00499463
0.00500846
0.00399947
0.00499916
0.00499964
0.00550628
0.00500011
0.00499988
0.00500083
0.00399947
0.00500059
0.00399995
0.00499940
0.00500131
0.00499892
0.00500107
0.00399876
0.00499964
0.00500154
0.00399947
0.00500226
0.00399971
0.00499940
0.00516963
0.00500107
0.00500059
0.00500202
0.00500035
0.00500631
0.00500011
0.00499916
0.00500083
0.00400233
0.00500965
0.00499964
0.00502110
0.00500131
0.00499988
0.00508666
0.00399971
0.00450373
0.00500059
0.00447655
0.00451684
0.00499988
0.00399184
0.00499964
0.00500035
0.00400019
0.00499392
0.00399971
0.00499988
0.00500011
0.00400162
0.00500178
0.00416684
0.00499940
0.00500512
0.00452518
0.00500774
0.00399256
0.00500512
0.00499964
0.00399995
0.00500154
0.00500512
0.00500178
0.00499916
0.00500011
0.00399947
0.00500035
0.00399923
0.00499964
0.00502157
0.00399971
0.00499988
0.00450373
0.00500059
0.00450349
0.00400114
0.00499892
0.00399947
0.00500035
0.00399971
0.00499964
0.00399923
0.00499988
0.00500059
0.00399923
0.00500560
0.00399303
0.00500202
0.00500035
0.00499940
0.00400162
0.00500369
0.00499940
0.00429082
0.00449538
0.00499916
0.00500107
0.00399351
0.00499535
0.00500560
0.00400567
0.00499392
0.00502682
0.00399923
0.00499940
0.00513434
0.00399923
0.00501871
0.00400019
0.00500202
0.00399899
0.00499964
0.00500035
0.00500202
0.00500011
0.00399947
0.00510812
0.00500131
0.00399852
0.00500751
0.00501251
0.00500226
0.00500488
0.00503588
0.00500202
0.00550461
0.00399041
0.00499940
0.00500011
0.00501013
0.00399923
0.00500154
0.00418901
0.00500345
0.00399876
0.00500369
0.00399899
0.00500178
0.00561643
0.00427985
0.00507879
0.00498772
0.00500822
0.00500274
0.00524449
0.00500965
0.00432920
0.00500202
0.00501156
0.00501132
0.00500536
0.00465059
0.00500464
0.00499487
0.00500202
0.00499988
0.00399947
0.00499988
0.00500059
0.00500131
0.00495911
0.00449395
0.00500059
0.00500226
0.00500941
0.00399971
0.00500131
