0.00199842
0.00500488
0.00399423
0.00499821
0.00399899
0.00399971
0.00536990
0.00501037
0.00400138
0.00450468
0.00528955
0.00500107
0.00398898
0.00500154
0.00399995
0.00499988
0.00500035
0.00399947
0.00508332
0.00399923
0.00400162
0.00510621
0.00399923
0.00399876
0.00500131
0.00399947
0.00400114
0.00468183
0.00499988
0.00399995
0.00499988
0.00499725
0.00400162
0.00500226
0.00500369
0.00500154
0.00499988
0.00500083
0.00499988
0.00500751
0.00399351
0.00504041
0.00442791
0.00462723
0.00399971
0.00500655
0.00499487
0.00500345
0.00399971
0.00500202
0.00599885
0.00500011
0.00399971
0.00499964
0.00399971
0.00499964
0.00399947
0.00499916
0.00499344
0.00499892
0.00500274
0.00439787
0.00399208
0.00455356
0.00500512
0.00505233
0.00500035
0.00399995
0.00500607
0.00549531
0.00399947
0.00500178
0.00500250
0.00500655
0.00549078
0.00425410
0.00499964
0.00500107
0.00500083
0.00500154
0.00452566
0.00500154
0.00505090
0.00500154
0.00500059
0.00399852
0.00500703
0.00499415
0.00514436
0.00499940
0.00499964
0.00499988
0.00499964
0.00521803
0.00400019
0.00500011
0.00415111
0.00500536
0.00400090
0.00500035
0.00500107
0.00399899
0.00538325
0.00500679
0.00399923
0.00500011
0.00400114
0.00400138
0.00499964
0.00400138
0.00400090
0.00499511
0.00399971
0.00500154
0.00502205
0.00499511
0.00400019
0.00501037
0.00399446
0.00515389
0.00499177
0.00400090
0.00499868
0.00500512
0.00501013
0.00450540
0.00500059
0.00499964
0.00500011
0.00501370
0.00498772
0.00500178
0.00500250
0.00399971
0.00500011
0.00500107
0.00399971
0.00499916
0.00500011
0.00500154
0.00400019
0.00601196
0.00599837
0.00399971
0.00500083
0.00399923
0.00543261
0.00500154
0.00400138
0.00500226
0.00499988
0.00400138
0.00517225
0.00401735
0.00467968
0.00650525
0.00499177
0.00500178
0.00400233
0.00499916
0.00499177
0.00486898
0.00499082
0.00399065
0.00499153
0.00398326
0.00499034
0.00500298
0.00500202
0.00399971
0.00550580
0.00540447
0.00500131
0.00499701
0.00451422
0.00400710
0.00507545
0.00399995
0.00499678
0.00499964
0.00399947
0.00499988
0.00399923
0.00499988
0.00399947
0.00511122
0.00399923
0.00500536
0.00410199
0.00530028
0.00399995
0.00500798
0.00553274
0.00500679
0.00500202
0.00399971
0.00500703
0.00445986
0.00500679
0.00399947
0.00500178
0.00500512
0.00500679
0.00499535
0.00412035
0.00400233
0.00449896
0.00500154
0.00499988
0.00500083
0.00499892
0.00501084
0.00499105
0.00500107
0.00472307
0.00399876
0.00499940
0.00519586
0.00399995
0.00518227
0.00500226
0.00550461
0.00460505
0.00399995
0.00450325
0.00477028
0.00504160
0.00400019
0.00500512
0.00436902
0.00399947
0.00499177
0.00399995
0.00499439
0.00449514
0.00499606
0.00499892
0.00500011
0.00399995
0.00540185
0.00499201
0.00496268
0.00470018
0.00417328
0.00539279
0.00399947
0.00500417
0.00399947
0.00500035
0.00399923
0.00500703
0.00399947
0.00500560
0.00499463
0.00448847
0.00399923
0.00500512
0.00399947
0.00501776
0.00430107
0.00449896
0.00500202
0.00399971
0.00500059
0.00500441
0.00500584
0.00499392
0.00399733
0.00500035
0.00399971
0.00431347
0.00399923
0.00500870
0.00399995
0.00504279
0.00399971
0.00507426
0.00500059
0.00399876
0.00517988
0.00457168
0.00399971
0.00500274
0.00500655
0.00502658
0.00399971
0.00500536
0.00499392
0.00399995
0.00500035
0.00402403
0.00499511
0.00400019
0.00499940
0.00400138
0.00499964
0.00500083
0.00436187
0.00433517
0.00500035
0.00399995
0.00509024
0.00399971
0.00499940
0.00400090
0.00500202
0.00499916
0.00500035
0.00400162
0.00499964
0.00506949
0.00499463
0.00502062
0.00499344
0.00399947
0.00414562
0.00500417
0.00400162
0.00552988
0.00499988
0.00500035
0.00500178
0.00499964
0.00500894
0.00499058
0.00500226
0.00424910
0.00517631
0.00500488
0.00399971
0.00500298
0.00499916
0.00500512
0.00407863
0.00499558
0.00499964
0.00499725
0.00400019
0.00443387
0.00500202
0.00399923
0.00464106
0.00450325
0.00529671
0.00500274
0.00399971
0.00500035
0.00559497
0.00501013
0.00399971
0.00500083
0.00552249
0.00499535
0.00399995
0.00500035
0.00399971
0.00500679
0.00399423
0.00498819
0.00399137
0.00399947
0.00499845
0.00399923
0.00399971
0.00499940
0.00500178
0.00400138
0.00400114
0.00400090
0.00465083
0.00399923
0.00500011
0.00499940
0.00400209
0.00499558
0.00400019
0.00399971
0.00400162
0.00499558
0.00499964
0.00400043
0.00399971
0.00500011
0.00499940
0.00400138
0.00400138
0.00400138
0.00400162
0.00400043
0.00400090
0.00500131
0.00499868
0.00515223
0.00500298
0.00447774
0.00409937
0.00400138
0.00499988
0.00500202
0.00499916
0.00399852
0.00499701
0.00399995
0.00400305
0.00466418
0.00499153
0.00500965
0.00450754
0.00499845
0.00500989
0.00462103
0.00499988
0.00400090
0.00500727
0.00500870
0.00500631
0.00501251
0.00400090
0.00400186
0.00499892
0.00400090
0.00528169
0.00502348
0.00399184
0.00448704
0.00451040
0.00399137
0.00400209
0.00500250
0.00425911
0.00415468
0.00500870
0.00500369
0.00499797
0.00400019
0.00500178
0.00399923
0.00499105
0.00399995
0.00499487
0.00500178
0.00508308
0.00400186
0.00450659
0.00501013
0.00499105
0.00500870
0.00393748
0.00500870
0.00501919
0.00399923
0.00500202
0.00500751
0.00399899
0.00500989
0.00499964
0.00500989
0.00498986
0.00399804
0.00499177
0.00500846
0.00499558
0.00468898
0.00465059
0.00399947
0.00501084
0.00402832
0.00478935
0.00431490
0.00537276
0.00400162
0.00480604
0.00468040
0.00400186
0.00475526
0.00399923
0.00500488
0.00437880
0.00500751
0.00499415
0.00500417
0.00463867
0.00500727
0.00499940
0.00499129
0.00400019
0.00478244
0.00499988
0.00446653
0.00427747
0.00500250
0.00400114
0.00401497
0.00499296
0.00400710
0.00499964
0.00589609
0.00400138
0.00449347
0.00512743
0.00399184
0.00406694
0.00547051
0.00499129
0.00500107
0.00398827
0.00507832
0.00399113
0.00500822
0.00399113
0.00399995
0.00498819
0.00405908
0.00500274
0.00399065
0.00399947
0.00449252
0.00500846
0.00499153
0.00400019
0.00399947
0.00499177
0.00399876
0.00509715
0.00399947
0.00499129
0.00429654
0.00500035
0.00399685
0.00467658
0.00499082
0.00399756
0.00501919
0.00399852
0.00452566
0.00398755
0.00400782
0.00440073
0.00500894
0.00399375
0.00550342
0.00400758
0.00400090
0.00413990
0.00400233
0.00400186
0.00499129
0.00400114
0.00400090
0.00499964
0.00401402
0.00399828
0.00499916
0.00442028
0.00400138
0.00499177
0.00432086
0.00500965
0.00451303
0.00499153
0.00399995
0.00446510
0.00399923
0.00400090
0.00500226
0.00400090
0.00501156
0.00498986
0.00500154
0.00400615
0.00400090
0.00400138
0.00427604
0.00400138
0.00500679
0.00400090
0.00500441
0.00400209
0.00400090
0.00499868
0.00400019
0.00500202
0.00399995
0.00500035
0.00424528
0.00500178
0.00400114
0.00501013
0.00399947
0.00400162
0.00451469
0.00500965
0.00500846
0.00499272
0.00399923
0.00500035
0.00499988
0.00500059
0.00499964
0.00399995
0.00500035
0.00399923
0.00500655
0.00499439
0.00406075
0.00499964
0.00400567
0.00399971
0.00499988
0.00400162
0.00500059
0.00499940
0.00500512
0.00399947
0.00500011
0.00499940
0.00401068
0.00500035
0.00400162
0.00501537
0.00500178
0.00500107
0.00501013
0.00500202
0.00500154
0.00499988
0.00500989
0.00523400
0.00500631
0.00500369
0.00510764
0.00500131
0.00399971
0.00500989
0.00500035
0.00508666
0.00499082
0.00500083
0.00500870
0.00500059
0.00499916
0.00500083
0.00543475
0.00399923
0.00500894
0.00404644
0.00399709
0.00466824
0.00445700
0.00500274
0.00547814
0.00399971
0.00509548
0.00500178
0.00500011
0.00499988
0.00399971
0.00499988
0.00500226
0.00499940
0.00500131
0.00398922
0.00503922
0.00433779
0.00506639
0.00399971
0.00501418
0.00448227
0.00399995
0.00500083
0.00499916
0.00399947
0.00500107
0.00399995
0.00499201
0.00399256
0.00500011
0.00399923
0.00500846
0.00400162
0.00499845
0.00451756
0.00500035
0.00699973
0.00600004
0.00750184
0.00699973
0.00645804
0.00799990
0.00922704
0.00806522
0.00700450
0.00599980
0.00649023
0.00700092
0.00601244
0.00799966
0.00529504
0.00600410
0.01218534
0.00809765
0.00704598
0.00938106
0.00955009
0.00721025
0.00600243
0.00600290
0.00800848
0.00699258
0.00625682
0.00600672
0.00600171
0.01101184
0.01051545
0.00900793
0.00599337
0.01003075
0.01000762
0.00800681
0.00899935
0.01100683
0.00700593
0.00708723
0.00948882
0.00899386
0.00891852
0.00699735
0.00650430
0.00699925
0.00800467
0.00599957
0.00759888
0.00600648
0.00901341
0.01101065
0.00800014
0.00699735
0.00748587
0.00600004
0.01100731
0.00700426
0.00702190
0.01635838
0.00500751
0.00601077
0.00800848
0.00752592
0.01199889
0.00693178
0.01001167
0.00903749
0.00873256
0.00891590
0.00999784
0.00899315
0.01000094
0.00699663
0.00809312
0.00713515
0.00699997
0.00652099
0.00700760
0.01300025
0.00600195
0.01000619
0.01000023
0.00999212
0.00900269
0.00827885
0.01205945
0.00600338
0.00700831
0.00599980
0.00900674
0.00600600
0.00799847
0.01000643
0.00894833
0.00700712
0.00799894
0.00920606
0.01000357
0.00673866
0.00744247
0.00700092
0.00551462
0.00500178
0.00591803
0.00551748
0.00600839
0.00552011
0.00604773
0.00599766
0.00550818
0.00488853
0.00600481
0.00799203
0.00899601
0.00718999
0.00708914
0.00739098
0.00691271
0.00778151
0.00917339
0.00602984
0.00791311
0.00750971
0.00599909
0.00721049
0.00699830
0.00800014
0.00648141
