0.00699949
0.00928855
0.01000738
0.00799799
0.00699973
0.00700998
0.00699997
0.00651884
0.00700021
0.00699973
0.00700212
0.00625181
0.00899959
0.00700831
0.00699925
0.00952244
0.00671840
0.00651670
0.00911498
0.00801253
0.01100016
0.00801229
0.00649595
0.00599885
0.00799918
0.00709510
0.00600576
0.00804472
0.00900006
0.00799894
0.00800014
0.00945115
0.00700641
0.00799870
0.00717854
0.00900102
0.00730062
0.00699902
0.00700688
0.00614905
0.00701070
0.00818419
0.00700736
0.00699711
0.00899935
0.00901318
0.01053476
0.00800657
0.00600696
0.00664425
0.00646091
0.00600100
0.00702477
0.00799179
0.00699878
0.00803590
0.00899410
0.00799990
0.00699973
0.00599933
0.00599861
0.00791907
0.00699878
0.00932813
0.00801182
0.00900650
0.00755692
0.00798869
0.00997376
0.00899982
0.01241899
0.00800872
0.00900674
0.00613523
0.00501370
0.00600982
0.00652337
0.00702238
0.00699735
0.00608993
0.00601101
0.00900841
0.00934672
0.00798273
0.00899959
0.01013279
0.01141596
0.00698948
0.00700951
0.00799823
0.01008153
0.00833106
0.00799847
0.00649166
0.00799942
0.00801134
0.00700688
0.00802493
0.00713801
0.00700569
0.00695872
0.00795364
0.00999975
0.00728273
0.00701094
0.00802422
0.00749779
0.00651455
0.00600290
0.00602436
0.00700951
0.00601053
0.00600290
0.00702071
0.00951958
0.00802565
0.00800824
0.00821424
0.00750828
0.00550604
0.00600243
0.00518751
0.00622249
0.00701404
0.00601196
0.00592065
0.00801849
0.00600028
0.00896549
0.00734758
0.00798988
0.01112413
0.00900006
0.01000714
0.00700045
0.00949311
0.00800896
0.00899959
0.00800276
0.00686622
0.00651050
0.00807953
0.00699997
0.00704312
0.00590515
0.00898671
0.00911856
0.01053381
0.00599957
0.00734186
0.00661039
0.00800085
0.00590277
0.00600791
0.00652122
0.00600958
0.00601387
0.00600863
0.00826716
0.00599837
0.00614095
0.00651145
0.00752544
0.00700808
0.00900650
0.00899982
0.00699306
0.00800180
0.00999975
0.00700617
0.00900722
0.00700021
0.00714874
0.00630045
0.00700307
0.00900745
0.00708795
0.00700355
0.00800323
0.00700998
0.01300049
0.00746560
0.00650740
0.00650835
0.00693202
0.00600338
0.00603056
0.00737548
0.00802922
0.00700545
0.00800657
0.00700045
0.00700545
0.00700021
0.00651598
0.00700068
0.00799990
0.00877023
0.00700784
0.00900126
0.00700974
0.00700021
0.00699997
0.00699282
0.00800848
0.00899911
0.00799155
0.00700879
0.00799942
0.00700164
0.00749111
0.00600004
0.01000023
0.00520349
0.00546050
0.00546694
0.00532389
0.00532365
0.00500059
0.00705242
0.00599694
0.00749469
0.00699973
0.00500202
0.00734162
0.00700760
0.00656390
0.00546622
0.00786734
0.00552130
0.00532866
0.00600505
0.00900626
0.00500107
0.00800014
0.00499964
0.00716853
0.00600028
0.00500083
0.00399876
0.00499988
0.00951052
0.00850439
0.00558114
0.00499988
0.00499988
0.00630641
0.00599980
0.00681663
0.00600529
0.00699997
0.00799537
0.00902796
0.00799990
0.00653434
0.00629735
0.00600934
0.00523543
0.00600123
0.00548124
0.00600958
0.00606108
0.00521612
0.00700951
0.00600314
0.00450206
0.00700903
0.00550532
0.00600839
0.00399995
0.00767088
0.00803041
0.00701404
0.00744748
0.00650668
0.00900102
0.00788999
0.00702047
0.00700617
0.00749683
0.00700712
0.00699663
0.00650358
0.00851107
0.00999308
0.00699162
0.00801015
0.00762057
0.00700760
0.00668645
0.00600290
0.00585151
0.00610518
0.00801110
0.00899982
0.00699949
0.00599980
0.00902009
0.01000476
0.00801134
0.00652170
0.00803089
0.00700212
0.00600648
0.00938773
0.00799966
0.00799918
0.00900602
0.00702047
0.00799823
0.00800824
0.00799298
0.00800133
0.00817895
0.00699902
0.01000667
0.00599623
0.00499821
0.00451064
0.00701237
0.00655890
0.00699973
0.00509429
0.00600076
0.00701141
0.00699973
0.00636077
0.00700140
0.00824356
0.01002192
0.00745392
0.00728893
0.00623679
0.00699997
0.00799942
0.00800824
0.00700116
0.01301050
0.00853372
0.00766945
0.00698805
0.00723457
0.00666404
0.00699902
0.00801110
0.00700164
0.00800705
0.00800085
0.00699997
0.00901318
0.00800085
0.00627398
0.00799799
0.00700235
0.00800085
0.00700855
0.00700259
0.00700068
0.00648737
0.00700450
0.00800371
0.00602245
0.00851679
0.00709105
0.00900054
0.00803185
0.00600839
0.00686932
0.00599122
0.00900054
0.00828838
0.00699902
0.00854445
0.00900078
0.00699329
0.00800729
0.00699425
0.00799918
0.00712919
0.00648856
0.00509548
0.00600290
0.00727487
0.00602579
0.00700426
0.00799727
0.00501204
0.00700974
0.00600052
0.00600243
0.00600553
0.00818133
0.00500083
0.00600386
0.00522923
0.00500035
0.00574231
0.00600934
0.13254428
0.62779188
0.32813191
0.13515973
0.01796675
0.01700830
0.01800108
0.01720524
0.01953673
0.01500058
0.01444173
0.01639152
0.01600981
0.01860762
0.01700664
0.01600361
0.01699924
0.01699615
0.01700211
0.01623225
0.01100469
0.01002121
0.01131392
0.00899744
0.01038980
0.00942683
0.00953007
0.01101089
0.01199174
0.01300621
0.01003313
0.01000571
0.01004934
0.01100254
0.00957155
0.01100707
0.00900054
0.00899982
0.00827169
0.00799751
0.00700688
0.00800371
0.01001096
0.01111484
0.00799966
0.01007819
0.00799966
0.01329350
0.00900817
0.00901079
0.00900769
0.00800776
0.00792718
0.00929236
0.01000738
0.01100087
0.01400018
0.01299906
0.01001263
0.01052880
0.00999904
0.00899935
0.00899982
0.00900006
0.00899935
0.00903440
0.00900674
0.00802088
0.00728607
0.00901365
0.00699735
0.00799894
0.00800729
0.00800729
0.00851035
0.00700569
0.01000857
0.00902200
