0.01199961
0.01429510
0.01050377
0.01114631
0.01306009
0.01000595
0.01062489
0.00900006
0.00900030
0.00900054
0.00899124
0.00999975
0.01199985
0.01000905
0.00849915
0.01099992
0.00900841
0.01205277
0.00899267
0.00941563
0.00850892
0.01000094
0.00900054
0.00999928
0.01100183
0.00951529
0.00999880
0.01170421
0.01181817
0.01041269
0.01099968
0.01396465
0.00996709
0.01447105
0.01099300
0.01200390
0.01100135
0.00799990
0.00700045
0.00800633
0.01199722
0.01050282
0.01100564
0.02001929
0.01251388
0.00996685
0.01420379
0.01250768
0.01199937
0.01148200
0.01299143
0.01099992
0.00900102
0.01252031
0.01000905
0.00999045
0.00899434
0.01400018
0.01499963
0.00902247
0.00851488
0.00899911
0.00899935
0.00999331
0.01199818
0.01299238
0.01402259
0.00952816
0.01100278
0.01100731
0.00921416
0.00900578
0.00763226
0.00930810
0.01151204
0.01245499
0.00800824
0.00720501
0.00821304
0.01100826
0.01202607
0.01317906
0.01193953
0.00873828
0.00928760
0.01300025
0.00751567
0.00800204
0.01001596
0.00846577
0.00852370
0.01200056
0.01339006
0.00910211
0.01081562
0.01200008
0.01160455
0.01190138
0.00738811
0.01200032
0.01399899
0.01099277
0.01138949
0.01750445
0.01590061
0.02399158
0.02400064
0.01000404
0.01299477
0.01299334
0.01999950
0.01200676
0.01199889
0.01100063
0.01000357
0.00910401
0.00798965
0.01400805
0.01246142
0.01600766
0.01199985
0.01268649
0.01228476
0.01407981
0.01550817
0.01300049
0.01300764
0.01212597
0.01199913
0.01301289
0.01611829
0.01908278
0.01500177
0.01401305
0.01326871
0.01152468
0.01348710
0.01600051
0.01000071
0.01400018
0.01002836
0.01320648
0.01200056
0.01299977
0.01199937
0.01299787
0.02743101
0.00999951
0.01650906
0.01515532
0.01300979
0.01596522
0.01278448
0.01520538
0.01200700
0.01400733
0.01503277
0.01099110
0.01310992
0.01129532
0.01135635
0.01100230
0.01501060
0.01151729
0.01400661
0.01300097
0.00999546
0.01399922
0.01300120
0.01100039
0.01203942
0.02200055
0.02299809
0.01200843
0.01351714
0.01391149
0.01400018
0.01200223
0.01425385
0.01307893
0.01405811
0.01500034
0.01150084
0.01317644
0.01189709
0.01401138
0.01250458
0.01399922
0.01727986
0.01651311
0.01477242
0.01453257
0.01450658
0.01600599
0.01400685
0.01459289
0.01650572
0.01629329
0.01333547
0.01500010
0.01342487
0.01303172
0.01305151
0.01200008
0.01400852
0.01641321
0.01399875
0.01251078
0.01200223
0.01001048
0.01459575
0.01100683
0.01399946
0.01257634
0.01200843
0.01219201
0.01428723
0.01246381
0.01419926
0.01200700
0.01359773
0.01200771
0.01734066
0.01299405
0.01200128
0.01099992
0.01319814
0.01173663
0.01300025
0.01502800
0.02000141
0.01523232
0.01300073
0.01290989
0.01599956
0.04350519
0.02099991
0.01300478
0.01400495
0.01450753
0.01300788
0.00983167
0.01114202
0.01204300
0.01424146
0.01259923
0.01200914
0.01300716
0.01499939
0.01609874
0.01501632
0.01283002
0.01399970
0.01599932
0.02200556
0.01300836
0.01552176
0.01399422
0.01401162
0.01388836
0.01314497
0.01150727
0.01500702
0.01361084
0.01352310
0.01302004
0.01400614
0.01342463
0.01300097
0.01200104
0.01445675
0.01699853
0.01499581
0.01298332
0.01249743
0.01052308
0.01499248
0.01389074
0.01406503
0.01548028
0.01652360
0.01177716
0.01238108
0.01099348
0.01404977
0.01052237
0.01200533
0.01400781
0.01245141
0.01307702
0.01544785
0.01651669
0.01527715
0.02012372
0.01498938
0.01401138
0.01466799
0.01302123
0.01300168
0.01801491
0.01721430
0.01452136
0.01700735
0.01499176
0.01700616
0.01411486
0.02353668
0.01499152
0.01700020
0.01351833
0.01200342
0.02203989
0.01600909
0.01599932
0.01599956
0.01500702
0.01424003
0.01499319
0.01450682
0.01369357
0.01455140
0.01390076
0.01351333
0.01700568
0.01600051
0.01600718
0.02151322
0.01800156
0.01800609
0.01700115
0.01552176
0.01539755
0.01600647
0.01750588
0.01601601
0.01399207
0.01363564
0.01607490
0.01755929
0.01541257
0.01496243
0.01595759
0.01700521
0.01399398
0.01400018
0.01500392
0.01488900
0.01599979
0.01522446
0.01467395
0.01279497
0.01571035
0.01600051
0.01548672
0.01403546
0.01800013
0.01736140
0.01421094
0.01599956
0.01664352
0.01384568
0.01099873
0.01509023
0.01599979
0.01810813
0.01649165
0.01601744
0.01598978
0.01599574
0.01444221
0.01381946
0.01640844
0.01790619
0.02244234
0.01676106
0.01588130
0.01671505
0.01947880
0.01699853
0.01499891
0.05169940
0.01735115
0.01600361
0.01657009
0.01400042
0.01500034
0.01499128
0.01726723
0.01703310
0.01699924
0.01658964
0.01582050
0.01404691
0.01501060
0.01547670
0.01700020
0.01659226
0.01740146
0.01691079
0.01600027
0.01931691
0.01581883
0.01502848
0.01741123
0.01700068
0.01700187
0.01549721
0.01393247
0.01551890
0.01608896
0.01800537
0.01600552
0.01701117
0.01954150
0.01620030
0.01637888
0.01714110
0.01552129
0.01495838
0.01617479
0.01750588
0.01801252
0.01601601
0.01589584
0.01899910
0.01655006
0.01549459
0.01800251
0.01685810
0.01572061
0.01901627
0.01699877
0.01754141
0.01400614
0.01700020
0.01550221
0.01507592
0.01700258
0.01696467
0.01750016
0.01700115
0.01751924
0.01600409
0.01396132
0.01641178
0.01514983
0.01981425
0.01650667
0.01699805
0.01810694
0.01600671
0.01593995
0.02028036
0.01599836
0.01600099
0.01699996
0.01697206
0.01853347
0.01701188
0.01593304
0.01717377
0.01499248
0.01699734
0.01599979
0.01631331
0.01496458
0.01567817
0.01418495
0.01109433
0.01593518
0.01600266
0.01609874
0.01588941
0.01900649
0.01632690
0.01431847
0.01801348
0.01753736
0.01613855
0.01599097
0.01534486
0.01395345
0.01888585
0.01800036
0.01613641
0.01600003
0.01401353
0.01402545
0.01638103
0.01510310
0.01606464
0.01300597
0.01851654
0.01841569
0.01652670
0.01612067
0.01895571
0.01807809
0.01503015
0.01655769
0.01699758
0.01851487
0.01700020
0.01599908
0.01800609
0.01635766
0.01452398
0.01599360
0.02098846
0.01991653
0.02056456
0.02019691
0.02000690
0.01941872
0.01927853
0.01896763
0.01400113
0.01734138
0.01449966
0.01445580
0.01549864
0.01750493
0.01382875
0.01450109
0.01466727
0.01358557
0.01600671
0.01447344
0.01599979
0.01499987
0.01294804
0.01400781
0.01899099
0.01300430
0.01291442
0.01401281
0.01452732
0.01448536
0.01450610
0.01447368
0.01525331
0.01311469
0.01609516
0.01533961
0.01875186
0.01301408
0.01507330
0.01832962
0.01454735
0.01349831
0.01396894
0.01852870
0.01501870
0.01001215
0.01300478
0.01098871
0.01500225
0.01667690
0.01349759
0.01330447
0.01201320
0.01217461
0.01517200
0.01018763
0.00999904
0.01399112
0.01201200
0.01513934
0.01606178
0.01751590
0.01723838
0.01700664
0.01599956
0.01629019
0.01751089
0.01599860
0.01599121
0.01319051
0.01599598
0.01562214
0.01199818
0.01400781
0.01700950
0.01545215
0.01601410
0.01600027
0.01600718
0.01633644
0.01786470
0.01112628
0.00968242
0.01440358
0.01700783
0.01562405
0.01204872
0.01248479
0.01651120
0.01626897
0.01833415
0.01863575
0.01601410
0.01350713
0.01599932
0.01528454
0.01600003
0.01700163
0.01700759
0.01613069
0.01800656
0.01527739
0.01601315
0.01551461
0.02929902
0.01399994
0.02590442
0.01893044
0.02702951
0.01699972
0.03150988
0.01399994
0.01399112
0.01500082
0.01400161
0.01852059
0.02504539
0.01399922
0.01300025
0.01400089
0.01300144
0.01299977
0.01799631
0.02600026
0.02250242
0.01799941
0.02099895
0.01600671
0.03250647
0.01499963
0.01599979
0.01399994
0.01500273
0.01299930
0.01900148
0.01450372
0.01800203
0.01950526
0.01299977
0.01500058
0.02500010
0.01301575
0.02499986
0.01700139
0.01399994
0.01400208
0.01900077
0.01700068
0.01471329
0.01600409
0.01718450
0.02799988
0.01699996
0.01500010
0.02350712
0.01900005
0.01650429
0.01799989
0.01400352
0.01650786
0.01699948
0.01500058
0.01599741
0.01700234
0.02749538
0.01499724
0.01835155
0.01599646
0.01400113
0.01599908
0.01699901
0.01799417
0.01949310
0.01799965
0.01607633
0.01491928
0.01301599
0.01359177
0.01200032
0.01800036
0.01611614
0.01951003
0.01307750
0.01852202
0.01567745
0.01780772
0.01475000
0.01473784
0.01507163
0.01600742
0.01550603
0.01800251
0.01649451
0.02552724
0.01799989
0.01600003
0.01600051
0.01563740
0.01499915
