0.00400209
0.00836158
0.00899935
0.01051998
0.01151586
0.00854349
0.01000023
0.00900650
0.01035881
0.00900006
0.01000524
0.01097941
0.00900841
0.00986505
0.01251626
0.01001120
0.01000810
0.01500702
0.01238108
0.01288080
0.01055598
0.01028085
0.00999999
0.00700569
0.00598979
0.00700164
0.00798965
0.00798845
0.01000071
0.01000309
0.02550602
0.00890803
0.00801015
0.00899887
0.00999904
0.00800085
0.01049781
0.00800014
0.00800037
0.01800036
0.01329398
0.00800014
0.01250529
0.00899696
0.01400018
0.00899982
0.01000118
0.00809884
0.00800157
0.01000619
0.00852728
0.00799513
0.00799537
0.00919271
0.00900006
0.00986671
0.00879192
0.00955725
0.00951505
0.00800753
0.00799394
0.00900078
0.02412724
0.00795245
0.01904225
0.01088238
0.00898862
0.01903868
0.01129103
0.00799990
0.02449489
0.00851607
0.02399945
0.01099968
