0.01300168
0.00937104
0.01600051
0.01100039
0.01000071
0.00862670
0.00816131
0.00800037
0.00900030
0.00799966
0.01000166
0.00999975
0.01899385
0.00750971
0.00901127
0.00900006
0.00900412
0.00799942
0.02000022
0.00900555
0.00919914
0.00799918
0.00899935
0.00800371
0.00899959
0.00800014
0.01000071
0.01936245
0.00841928
0.01043797
0.01210117
0.00899553
0.01500082
0.01100016
0.00899911
0.00900006
0.00808477
0.00900006
0.01051188
0.00914359
0.00906539
0.00999665
0.00900578
0.00908470
0.00841618
0.00700593
0.01000834
0.00899982
0.00799966
0.00900006
0.00800729
0.00900865
0.01253986
0.00999975
0.00800204
0.00903320
0.00799251
0.00800085
0.00900197
0.00855660
0.00799179
0.01001501
0.00900626
0.00900030
0.00999236
0.01000881
0.00800300
0.00842595
0.00799894
0.00799990
0.00900841
0.02199984
0.00900006
0.00899959
0.00892568
0.01100206
0.00899935
0.01591539
0.01099968
0.01000118
0.00800991
0.01000500
0.00999570
0.01999950
0.00799942
0.00899458
0.01150465
0.00899625
0.00900054
0.01000476
0.01100016
0.01001024
0.00800872
0.00799918
0.00899625
0.02058601
0.00800109
0.01900053
0.00791359
0.00850272
0.00900030
0.00800037
0.00900531
0.00899982
0.00799990
0.01300621
0.02150297
0.00900078
0.00899458
0.00800157
0.00850487
0.00999999
0.02251530
0.00799942
0.00799918
0.00999975
0.00800037
0.00800014
0.00999999
0.00799632
0.02150822
0.00899911
0.01999998
0.00900006
0.00799394
0.02350187
0.00900459
0.00900006
0.01001096
0.00903606
0.00918102
0.00900197
0.00900769
0.00863075
0.01000261
0.00900578
0.00999665
0.00998449
0.00901031
0.00800586
0.00808668
0.01043224
0.00634933
0.00709295
0.00892186
0.01100779
0.00899935
0.00751567
0.00901270
0.00747728
0.00700879
0.01327658
0.00800014
0.00899887
0.00699210
0.00799847
0.00700831
0.00800347
0.00799727
0.00700498
0.00839329
0.00899220
0.00900030
0.00899982
0.00900769
0.00800109
0.01300383
0.03406143
0.01004338
0.00800180
0.01000953
0.00899911
0.00908303
0.00899792
0.00801563
0.00896740
0.00895643
0.00900054
0.00891280
0.00809145
0.01012468
0.00799298
0.00799656
0.00700569
0.00899935
0.00825787
0.00699115
0.00710320
0.00952291
0.00799227
0.00650406
0.00800776
0.00848389
0.00793004
0.00699997
0.00800824
0.00745225
0.01009631
0.00800705
0.00800300
0.00832272
0.00970387
0.00999188
0.00800014
0.00600076
0.00550318
0.00750256
0.00599980
0.00700831
0.00600100
0.00700068
0.00563860
0.00532889
0.00627065
0.00699592
0.00569773
0.00619364
0.00699949
0.00650239
0.00750661
0.00599122
0.00611067
0.00755739
0.00600028
0.00600481
0.00700593
0.00723004
0.00700235
0.00589991
0.00700665
0.00650024
0.00702310
0.00631428
0.00499272
0.00586915
0.00600696
0.00600195
0.00500464
0.00434256
0.00450397
0.00600123
0.00553489
0.00500178
0.00500250
0.00507832
0.00507522
0.00550485
0.00500488
0.00578952
0.00600433
0.00450277
0.00500607
0.00507379
0.00535393
0.00500965
0.00650525
0.00600648
0.00517845
0.00499845
0.00450230
0.00500107
0.00445509
0.00500822
0.00499988
0.00399065
0.00600719
0.00450921
0.00400782
0.00500965
0.00458622
0.00500083
0.00499368
0.00400853
0.00600624
0.00397062
0.00550199
0.00499988
0.00499988
0.00500011
0.00478959
0.00564861
0.00650334
0.00749874
0.00699496
0.00901079
0.00624633
0.00699806
0.00718951
0.00500107
0.00601053
0.00700307
0.00500011
0.00700450
0.00600100
0.00800443
0.00599504
0.00599885
0.00799751
0.00600338
0.00800657
0.00799990
0.00599408
0.00600863
0.00615144
0.00556207
0.00500917
0.00673318
0.00600433
0.00592828
0.00719166
0.00799918
0.00899959
0.00601721
0.00700760
0.00595546
0.00699639
0.00600839
0.00600219
0.01002359
0.00629067
0.00699639
0.00600314
0.00744128
0.00501394
0.00600863
0.00982952
0.00699091
0.00799966
0.00800228
0.00751972
0.00799990
0.00900006
0.00699306
0.00700188
0.00875306
0.00800991
0.00700021
0.00691032
0.00600004
0.00601053
0.00800896
0.00799727
0.00635743
0.00690031
0.00899291
0.00799847
0.00722504
0.01100016
0.00699997
0.00600004
0.00699806
0.00498772
0.00600004
0.00548887
0.00600195
0.00499916
0.00399041
0.00421095
0.00601077
0.00399756
0.00500703
0.00967455
