0.00499964
0.00702691
0.00599885
0.00624418
0.00625181
0.00491285
0.00538158
0.00500011
0.00665236
0.01000047
0.00599051
0.00500250
0.00490785
0.00421953
0.00500870
0.00700021
0.00699925
0.01500058
0.01037312
0.00595236
0.01699877
0.00999761
0.00696039
0.00703239
0.00900030
0.00700045
0.00669599
0.00700140
0.00699878
0.00800037
0.00800538
0.00799990
0.00799966
0.00599575
0.00600290
0.00500417
0.00500202
0.00952888
0.00800991
0.00599957
0.00800657
0.00801539
0.00677347
0.00850654
0.00764155
0.00773406
0.00851107
0.00650764
0.00852180
0.00653052
0.00799942
0.00700736
0.00651574
0.00600338
0.00699830
0.00600386
0.01118851
0.00734997
0.00601268
0.00699830
0.00591421
0.00600052
0.00621700
0.00549436
0.00800705
0.00600410
0.00699854
0.00800323
0.00950480
0.00607061
0.00600576
0.00697923
0.00502062
0.00505280
0.00700474
0.00514984
0.00500679
0.00600028
0.00602555
0.00515175
0.00590682
0.00801015
0.01050448
0.01400018
0.00800037
0.00800109
0.00709200
0.00892234
0.01299453
0.02340865
0.00898886
0.00809169
0.00888753
0.00799942
0.00699997
0.00800133
0.00600362
0.00600576
0.00799966
0.00900149
0.01224542
0.00798917
0.00698853
0.00692654
0.00900197
0.00699949
0.00707865
0.00568557
0.00899482
0.00708318
0.00599933
0.00700450
0.00699711
0.00800586
0.00800085
0.00801468
0.00770807
0.00699806
0.00802732
0.00709605
0.00899363
0.00802445
0.00691628
0.00700665
0.00801325
0.00799990
0.00753450
0.00800037
0.00800109
0.00800514
0.00708008
0.00841808
0.00899935
0.00801086
0.00800061
0.00707579
0.00899816
0.00899768
0.01008916
0.00714087
0.00699997
0.00802350
0.00807905
0.00769567
0.00708175
0.00699544
0.00699711
0.00794625
0.00700665
0.00700068
0.01200819
0.00799918
0.00668144
0.00799584
0.00808644
0.00699759
0.00799012
0.00701141
0.01119637
0.00700331
0.00801277
0.00753307
0.01007700
0.00890589
0.00900316
0.00799537
0.00718093
0.00700617
0.00800014
0.00600052
0.00753379
0.00800729
0.00700045
0.00807381
0.00800538
0.00792480
0.00891757
0.00800014
0.00699639
0.00752401
0.00799966
0.00756574
0.00800014
0.00807357
0.00800514
0.00646830
0.00899816
0.00841951
0.00739241
0.00800109
0.00895166
0.00740695
0.00603104
0.00799870
0.00691319
0.00699949
0.00730419
0.00702357
0.00700688
0.00668335
0.00600028
0.00901413
0.00700998
0.00801086
0.00651479
0.00700021
0.00684452
0.00700665
0.00801373
0.00700378
0.00570202
0.00600100
0.00700760
0.00709224
0.00709081
0.00591826
0.00806808
0.01096320
0.00602007
0.00700736
0.00700450
0.00752664
0.00599337
0.00600958
0.00700045
0.00699997
0.00743842
0.00690794
0.00808144
0.00613475
0.00799918
0.00619650
0.00700068
0.00809336
0.00600719
0.00748205
0.00698137
0.00807977
0.01011658
0.00750852
0.00582099
0.00603175
0.00517154
0.00515127
0.00798774
0.00808740
0.01100135
0.00609994
0.00614834
0.00451064
0.00601482
0.00654840
0.00599980
0.00566697
0.01049423
0.00550652
0.00500083
0.00615597
0.00600171
0.00808144
0.00708771
0.00700426
0.00708008
0.00799561
0.00600171
0.00500417
0.00499868
0.00714540
0.00600004
0.00550365
0.00501037
0.00600171
0.00499988
0.00700164
0.00601029
0.00799513
0.00900650
0.00908375
0.00806856
0.00701284
0.00690269
0.00706768
0.00799990
0.00642276
0.00600052
0.00625467
0.00599313
0.00598717
0.00800037
0.00665212
0.00617385
0.00699687
0.00752354
0.00599933
0.00800014
0.00899220
0.00800085
0.00899959
0.00899458
0.00600219
0.00502372
0.00600505
0.00600100
0.00554752
0.00600767
0.00935507
0.00893617
0.00800657
0.01401401
0.01499200
0.01401401
0.01001477
0.00800085
0.00900054
0.00799775
0.00800014
0.00700021
0.00800014
0.01019835
0.00799894
0.00822592
0.00699997
0.00799966
0.00600076
0.00699782
0.00699735
