0.00800753
0.00599885
0.00654387
0.00800085
0.00899959
0.00800061
0.00699663
0.00899649
0.00598931
0.00701118
0.00800419
0.00655651
0.01700783
0.00799155
0.00700140
0.00800014
0.00800991
0.00909495
0.01891828
0.04937887
0.01500797
0.01002240
0.00952268
0.00699949
0.00800133
0.00800037
0.00799274
0.00700021
0.00807929
0.00800610
0.00692415
0.00700474
0.00660920
0.00910902
0.00799489
0.00900960
0.00893497
0.00700212
0.00699949
0.00700068
0.00799513
0.00801539
0.00885463
0.00699902
0.01000094
0.00800157
0.00799942
0.00700426
0.00699258
0.00799561
0.00910544
0.00800180
0.00812244
0.00699973
0.00800014
0.00999212
0.00799942
0.00699115
0.00800014
0.00653315
0.00599122
0.00801325
0.00800848
0.00699997
0.00900054
0.00800037
0.00727010
0.00699162
0.00699925
0.00801492
0.00700021
0.00706530
0.00800848
0.00698996
0.00699997
0.00600982
0.00707674
0.00700521
0.00699997
0.00698495
0.01101327
0.00698924
0.01099157
0.01000881
0.00899577
0.00807714
0.00804543
0.00708723
0.00699139
0.00754237
0.00699973
0.00699973
0.00800252
0.00700855
0.00799990
0.00800014
0.00900078
0.01201606
0.00855184
0.00899887
0.00800967
0.00817657
0.00708580
0.00644517
0.00598788
0.00908875
0.00605559
0.00700235
0.00900698
0.00709963
0.00803590
0.00753760
0.00852227
0.00799894
0.00800467
0.00900793
0.00800037
0.00690413
0.00843573
0.00651979
0.00701022
0.00599480
0.00699997
0.00900006
0.01000810
0.00899911
0.00899887
0.00840878
0.00751352
0.00800180
0.00900245
0.00899220
0.00799966
0.01000738
0.00700092
0.00700784
0.00596285
0.00552988
0.00801110
0.00899911
0.00900793
0.00801039
0.00650716
0.00642467
0.00700402
0.00590754
0.00612235
0.00651145
0.00701332
0.00750971
0.00800848
0.00700426
0.00699830
0.00600171
0.00804734
0.00708699
0.00699639
0.00619102
0.00710964
0.00867176
0.00599146
0.00500154
0.00649667
0.00509977
0.00600123
0.00600004
0.00500154
0.00699329
0.00843143
0.00700855
0.00700760
0.00700784
0.01034760
0.00599861
0.00599122
0.00700426
0.00645876
0.00700784
0.00700927
0.00736284
0.00599957
0.00799036
0.00650573
0.00835872
0.00700045
0.00600839
0.00800061
0.00700760
0.00600553
0.00650573
0.00900769
0.00700402
0.00502086
0.00493145
0.00751710
0.00571489
0.00500035
0.00600052
0.00654125
0.00644326
0.00600719
0.00600195
0.00600028
0.00500131
0.00701094
0.00613451
0.00492573
0.00550985
0.00561428
0.00700688
0.00599790
0.00600672
0.00600100
0.00540137
0.00600410
0.00818920
0.00601077
0.00699186
0.00600791
0.00601602
0.00500846
0.01352358
0.00981784
0.00799346
0.00637436
0.00600004
0.00592613
0.00533581
0.00900745
0.00801611
0.00807428
0.00659943
0.00599289
0.00600624
0.00801039
0.00591278
0.00600338
0.00600028
0.00700760
0.00700831
0.00600171
0.00619674
0.00500751
0.00552511
0.00899839
0.00700378
0.00600767
0.00700068
0.00500822
0.00461173
0.00500250
0.00499988
0.00514197
0.00699925
0.00500035
0.00607467
0.00505185
0.00602126
0.00626421
0.00600052
0.00500059
0.00699973
0.00533295
0.00621271
0.00500250
0.00500798
0.00699973
0.00698829
0.00500464
0.00600362
0.00468922
0.00900173
0.00550318
0.00600839
0.00600100
0.00574279
0.00500226
0.00502157
0.00500917
0.00501132
0.00500202
0.00799227
0.00700903
0.00550723
0.00657082
0.00750804
0.00600910
0.00650597
0.00550723
0.00501060
0.00501060
0.00700164
0.00600171
0.00500226
0.00695944
0.00500083
0.00599122
0.00615835
0.00543070
0.00500703
0.00600672
0.00500154
0.00701165
0.00507879
0.00499892
0.00601006
0.00500774
0.00501466
0.00500822
0.00600839
0.00500250
0.00712442
0.00550008
0.00600171
0.00600290
0.00592256
0.00608492
0.00499940
0.00500989
0.00643086
0.00433207
0.00550652
0.00399971
0.00551534
0.00500989
0.00501180
0.00501156
0.00439119
0.00659847
0.00601602
0.00600100
0.00500035
0.00550628
0.00512671
0.00601149
0.00500846
0.00699139
0.00600457
0.00496268
0.00499582
0.00532055
0.00500250
0.00500274
0.00500202
0.00499868
0.00501513
0.00500202
0.00499916
0.00699615
0.00583816
0.00500083
0.00699830
0.00501084
0.00601006
0.00653028
0.00601149
0.00512457
0.01200438
0.05551147
0.00912952
0.00699592
0.00808597
0.00799227
0.00906968
0.00700188
0.00801754
0.00800729
0.00592828
0.00700045
0.00924182
0.00951004
0.00899935
0.00700712
0.00699997
0.01198912
0.00800180
0.00700402
0.00699186
0.00765204
0.00600314
0.00700617
0.00699377
0.00800228
0.00698924
0.00799203
0.00800967
0.00796533
0.00870180
0.00700569
0.00700498
0.01199222
0.00899959
0.00799799
0.00799823
0.00600147
0.00800109
0.00752306
0.00999951
0.00741553
0.00799799
0.00699997
0.00899959
0.00900221
0.00878119
0.00810719
0.00657773
0.00800228
0.00899005
0.00800014
0.00800180
0.00799918
0.00807834
0.00798821
0.00609064
0.00741434
0.00699806
0.00691843
0.00700831
0.00800109
0.00599742
0.00800204
0.00707960
0.00714207
0.00799870
0.00908804
0.00737309
0.00899601
0.00700068
0.00600004
0.00800037
0.00608015
0.00804758
0.00699759
0.00699854
0.00790381
0.00700665
0.00600147
0.00742793
0.00699925
0.00599480
0.00699806
0.00800347
0.00760055
0.00698566
0.00627398
0.00599933
0.00900626
0.00700736
0.00600386
0.00705862
0.00800347
0.00601292
0.00800753
0.00907516
0.00601029
0.00717235
0.00527453
0.00683403
0.00600123
0.00600958
