0.00699949
0.00679231
0.00601149
0.00700569
0.00578403
0.00899982
0.00612092
0.00600672
0.01300025
0.00800061
0.00618124
0.00600266
0.00508833
0.00551152
0.00599408
0.00431657
0.00500107
0.00499773
0.00599933
0.00500751
0.00699997
0.00900936
0.00901175
0.00852752
0.00900149
0.00799942
0.00908637
0.00599933
0.00799847
0.00707340
0.00491643
0.00609231
0.00820756
0.00852847
0.00601053
0.00656700
0.00502777
0.00548482
0.00611186
0.00500178
0.00500250
0.00499845
0.00600362
0.00600243
0.00701070
0.00702095
0.00847602
0.00800705
0.00599957
0.00573182
0.00500202
0.00600052
0.00799894
0.00727367
0.00700021
0.00600982
0.00612402
0.00500226
0.00500298
0.00500345
0.00500250
0.00600934
0.00699902
0.01054215
0.00699949
0.00699925
0.00899959
0.00545430
0.00600052
0.00700188
0.00550318
0.00700283
0.00499392
0.00701904
0.00563574
0.00500178
0.00499177
0.00600791
0.00531387
0.00617766
0.00599790
0.00504351
0.00597072
0.00600052
0.00550938
0.00600743
0.00599289
0.00544763
0.00600290
0.00582600
0.00638723
0.00601053
0.00561857
0.00600171
0.00793600
0.00603127
0.00500226
0.00500274
0.00499845
0.00461435
0.00499940
0.00503516
0.00499940
0.00651288
0.00600505
0.00500154
0.00500202
0.00500035
0.00599027
0.00701022
0.00699282
0.00701380
0.00599980
0.00600815
0.00609255
0.00574040
0.00500011
0.00436425
0.00500035
0.00555658
0.00399804
0.00500250
0.00483394
0.00501013
0.00500059
0.00593352
0.00500202
0.00500226
0.00401855
0.00501060
0.00600076
0.00501013
0.00699234
0.00499701
0.00500154
0.00599122
0.00576258
0.00430322
0.00501847
0.00451589
0.00501156
0.00500441
0.00601029
0.00763917
0.00500202
0.00551701
0.00700021
0.00700951
0.00500226
0.00700283
0.00699902
0.00599933
0.00503087
0.00600410
0.00712657
0.00600982
0.00651526
0.00699186
0.00700808
0.00600386
0.00627804
0.00801229
0.00699949
0.00800061
0.00700140
0.00901103
0.00600028
0.01301217
0.00599957
0.00637889
0.00600433
0.00450921
0.00550866
0.00399899
0.00600171
0.00699711
0.00600386
0.00800204
0.00800705
0.00757432
0.00699949
0.00651455
0.00800014
0.00599790
0.00900602
0.00890517
0.00799894
0.00633717
0.00600719
0.00913072
0.00701332
0.00696993
0.00805998
0.00799990
0.01000118
0.00625300
0.00700903
0.00599384
0.00727391
0.00670457
0.00809598
0.00794601
0.00620437
0.00499964
0.00600100
0.00600314
0.00699830
0.00553989
0.00699973
0.00710201
0.00598788
0.00861216
0.00598478
0.00699782
0.00800681
0.00601029
0.00650883
0.00601101
0.00755048
0.00601029
0.00617027
0.00550127
0.00499058
0.00552225
0.00700974
0.00600815
0.00799942
0.00812197
0.00700521
0.00719190
0.00490999
0.00500774
0.00600290
0.00500774
0.00800085
0.00551891
0.00600886
0.00651383
0.00601077
0.00700998
0.00610018
0.00695491
0.00600266
0.00599933
0.00600123
0.00530457
0.00501013
0.00551367
0.00567079
0.00601339
0.00600672
0.00500822
0.00499225
0.00570607
0.00451398
0.00522447
0.00478840
0.00400162
0.00719833
0.00599480
0.00700045
0.00775981
0.00501013
0.00649357
0.00788736
0.00712132
0.00495291
0.00709128
0.00599146
0.00400305
0.00500202
0.00500202
0.00499940
0.00600910
0.00407624
0.00500154
0.00511694
0.00417209
0.00605059
0.00709224
0.00500035
0.00501180
0.00700021
