0.00300074
0.00928736
0.00901008
0.01200151
0.01053643
0.01200104
0.00897956
0.00900292
0.00751758
0.00800061
0.00800419
0.00701022
0.00801015
0.00700212
0.00901937
0.00933599
0.00900102
0.00851703
0.01000261
0.01400685
0.01206851
0.01308417
0.01017499
0.00865340
0.00892186
0.00792217
0.00800323
0.00719261
0.00700736
0.00700068
0.01100445
0.00801992
0.00700688
0.00700212
0.00999165
0.00800157
0.00700712
0.01101422
0.00801110
0.00932264
0.00800729
0.00800729
0.00700331
0.01000333
0.01367068
0.00900078
0.00699902
0.00800681
0.00599265
0.00700116
0.00632262
0.00600839
0.00703335
0.00600266
0.00704789
0.00745416
0.00600004
0.00700903
0.00899982
0.00745416
0.00601125
0.00901318
0.00651050
0.00652242
0.00599980
0.01020527
0.00997066
0.01199961
0.00699568
0.00700426
0.00599074
0.00900006
0.00899863
0.00852823
0.00695992
0.00634909
0.00613880
0.00720763
0.00651526
0.00549960
0.00600219
0.00645590
0.00599837
0.00600171
0.00600028
0.00976324
0.00900555
0.00672960
0.01072526
0.00500154
0.00603628
0.00854754
0.00701451
0.00501204
0.00601649
0.00600028
0.00573874
0.00792098
0.00600004
0.00727272
0.00999236
0.01208639
0.00751853
0.00674462
0.00699878
0.00801849
0.00600934
0.00502777
0.00600123
0.00800753
0.00844955
0.00567126
0.00700283
0.00600743
0.00521445
0.00899959
0.00600743
0.00601053
0.00924897
0.00750804
0.00600028
0.00599909
0.00511003
0.00500178
0.00651312
0.00500035
0.00500131
0.00616360
0.00600338
0.00800776
0.00500107
0.00603151
0.00675845
0.00751758
0.00808859
0.00850582
0.00800681
0.00600004
0.00599980
0.00636911
0.00800252
0.00605822
0.00609088
0.00599384
0.00601482
0.00653696
0.00508571
0.00499821
0.00545144
0.00700831
0.00601387
0.00501132
0.00500178
0.00791383
0.00498819
0.00799894
0.00701499
0.00800061
0.00801897
0.00649977
0.00749779
0.00600076
0.00812912
0.00800633
0.00900674
0.00699258
0.00599909
0.00899982
0.00702238
0.00600863
0.00899887
0.00701332
0.00499177
0.00600004
0.00650907
0.00601315
0.01058197
0.00779700
0.00500298
0.00452352
0.00550938
0.00669622
0.00700879
0.00581622
0.00594378
0.00549316
0.00999904
0.00999999
0.00900006
0.00702906
0.00900888
0.00742435
0.01201200
0.01100016
0.01363635
0.00700855
0.01000094
0.00899935
0.00800586
0.00972700
0.00698876
0.01292038
0.00888634
0.00697827
0.00855827
0.00705433
0.00600815
0.00892544
0.00705767
0.00675511
0.01184988
0.01175499
0.00829554
0.00700045
0.00814629
0.01032400
0.00711560
0.00693536
0.01162291
0.00793171
0.00742579
0.00917792
0.00595641
0.00888228
0.00599360
0.00804472
0.01398873
0.01009345
0.00904274
0.01400042
0.00700426
0.00850701
0.00603509
0.00770307
0.00693297
0.00946569
0.00900126
0.00898385
0.00908566
0.00723124
0.00943708
0.00813079
0.00645375
0.00900936
0.00800180
0.00749397
0.00800300
0.00851369
0.00703168
0.01008558
0.00703692
0.00795388
0.00700045
0.00699401
0.00800705
0.00616884
0.00701284
0.00700140
0.01128197
0.00850677
0.00700831
0.00665951
0.00699425
0.00799108
0.00800848
0.00652647
0.00899816
0.00700617
0.00818229
0.00900626
0.00799036
0.00800133
0.00800490
0.00800204
0.00900102
0.00800276
0.00500035
0.00601554
0.00600147
0.00519133
0.00501466
0.00600147
0.00499892
0.00501037
0.00450706
0.00500751
0.00400162
0.00600886
0.00500822
0.00600410
0.00900841
0.00600076
0.00999665
0.01152444
0.00904655
0.00642920
0.00901484
0.00600147
0.00607133
0.00551462
0.00700116
0.00600028
0.00600219
0.00396943
0.00500202
0.00511217
0.00799870
0.00500107
0.00412750
0.00605536
0.00399876
0.00701070
0.00800061
0.00718141
0.00799203
0.00700045
0.00647330
0.00599980
0.00743294
0.00599074
0.00499606
0.00999951
0.00806999
0.00599337
0.00640965
0.00900102
0.00799918
0.00601411
0.00499940
0.00549126
0.00550675
0.00504899
0.00660229
0.00542021
0.00397611
0.00400352
0.00600243
0.00565839
0.00499868
0.00701141
0.00399995
0.00599003
0.00599647
0.00502729
0.00751591
0.00600481
0.00799966
0.00500321
0.00905800
0.00700235
0.00551510
0.00498557
0.00499964
0.00551462
0.00599957
0.00691915
0.00825381
0.00600863
0.00400615
0.00501060
0.00399780
0.00799179
0.00611901
0.00601411
0.00500226
0.00900626
0.00549817
0.00601315
0.00700927
0.00500250
0.00953007
0.00821686
0.00399828
0.00700760
0.00500250
0.00502324
0.00600839
0.00500083
0.01002264
0.00550914
0.00505638
0.00487089
0.00601149
0.00592661
0.00554729
0.00800323
0.00500011
0.00587678
0.00501060
0.00673771
0.00605202
0.00523496
0.00440311
0.00500107
0.00799918
0.00601482
0.00702333
0.00525951
0.00600123
0.00601149
0.00501060
0.00499082
0.00518990
0.00430584
0.00624871
0.00791454
0.00600100
0.00999904
0.00499916
0.00399947
0.00500894
0.00400257
0.00600147
0.00518322
0.00599909
0.00602269
0.00599217
0.00600815
0.00800323
0.00499868
0.00513434
0.00571322
0.00500011
0.00400090
0.00599933
0.00400114
0.00601053
0.00501680
0.00488234
0.00800347
0.00704455
0.01000881
0.00700974
0.00701094
0.00539541
0.00636530
0.01044583
0.00599980
0.00500011
0.00499868
0.00553012
0.00399089
0.00571799
0.00499105
0.00801373
0.00700855
0.00500870
0.00866842
0.01000023
0.00499868
0.00800514
0.00601387
0.00652599
0.02029133
0.01700306
0.01754785
0.02200127
0.01700854
0.01499081
0.01000643
0.00899935
0.00799155
0.00900006
0.00601339
0.00599980
0.00753164
0.00699472
0.00700879
0.00700021
0.00699353
0.00699997
0.00699472
0.00699949
0.00650454
0.00700212
0.00600028
0.00653434
0.00600386
0.00700116
0.00599170
0.00799251
0.00700879
0.00699902
0.00600791
0.00699449
0.00650215
0.00800657
0.00600004
0.00705957
0.00600719
0.00699997
0.00699973
0.00699067
0.00799823
0.00700140
0.00699997
0.00700188
0.00600624
0.00700307
0.00700569
