0.01700258
0.00873828
0.00700760
0.01200843
0.00799370
0.00899911
0.00700164
0.00701022
0.00949574
0.00816894
0.00500178
0.00594664
0.00600004
0.00701046
0.00901008
0.00999975
0.00700140
0.00902033
0.00754166
0.00800681
0.00777054
0.00638771
0.00700045
0.00700140
0.00700974
0.00799251
0.00916409
0.00899935
0.00666404
0.00999951
0.00900650
0.00599313
0.00800824
0.00895643
0.00999999
0.00900340
0.00745535
0.00923824
0.01053596
0.00922418
0.01200032
0.00799918
0.00708723
0.00799942
0.00905418
0.00899243
0.00800014
0.00900650
0.00801396
0.00491261
0.00859809
0.00736332
0.00708771
0.00889611
0.00904465
0.00895643
0.00700068
0.00700998
0.00915742
0.00699973
0.00891638
0.00800705
0.00600457
0.00999880
0.00608802
0.00500965
0.00898933
0.00609660
0.00901151
0.00900054
0.00700140
0.00988126
0.00900459
0.00699925
0.00600815
0.00529218
0.00454378
0.00600123
0.00699162
0.00601721
0.00500870
0.00732017
0.00700927
0.00601125
0.00499582
0.00600648
0.00500274
0.00498867
0.00508738
0.00600719
0.00799751
0.00899935
0.00702620
0.00499296
0.00600791
0.00691319
0.00599909
0.00691962
0.00757551
0.00899339
0.00599861
0.00940156
0.00846887
0.00900221
0.00800800
0.00699663
0.00814342
0.00699377
0.00800037
0.00799918
0.01146579
0.00799131
0.00600171
0.00701165
0.00691676
0.00567722
0.00600719
0.00600028
0.00808597
0.00808907
0.00899768
0.00930810
0.00691295
0.00908184
0.00871849
0.00900102
0.00811648
0.00700092
0.00800562
0.00800705
0.00599265
0.00821805
0.01170754
0.00799370
0.00808144
0.00740910
0.00900078
0.01114011
0.01050568
0.00801587
0.00757241
0.00658441
0.00900173
0.00649381
0.00801063
0.01142526
0.00600243
0.00999188
0.01102281
0.01151991
0.00827360
0.00800824
0.01037288
0.00778842
0.01200032
0.01096320
0.00799441
0.01202369
0.01250958
0.00848937
0.00766110
0.01012015
0.00903606
0.00905228
0.01100826
0.01300359
0.00851893
0.00949740
0.00954866
0.00800037
0.01000857
0.00622582
0.00800014
0.01156282
0.00845432
0.00752163
0.00837255
0.00751638
0.01235342
0.01199985
0.01247597
0.01035523
0.00742340
0.00952339
0.01000810
0.00964475
0.01275253
0.01400685
0.01539254
0.01042700
0.00846601
0.01178837
0.01343632
0.01099181
0.01200032
0.01001716
0.01018000
0.01299286
0.01300049
0.00999236
0.01299930
0.01100039
0.01320386
0.01001072
0.01271486
0.01299310
0.01491928
0.00799942
0.00907874
0.03850579
0.01599932
0.02000880
0.02728558
0.01537538
0.01352048
0.01150870
0.01300454
0.01251960
0.01200128
0.01200032
0.01199961
0.01100421
0.01199436
0.01051736
0.01314187
0.01099992
0.01200080
0.01300788
0.01102257
0.01150703
0.01053524
0.01200032
0.01107192
0.01218748
0.01199937
0.00999856
0.01152706
0.01099992
0.01099920
0.01100039
0.01100826
0.01100349
0.01253104
0.01199198
0.01000023
0.01100039
0.01056290
0.00899839
0.01052213
0.01099968
0.01000667
0.00800872
0.00899816
0.00899816
0.00899696
0.00900030
0.00900006
0.00900793
0.00999999
0.01000071
0.01001716
0.00920916
0.00999379
0.00899386
0.00999999
0.00899935
0.00800800
0.01000118
0.00999975
0.00900674
0.00992322
0.00899220
0.00800753
0.00899982
0.00902295
0.01052809
0.00749016
0.00799990
0.00799990
0.01016688
0.00994158
0.01099944
0.00910091
0.01111460
0.00899291
0.01430869
0.00999188
0.01152039
0.01201367
0.01053357
0.01099968
0.00999355
0.01100039
0.00921988
0.01000357
0.01300311
0.00737166
0.01178288
0.00899982
0.00939703
0.00924921
0.01201487
0.00884819
0.00700831
0.01106834
0.01100826
0.00899744
0.01100850
0.00850606
0.00799870
0.00717378
0.00901747
0.00598884
0.00800061
0.00900698
0.01099992
0.00999331
0.01118898
0.00787854
0.00900459
0.01052523
0.00800109
0.00700927
0.00800467
0.00701237
0.01000857
0.00999999
0.00799990
0.00699234
0.01000810
0.00800753
0.00798917
0.01324344
0.00998974
0.01198649
0.00949907
0.00905037
0.00984240
0.00815749
0.00800037
0.00992751
0.00866699
0.00999689
0.00845575
0.00836325
0.00801063
0.01201081
0.01199937
0.01148963
0.01191092
0.00751376
0.01300216
0.00950480
0.01200342
0.00903463
0.01039863
0.00765657
0.00800228
0.00999355
0.00701022
0.00700736
0.00700045
0.00999570
0.00746679
0.00801945
0.01100039
0.00900626
0.01200342
0.01100755
0.01151681
0.00971818
0.00999975
0.00982618
0.01047397
0.01200938
0.01000237
0.01206326
0.00999284
0.01099968
0.01046276
0.01132059
0.01176286
0.01202106
0.00825644
0.01118040
0.01199603
0.01112580
0.01067138
0.01050162
0.01242900
0.00900936
0.01151443
0.01100111
0.01192379
0.00980806
0.00999355
0.01151490
0.00862980
0.00899696
0.00791192
0.00900769
0.00932837
0.00949478
0.00900221
0.01051855
0.00991154
0.01000810
0.01000714
0.01109433
0.00842500
0.00805998
0.00900030
0.00925398
0.01153708
0.00842357
0.00707936
0.00800967
0.00900817
0.00906777
0.00648737
0.01178789
0.01000452
0.01000333
0.00900698
0.01000810
0.01100898
0.00800753
0.00900626
0.01029634
0.00726581
0.00799203
0.00927329
0.00899887
0.00898767
0.00700641
0.01119709
0.01052809
0.00899959
0.01108050
0.01099801
0.00800848
0.01000738
0.00939417
0.01027346
0.00999999
0.00939584
0.00899911
0.01000762
0.01100206
0.01019216
0.00852752
0.00999975
0.00992608
0.00999880
0.00999928
0.00949812
0.01001191
0.01105142
0.00900030
0.00999308
0.00999999
0.00999808
0.00999165
0.00900888
0.00821710
0.00900316
0.00800848
0.00800800
0.00799990
0.00900102
0.00800419
0.01055980
0.01116776
0.01200652
0.00999308
0.01129460
0.01234221
0.00999951
0.01242423
0.01100683
0.01200747
0.01100731
0.01207209
0.01000547
0.00901985
0.01153541
0.01151657
0.01299787
0.01074457
0.01199961
0.00946450
0.00777102
0.00853515
0.01000834
0.01200604
0.01099944
0.01400733
0.01049209
0.01251554
0.01152325
0.01200032
0.01034737
0.00907135
0.01117778
0.01062250
0.01207471
0.01200080
0.01306653
0.01196861
0.01189160
0.01391292
0.01202297
0.01399994
0.01342440
0.01199985
0.01000023
0.01099920
0.01002407
0.01101303
0.01300025
0.01202703
0.01400018
0.01300788
0.01400399
0.01235032
0.01401114
0.01600170
0.01269245
0.01157260
0.01354146
0.01399970
0.01600695
0.01199174
0.01395273
0.01406169
0.01100969
0.01304245
0.01200032
0.01208758
0.00913858
0.00900149
0.01200414
0.01099920
0.01200414
0.01100636
0.01108599
0.00899911
0.00910902
0.01068211
0.01098013
0.01010776
0.00975680
0.01246524
0.01199555
0.01205635
0.01172924
0.01299739
0.01000094
0.01299357
0.00999570
0.01299667
0.01311660
0.01399660
0.01400113
0.01416779
0.01342797
0.01017976
0.01050854
0.01181197
0.01400781
0.01252508
0.01448345
0.01100731
0.01146626
0.01172638
0.01342034
0.01100826
0.01200843
0.01100755
0.00908232
0.01248193
0.01157093
0.01433492
0.01100063
0.00900865
0.01228142
0.01379013
0.01286387
0.01254463
0.01079702
0.01448822
0.01899981
0.01545405
0.01535940
0.01399970
0.01400805
0.01300001
0.01210618
0.01252627
0.01199889
0.01100683
0.01115370
0.01100039
0.01601505
0.01601410
0.01300573
0.01107216
0.01201057
0.01400018
0.01614976
0.01300526
0.01049805
0.01299930
0.01099992
0.00932956
0.01325631
0.01150703
0.00998855
0.00866437
0.01600742
0.01401114
0.01110005
0.01299953
0.01101780
0.01100254
0.01091957
0.01299930
0.01301670
0.01490355
0.01618218
0.01463914
0.00818491
0.00856018
0.00800514
0.01082826
0.01420283
0.01199985
0.01212168
0.00999928
0.01199055
0.01099229
0.01310301
0.01043820
0.01201439
0.01100945
0.01299262
0.01392269
0.01410317
0.01418328
0.01500726
0.01002479
0.00750589
0.00800014
0.00899649
0.00872111
0.01199079
0.00993752
0.00936079
0.01300001
0.01299143
0.01099777
0.01638317
0.01345968
0.00799918
0.01045990
0.01004481
0.00960588
0.01001525
0.01191425
0.01700783
0.01200056
0.01099920
0.01600003
0.01150441
0.02350521
0.01387310
0.01200008
0.01710773
0.02500033
0.01099968
0.02300000
0.01100302
0.02050257
0.01200032
0.01099920
0.01200008
0.01200199
0.01150656
0.01199865
0.01302075
0.00924325
0.00891924
0.01300049
0.00911999
0.01203418
0.01529908
0.01546788
0.01000881
0.01299119
0.01200032
0.01100183
0.01600361
0.01300597
0.01399755
0.01209903
0.01399732
0.01199818
0.01400018
0.01107454
0.01141000
0.01318622
0.00899959
0.00999451
0.00999045
0.01200771
0.01299977
0.00799108
0.00898552
0.00981832
0.01177096
0.01001000
0.01251769
0.01500583
0.01498723
0.01051116
0.00948000
0.01009583
0.01100564
0.01087022
0.00954461
0.00799966
0.00862360
0.01099992
0.01500082
0.01500320
0.01299167
0.01100016
0.01273489
0.01499939
0.01399684
0.01520300
0.01499915
0.01295567
0.01399970
0.01423740
0.01455641
0.01405048
0.01307678
0.01399684
0.01277113
0.01285172
0.01328588
0.01550984
0.01400781
0.01300001
0.00999308
0.01532030
0.01445770
0.01298666
0.01304245
0.01299977
0.01199746
0.01571298
0.01319337
0.01300025
0.01435447
0.01242208
0.01341724
0.01474261
0.01200557
0.01248336
0.00940824
0.01000023
0.01400924
0.01452041
0.01360393
0.00898814
0.01417875
0.00915670
0.01499963
0.00953650
0.01451468
0.01750708
0.01401377
0.01299953
0.01401353
0.01361585
0.01299596
0.01400852
0.01304197
0.01261044
0.01391459
0.01499176
0.01243544
0.01388478
0.01238918
0.01199532
0.00946927
0.01321292
0.01324606
0.01431465
0.00876212
0.01046491
0.00999284
0.00899100
0.01051712
0.01200747
0.00985837
0.00898743
0.01199746
0.00889611
0.01401234
0.01895404
0.01327658
0.01173472
0.01400852
0.01341152
0.01450801
0.01234937
0.01218176
0.01299953
0.01310778
0.01201129
0.01301599
0.01187706
0.01327157
0.01101327
0.01082277
0.01099372
0.01451540
0.01305270
0.01264548
0.01299238
0.01084971
0.01201344
0.01100039
0.01299810
0.01400876
0.01300049
0.01362848
0.01200914
0.01446772
0.01500678
0.01243591
0.01500106
0.01201105
0.01310015
0.01060486
0.01299381
0.01200056
0.01401234
0.01100159
0.01233149
0.01118040
0.01250505
0.01171565
0.01401877
0.01398754
0.00900149
0.01000953
0.00890708
0.01200843
0.00950313
0.01100063
0.01396680
0.01334667
0.01146221
0.01300001
0.01306152
0.01120925
0.01141453
0.01301146
0.01253319
0.01449108
0.01400495
0.01299334
0.01401305
0.01151657
0.01199889
0.01200676
0.01299238
0.00914431
0.01199341
0.01605129
0.00999975
0.01000094
0.00963950
0.01037693
0.00799990
0.00844502
0.00900006
0.00900221
0.01150370
0.01099920
0.01157308
0.01200891
0.01099944
0.00812912
0.00903463
0.00750613
0.01000047
0.00790930
0.00652742
0.00999999
0.01099896
0.00913286
0.00700021
0.01200438
0.01100063
0.01200294
0.00800872
0.01215506
0.01099133
0.01002192
0.00952291
0.00899982
0.01000261
0.00999999
0.01000905
0.01000857
0.00799918
0.00800681
0.00798535
0.00901031
0.00993800
0.01073670
0.00900054
0.01300335
0.01100206
0.01001549
0.00803709
0.00814223
0.00800157
0.01201034
0.00847077
0.00798774
0.00899911
0.00798869
0.00740552
0.00699902
0.00699997
0.00775385
0.00700307
0.00598717
0.00698853
0.00662374
0.00600004
0.00702524
0.00599289
0.00851560
0.00599980
0.00902629
0.00696135
0.01126719
0.00700402
0.00649238
0.00700164
0.00799847
0.00700021
0.00750685
0.00701046
0.00701308
0.00740933
0.00798750
0.00801086
0.01000714
0.00799966
0.00901031
0.00700068
0.00800014
0.00800800
0.00704122
0.00850892
0.01099968
0.00999951
0.00901270
0.00805449
0.00900006
0.00991225
0.00801253
0.00999999
0.00808215
0.00993943
0.00899935
0.00712228
0.00799274
0.00999141
0.00779676
0.00599813
0.00699854
0.00499892
0.00700092
0.00608230
0.00611854
0.00662255
0.00599694
0.00799680
0.00500441
0.00999355
0.00800037
0.00762820
0.00600147
0.00809813
0.00900507
0.00673199
0.00598359
0.00599241
0.00501657
0.00500059
0.00696754
0.00500035
0.00700498
0.00718975
0.00800824
0.00701022
0.00500154
0.00708437
0.00711870
0.00622106
0.00600863
0.00775743
0.00700021
0.00500035
0.00799131
0.00649762
0.00701118
0.00508642
0.00652361
0.00699925
0.00601172
0.00700784
0.00600243
0.00589705
0.00652480
0.00650692
0.00498986
0.00601053
0.00500941
0.00612736
0.00550604
0.00499940
0.00701404
0.00491643
0.00599027
0.00799990
0.00504708
0.00900769
0.00803447
0.00499201
0.00450516
0.00599694
0.00503230
0.00500941
0.00699997
0.00899220
0.01101375
0.00800896
0.00648570
0.00700855
0.00750828
0.00799775
0.00851250
0.00825953
0.01099992
0.00654697
0.00501227
0.00600672
0.00599146
0.00704002
0.01000857
0.01462269
0.01400805
0.01199102
0.00800705
0.01187968
0.00734115
0.00801420
0.01028538
0.00742626
0.00999951
0.00800061
0.01000905
0.01200986
0.01405883
0.01124668
0.00968385
0.00951195
0.00722861
0.00699997
0.00560951
0.00800776
0.00903726
0.01421094
0.00898814
0.00753212
0.01100922
0.00831866
0.00601149
0.01100945
0.01056075
0.00899506
0.01100039
0.00813770
0.00753713
0.00700998
0.00599933
0.00827336
0.01026750
0.00699973
0.00833058
0.01161480
0.01200652
0.00843906
0.00960469
0.00702262
0.00578308
0.00900769
0.00901580
0.00899172
0.01299238
0.01100755
0.00737429
0.01298881
0.00700164
0.00848460
0.00702977
0.01049376
0.00700235
0.00799036
0.00700188
0.00945926
0.00900126
0.00899863
0.00697827
0.00718427
0.00869608
0.00521827
0.00800443
0.00847125
0.01145983
0.00700068
0.01200867
0.00601196
0.00886369
0.00641775
0.01136971
0.00598979
0.00638103
0.00701666
0.00981998
0.01200771
0.01300216
0.01000571
0.01498795
0.00900006
0.00699830
0.00699186
0.01024747
0.00910640
0.00598693
0.00800800
0.00699949
0.01294637
0.00800204
0.00699878
0.00960302
0.00699401
0.00699091
0.00898194
0.00724387
0.00699949
0.00898767
0.00702310
0.00600004
0.00810528
0.01100874
0.00899124
0.01024222
0.00800109
0.00699949
0.00999165
0.00700140
0.00901008
0.00719929
0.00699973
0.00700831
0.00847483
0.00651383
0.00611210
0.00698233
0.00699043
0.00607252
0.00600123
0.01115823
0.00637436
0.00699091
0.01001668
0.01015615
0.00723338
0.00800776
0.01501322
0.01201487
0.00799727
0.00902319
0.01151323
0.00900126
0.00699663
0.01115656
0.01065755
0.01001310
0.00800586
0.00743341
0.00900030
0.00773311
0.00909662
0.00900006
0.00749135
0.00845337
0.00801277
0.00799417
0.01151466
0.00800729
0.01100779
0.01200938
0.00857472
0.00906515
0.00601363
0.00799441
0.00665307
0.00730014
0.00799918
0.01100874
0.01101255
0.01000738
0.00799227
0.01300454
0.01108599
0.00999975
0.01300788
0.00999999
0.00918674
0.01000166
0.01214170
0.00700235
0.00699949
0.00776100
0.00800705
0.01129341
0.00623894
0.00800204
0.01000810
0.00750566
0.01200032
0.01400590
0.00806856
0.01000667
0.01200843
0.00812626
0.00701094
0.00956869
0.01200628
0.00900769
0.00999975
0.00969481
0.00899887
0.00901389
0.01151443
0.00699162
0.00800514
0.00849915
0.00699234
0.00701261
0.00699377
0.00999141
0.02250361
0.01100254
0.01063085
0.00899100
0.01799989
0.00800252
0.00950408
0.00899935
0.02500081
0.00899935
0.00799942
0.01099873
0.00950217
0.00900030
0.00899148
0.00999975
0.01100063
0.00901079
0.00898957
0.01900125
0.01051593
0.00899935
0.00900006
0.00799990
0.00899863
0.01051259
0.01099968
0.00999999
0.01100039
0.01001048
0.01000190
0.02150416
0.01000071
0.01099920
0.02200007
0.01100230
0.01150584
0.00999928
0.02200031
0.00900006
0.01099992
0.02200055
0.01000118
0.01100087
0.01098061
0.01199985
0.00999856
0.01099133
0.01200008
0.01300025
0.00899959
0.01100039
0.01099896
0.00900149
0.00952148
0.00963759
0.01099896
0.00999904
0.00999928
0.00900126
0.02850676
0.01151729
0.01000977
0.01199937
0.01400042
0.02550435
0.01100016
0.01099944
0.01199985
0.01100826
0.01100278
0.01107240
0.01099157
0.01100087
0.01199079
0.01100016
0.01100850
0.01349258
0.01099920
0.01199865
0.01193166
0.00941610
0.01200056
0.00801468
0.01256132
0.00889659
0.01233459
0.01100826
0.01399803
0.00900054
0.00900626
0.01341534
0.01399088
0.01200867
0.01008463
0.00890374
0.01300049
0.01300573
0.01109266
0.01199055
0.01100349
0.00799227
0.00915003
0.00900769
0.01333284
0.00838828
0.00899935
0.01199150
0.01248789
0.01100039
0.01247907
0.01417470
0.01353550
0.01299214
0.01100135
0.01399064
0.01100636
0.01199484
0.01150584
0.01000762
0.01701856
0.00998926
0.00924444
0.01242018
0.01304317
0.01205707
0.01404047
0.01600862
0.01400757
0.01300979
0.01384974
0.01543570
0.01317286
0.00900912
0.01083136
0.01500225
0.01211596
0.01300049
0.01099229
0.01249528
0.01100039
0.01201320
0.01229429
0.01002169
0.01410127
0.01299953
0.01299119
0.01302028
0.00975490
0.01199961
0.01600170
0.00892019
0.00951171
0.01202035
0.01023626
0.01199961
0.01150823
0.00899148
0.00800133
0.01100683
0.00999308
0.01221204
0.01200747
0.01200461
0.01000857
0.01200867
0.01100874
0.01201487
0.01201940
0.01100016
0.01199150
0.01000190
0.01199079
0.00800323
0.00899124
0.00999784
0.00900984
0.00899982
0.00900769
0.00900722
0.01301241
0.00950336
0.01300716
0.00900531
0.00962186
0.00900769
0.00900102
0.00799155
0.01302171
0.00959921
0.01324892
0.01200032
0.01200008
0.00941300
0.00914598
0.01181173
0.01400709
0.01400661
0.00952816
0.00814581
0.00899100
0.01300144
0.00790858
0.00806069
0.00828862
0.00932145
0.00937796
0.01200056
0.01401448
0.01153588
0.01200604
0.01100731
0.00899220
0.00999570
0.00900483
0.01001453
0.01051736
0.00799751
0.01000619
0.00799155
0.00966120
0.01200032
0.01099777
0.00900698
0.01199889
0.00999975
