0.00699997
0.00800014
0.00799942
0.00799942
0.00799966
0.00799131
0.00799966
0.00752902
0.00799179
0.00999999
0.00799179
0.00700784
0.00739121
0.00699902
0.00700092
0.00600171
0.00799227
0.00699925
0.00799990
0.00900030
0.00900054
0.00800085
0.00600982
0.00700045
0.00799990
0.00799155
0.00815940
0.00701451
0.00800014
0.00752282
0.00699902
0.01000071
0.00855374
0.00799108
0.00900102
0.00826573
0.00800896
0.00700068
0.00699139
0.00699210
0.00799990
0.00699997
0.00799179
0.00900030
0.00699973
0.00818753
0.00800800
0.00799203
0.00899124
0.00700831
0.00999427
0.00799131
0.00600028
0.00601363
0.00753450
0.00700021
0.00799179
0.00899148
0.00899982
0.00801015
0.00900102
0.00700045
0.00802374
0.00800014
0.00652313
0.00900817
0.00899887
0.00700045
0.00899076
0.00899935
0.00700068
0.00800490
0.01050138
0.01100039
0.00700188
0.00800824
0.00999165
0.01100159
0.00741935
0.00799012
0.00899959
0.00991368
0.00799632
0.00799179
0.02250385
0.01100206
0.00716448
0.00761533
0.00899935
0.01100874
0.00702286
0.00699997
0.00999928
0.00898910
0.00700808
0.00699759
0.00900221
0.00700116
0.00800800
0.00800920
0.01299858
0.01500940
0.00900865
0.00901365
0.01050425
0.00800180
0.00699973
0.00801277
0.00999999
0.00900292
0.00734401
0.00999045
0.02599978
0.00900841
0.00899982
0.02450395
0.00999904
0.00700712
0.01000381
0.00899982
0.01398778
0.00902224
0.00851560
0.00900030
0.00900054
0.01108479
0.00799608
0.00999069
0.00900197
0.01399899
0.00900388
0.00900126
0.01099515
0.02100039
0.01000190
0.00850224
0.00800061
0.00900078
0.02399993
0.00900149
0.00900459
0.00815892
0.00800061
0.00900006
0.00899982
0.01000023
0.00999188
0.01000023
0.01100326
0.00952673
0.01000094
0.00887561
0.01000118
0.00899911
0.01000023
0.01000071
0.01001382
0.00953174
0.00999999
0.00800991
0.00900030
0.00900674
0.00999856
0.00800848
0.00800705
0.01050615
0.00899172
0.00799179
0.00900412
0.00999999
0.00999975
0.00899196
0.00848770
0.00899267
0.00800133
0.00901771
0.00852013
0.00901270
0.00899172
0.01000667
0.00899982
0.00800657
0.00851703
0.01000237
0.00999999
0.01099992
0.00905156
0.00900006
0.00900006
0.01001358
0.00899220
0.00900793
0.00900030
0.01099992
0.00998974
0.00919485
0.00900149
0.00902224
0.01000881
0.00899506
0.00800800
0.01099324
0.01001072
0.00899982
0.00799942
0.00799918
0.00699925
0.00700116
0.00920796
0.00800800
0.00800943
0.00999928
0.01000643
0.01000810
0.01000857
0.00799775
0.00878549
0.01099968
0.00751829
0.00747633
0.00814176
0.00600004
0.00599909
0.00700974
0.00801349
0.00851250
0.00899243
0.00651360
0.00701165
0.00894117
0.00900912
0.00999236
0.01099324
0.01000857
0.00801349
0.00699973
0.01052070
0.01404309
0.01327419
0.01200485
0.00801229
0.01100707
0.00899339
0.00950265
0.00899935
0.00899959
0.00899959
0.00798869
0.00700831
0.00901961
0.00601006
0.01152325
0.00752091
0.00799990
0.00800085
0.01046467
0.00849319
0.00800037
0.00800753
0.00913715
0.00699544
0.00817323
0.00715685
0.01099992
0.00800085
0.00701594
0.00999999
0.01100707
0.01100683
0.01013112
0.00851059
0.00899911
0.01000667
0.00899959
0.00651741
0.00700045
0.00700665
0.00800157
0.01001048
0.00701976
0.00802326
0.01000023
0.00799251
0.00823689
0.00577116
0.00700164
0.00774431
0.00800824
0.00593519
0.00701594
0.00600171
0.00652146
0.00600219
0.00651169
0.00670338
0.00800562
0.00599885
0.00919223
0.00999951
0.00820088
0.00800037
0.00752115
0.01100826
0.00999999
0.00699949
0.00901079
0.00999928
0.00899982
0.00801039
0.00750089
0.01101804
0.01000524
0.00500059
0.00798988
0.00632954
0.00700831
0.00800776
0.01200199
0.00849557
0.00699210
0.00999928
0.00999951
0.00700283
0.01218057
0.00727153
0.00800180
0.00711966
0.00900960
0.00699925
0.00751662
0.00704551
0.00601053
0.00716376
0.00519180
0.00599837
0.00642562
0.00800967
0.01001620
0.00600886
0.01000977
0.00654912
0.00601029
0.01000810
0.00700164
0.00656152
0.00611305
0.00898981
0.00952101
0.01211643
0.01001358
0.00800180
0.01001191
0.00999618
0.01200581
0.00700331
0.00700331
0.00751734
0.00760555
0.01115537
0.01000571
0.00782609
0.01050878
0.01000023
0.01304960
0.00972342
0.00819159
0.00900078
0.00699973
0.00999999
0.01100540
0.00999165
0.00800061
0.00952196
0.00800014
0.01399994
0.00930524
0.02199984
0.01001167
0.00999975
0.00798917
0.00899768
0.00901103
0.00900197
0.00838518
0.00805449
0.00999975
0.00804973
0.00850892
0.01100206
0.00700188
0.00910854
0.00904560
0.00987434
0.00705004
0.01004314
0.00802445
0.00960398
0.00601864
0.00700021
0.00700116
0.00599623
0.00700092
0.00596738
0.00700259
0.00724912
0.00498748
0.00600004
0.00600839
0.00525713
0.00601077
0.00800037
0.00700164
0.00602841
0.00800705
0.00628757
0.00577497
0.00800705
0.00742769
0.01001501
0.01103210
0.00918007
0.01089597
0.00799990
0.00665879
0.00707030
0.00599551
0.00550127
0.00700688
0.00600886
0.00599980
0.00836182
0.00700140
0.00649786
0.00704932
0.01000071
0.00646830
0.01450610
0.00699997
0.00900841
0.00712371
0.00730371
0.00800848
0.00700617
0.00600410
0.00701213
0.01099968
0.01299214
0.01700306
0.00932336
0.01100612
0.00699949
0.00900054
0.00699925
0.00917387
0.00555778
0.00599003
0.00699902
0.00800514
0.00600028
0.00900793
0.00655913
0.00650716
0.00599289
0.00601077
0.00582623
0.00555730
0.00546384
0.00700116
0.00601006
0.00901079
0.01250434
0.00600004
0.00729513
0.01007819
0.00647783
0.00700688
0.00874424
0.01293969
0.00800204
0.01150537
0.02899933
0.01000142
0.00898981
0.00900006
0.00800252
0.00799966
0.00850511
0.00900030
0.00699234
0.00899982
0.01900077
0.00801373
0.01001024
0.00850487
0.00899982
0.00800323
0.00799990
0.00899291
0.00799894
0.00999975
0.00700068
0.01051235
0.00799441
0.00900054
0.00699949
0.01000047
0.00799966
0.00799441
0.00800109
0.00950217
0.01111627
0.00700068
0.00799966
0.00699973
0.01998520
0.01200080
0.00800109
0.00951266
0.00699830
0.02399993
0.00699973
0.00699949
0.00899982
0.02100348
0.00950527
0.00699997
0.00800061
0.00700068
0.00999975
0.01100087
0.00799966
0.00800610
0.00650263
0.01700091
0.00900149
0.00700521
0.00799394
0.00700092
0.01800132
0.00799942
0.00850463
0.00799918
0.00799775
0.02199984
0.01000118
0.00799966
0.00700212
0.01250219
0.00799990
0.00700474
0.00799751
0.00799561
0.02100015
0.00999999
0.00700426
0.00751042
0.00800061
0.00699973
0.00799990
0.00899982
0.00799394
0.00799942
0.00699973
0.01007128
0.00700593
0.00799918
0.00699449
0.00999951
0.01100111
0.00799942
0.00800133
0.00809956
0.01799989
0.00899982
0.00900030
0.00999308
0.00800014
0.01000237
0.00926352
0.00799966
0.00899434
0.00899959
0.00799990
0.00899982
0.00999975
0.00900149
0.00850320
0.00809813
0.00900197
0.00900459
0.00899673
0.00900173
0.00900173
0.01001263
0.00851035
0.00899148
0.01008654
0.01457500
0.01000834
0.00800920
0.00999951
0.00899959
0.00951195
0.00988936
0.01100087
0.01099920
0.00999928
0.01070142
0.00950289
0.01291442
0.00806379
0.00928783
0.00792861
0.00789762
0.00899410
0.00599790
0.00589824
0.00900841
0.00842047
0.00800061
0.00700641
0.00599194
0.00943804
0.01147699
0.00699997
0.00715590
0.00741434
0.00701046
0.01099467
0.01151133
0.01099992
0.00937009
0.00699139
0.00799990
0.01099777
0.00800943
0.01101136
0.01051497
0.00900054
0.00799870
0.00700021
0.00699496
0.00700378
0.00999856
0.00674248
0.01202011
0.00818324
0.00800800
0.02144957
0.00799155
0.01000762
0.00726509
0.00808978
0.00911403
0.01205420
0.01000071
0.01043367
0.00799894
0.00800776
0.00740647
0.00841641
0.01102328
0.00837994
0.01101518
0.01283383
0.00700831
0.00800061
0.00800657
0.00900841
0.00900054
0.01100469
0.01104999
0.01013517
0.01200032
0.01399994
0.01000094
0.00800014
0.00902247
0.00902414
0.01000071
0.00800800
0.01000881
0.01000214
0.00799990
0.00800180
0.01023865
0.00900245
0.00899172
0.00999093
0.01100039
0.00900078
0.00900006
0.00799274
0.01000023
0.00811219
0.01053810
0.00900841
0.00899959
0.01799965
0.00791192
0.00810337
0.00952530
0.00800133
0.00699854
0.00900054
0.00801063
0.00899911
0.00998998
0.01799226
0.01151347
0.00899982
0.00900030
0.00899959
0.01000071
0.00800753
0.00898933
0.00819159
0.01100016
0.01100063
0.00911593
0.00799918
0.00899172
0.01299977
0.01199937
0.00956440
0.00799227
0.01000094
0.01400113
0.00800037
0.00899172
0.00800180
0.01000094
0.01000834
0.00899839
0.00899124
0.00800347
0.00901842
0.00999999
0.00900054
0.00799990
0.00800061
0.00900030
0.00900722
0.00900006
0.00999069
0.01055098
0.00818324
0.00961113
0.00799131
0.01099968
0.01200056
0.00800848
0.00900960
0.00799131
0.00954413
0.00800109
0.01000690
0.00899935
0.00899172
0.01100278
0.00752568
0.00799394
0.00799131
0.01200056
0.00999856
0.00999999
0.02249503
