0.01600075
0.01340461
0.01363349
0.01301050
0.01400828
0.01299644
0.01097965
0.01399231
0.01400781
0.01550722
0.01300073
0.01299572
0.01300335
0.01450324
0.01900077
0.01600051
0.01899934
0.01550412
0.01699853
0.01600337
0.01500297
0.01907253
0.01400113
0.01399946
0.02800250
0.01413584
0.01399946
0.01400185
0.01599097
0.01900053
0.01350594
0.00999999
0.01098323
0.01300049
0.01200032
0.01053476
0.02104688
0.01043272
0.01199937
0.01399994
0.01000047
0.01150274
0.00999928
0.00964522
0.01099992
0.01100564
0.01000094
0.01300049
0.01099849
0.01099968
0.01499939
0.01000023
0.01150727
0.01299763
0.01800084
0.01299977
0.01299429
0.01824880
0.01399994
0.02600002
0.01300573
0.01450348
0.01900029
0.01299906
0.02900171
0.01250529
0.01499891
0.01300120
0.01299953
0.01581311
0.01399970
0.01200104
0.01299930
0.01400065
0.01200056
0.02599955
0.01200056
0.01199961
0.02500057
0.01350665
0.01400018
0.01999998
0.01199436
0.01299477
0.01350474
0.01400065
0.01299906
0.01499987
0.01500297
0.02100158
0.01800203
0.01370192
0.01199412
0.01002121
0.01251841
0.01200032
0.01200438
0.01299953
0.02099991
0.01552987
0.01300597
0.01200628
0.01400137
0.01401019
0.00999331
0.01368237
0.01595902
0.01099968
0.01168966
0.01399803
0.01055551
0.01256156
0.01450348
0.00999975
0.01072478
0.00899911
0.01398826
0.01509166
0.01151991
0.01399970
0.01313829
0.01499200
0.01604414
0.01476073
0.01079583
0.01011086
0.01049781
0.01099849
0.01081491
0.01100421
0.01453996
0.01400757
0.01400018
0.01202440
0.01041532
0.00947547
0.01210475
0.01000237
0.00900841
0.01025033
0.00900960
0.00899982
0.01099873
0.01008010
0.00950432
0.00838256
0.01010919
0.00900292
0.01205301
0.01099110
0.00943327
0.00989699
0.00999022
0.01204038
0.01001072
0.01099777
0.01001000
0.01212001
0.01597142
0.01350379
0.03100061
0.01100063
0.01200151
0.01049995
0.01297116
0.01200008
0.02300072
0.01100278
0.01150727
0.02399826
0.01099658
0.01200008
0.01100159
0.01700282
0.01099944
0.01099944
0.01399875
0.01200199
0.01099849
0.01500273
0.01100039
0.02400136
0.01214576
0.00999880
0.02399015
0.01499939
0.01100445
0.01113033
0.01300025
0.01100159
0.01199603
0.01200032
0.01100612
0.01200032
0.01799917
0.01600718
0.01200390
0.01100087
0.01200032
0.01199269
0.01199532
0.01100016
0.01199937
0.01200771
0.01224804
0.01500082
0.01199412
0.01099992
0.01150227
0.01099968
0.01199412
0.01099873
0.01100016
0.01000977
0.01100159
0.01000166
0.01000214
0.01100206
0.01099920
0.00999999
0.01500225
0.01152897
0.02499962
0.01500034
0.01100516
0.01301241
0.01200032
0.01090288
0.01099944
0.01400042
0.00999141
0.01351976
0.01200032
0.01191378
0.01200008
0.01256728
0.01191807
0.01199961
0.01400161
0.01199889
0.02549505
0.01209021
0.01000142
0.00999904
0.01100183
0.01165795
0.01300001
0.01000166
0.01100874
0.01200724
0.01500535
0.02550721
0.01699948
0.01599860
0.01300788
0.01253462
0.01150537
0.01111054
0.01200891
0.01300764
0.01002431
0.01702213
0.01449990
0.01100087
0.01348948
0.01049972
0.01614761
0.01250315
0.01298785
0.01641059
0.01501393
0.01351070
0.01500797
0.01800013
0.01399732
0.01601481
0.01720929
0.01399279
0.01299024
0.01012087
0.01063681
0.01259184
0.01199937
0.01400876
0.01600003
0.01599956
0.01305795
0.01227331
0.01701188
0.01200914
0.01399374
0.01180553
0.01177669
0.01299119
0.01086998
0.01300025
0.01020026
0.01049447
0.01502562
0.01078010
0.01200581
0.01243210
0.01099181
0.01614046
0.01314831
0.01096106
0.01022196
0.01099992
0.01100945
0.01181269
0.01450372
0.01250267
0.01301193
0.01000071
0.00942230
0.00899863
0.01099992
0.00906086
0.00911927
0.01051354
0.01000690
0.01093292
0.00919628
0.00899792
0.01000929
0.00946188
0.00948620
0.00950408
0.00826812
0.01002550
0.00750375
0.00900030
0.00816154
0.00822449
0.00764179
0.00750232
0.00832534
0.00750613
0.00743365
0.01025677
0.00920534
0.00950432
0.00950646
0.00969338
0.00822186
0.00804377
0.00909162
0.00847173
0.00699925
0.00799799
0.00699949
0.00823712
0.00799012
0.00763822
0.00902009
0.00851512
0.00739121
0.00800848
0.00733614
0.00744772
0.00637460
0.00680137
0.00800323
0.00806785
0.00860310
0.00998044
0.00800896
0.00630069
0.00956631
0.00800967
0.00700784
0.00707912
0.00651598
0.00712419
0.00614381
0.00684857
0.00800061
0.00700498
0.00699925
0.00700760
0.00798488
0.00694060
0.00900674
0.00700116
0.00766754
0.00806117
0.00900102
0.00679970
0.00700212
0.00700068
0.00700808
0.00806022
0.00699401
0.00649905
0.00628281
0.00707102
0.00699711
0.00756383
0.00699115
0.00699997
0.00769448
0.00652647
0.00702071
0.00655293
0.00900865
0.01152587
0.00999999
0.00902534
0.00699878
0.00800538
0.00815129
0.01100039
0.01132059
0.01117802
0.01309681
0.01000071
0.01301146
0.00849295
0.00951266
0.01197958
0.00900865
0.00961995
0.00740528
0.00800943
0.00886393
0.00999784
0.00939918
0.01001573
0.00798106
0.00702596
0.01399994
0.01300025
0.01099062
0.00999975
0.01400495
0.01099610
0.01000023
0.00999165
0.00679040
0.00805879
0.00607634
0.00799847
0.00802231
0.00784135
0.00900817
0.01099133
0.00899434
0.01105165
0.01300788
0.01100111
0.01218247
0.00915194
0.00870061
0.01047730
0.01011467
0.00974488
0.01100826
0.01000738
0.00900793
0.00881433
0.00600243
0.00900054
0.00999856
0.01099944
0.00899148
0.03350735
0.01400161
0.00999165
0.02999949
0.00900054
0.00999928
0.01100063
0.02299905
0.00999999
0.00900197
0.01001048
0.00899911
0.00999236
0.00863552
0.01099920
0.00900173
0.01101065
0.01100039
0.00999904
0.01100016
0.00999284
0.01000834
0.00999951
0.00900054
0.00899839
0.00999999
0.00999999
0.01099992
0.01250267
0.00899529
0.00799966
0.01100039
0.00900412
0.01099992
0.01000118
0.00945616
0.01000071
0.00900507
0.01200271
0.01049876
0.01016235
0.01000023
0.00999928
0.01000834
0.00899959
0.00900030
0.00808978
0.00762153
0.00899458
0.00800037
0.00700092
0.00799489
0.01100087
0.00993371
0.00700378
0.00955200
0.00932217
0.00999284
0.01200676
0.00999331
0.01032734
0.01108336
0.01004910
0.01220512
0.01199150
0.03300428
0.00900006
0.00999904
0.01500964
0.01499963
0.01100087
0.02250385
0.01299882
0.01801825
0.01500487
0.01100063
0.01000476
0.00798655
0.00799227
0.00899053
0.01006913
0.00976968
0.01243186
0.01198053
0.01053596
0.01200032
0.01550174
0.04200578
0.01401067
0.01300812
0.01299214
0.01300597
0.01300669
0.01253486
0.01199865
0.01300073
0.01199150
0.01300526
0.01215124
0.01200080
0.01100039
0.01099396
0.01099277
0.01399875
0.01254153
0.01015377
0.01513147
0.01400685
0.01150107
0.01200104
0.01200247
0.01299071
0.01400971
0.01002192
0.01252937
0.01200128
0.01200032
0.01101208
0.01100802
0.01201510
0.01453090
0.01000142
0.01018691
0.01201034
0.01103973
0.01301122
0.01451635
0.01099968
0.01165748
0.01055360
0.01050615
0.00799322
0.01150346
0.00899601
0.01200032
0.01000071
0.01100063
0.00932956
0.00898814
0.01002312
0.01304150
0.01089382
0.01401091
0.01400018
0.01300740
0.01401067
0.01000166
0.00999928
0.01001239
0.00900054
0.01000190
0.01113391
0.00950074
0.01052618
0.00907564
0.01001024
0.01399994
0.01300097
0.01399612
0.01475835
0.00950313
0.00800014
0.00900173
0.00801110
0.00938892
0.01299191
0.01199055
0.00950480
0.01100802
0.01116776
0.01399875
0.01300812
0.01200819
0.01010942
0.01006842
0.00841880
0.00999880
0.01099682
0.01099992
0.01299977
0.01305914
0.01265550
0.01214933
0.01100016
0.01300025
0.01200008
0.01199818
0.01100016
0.00899982
0.00807714
0.01199365
0.00927091
0.00900841
0.01299930
0.01199341
0.01400781
0.00900912
0.00899887
0.00899982
0.01341462
0.01203799
0.00952315
0.00799155
0.01099205
0.01300764
0.01299071
0.01399159
0.01199865
0.01499271
0.00891352
0.00992084
0.01600480
0.01000810
0.01188374
0.00944972
0.00837255
0.00900054
0.01000810
0.01100779
0.01099586
0.00900102
0.01422167
0.01298809
0.01018262
0.01099992
0.00899935
0.01200032
0.01219416
0.00799990
0.00850129
0.01099920
0.01000357
0.01000953
0.01032114
0.01101875
0.00950527
0.01000738
0.00899959
0.01400113
0.01100063
0.01300406
0.01251602
0.01400065
0.01400805
0.01299191
0.01016259
0.01431441
0.01407886
0.01296997
0.01009488
0.01299596
0.01401496
0.01550388
0.01400065
0.01134491
0.01142955
0.01134205
0.01200175
0.01251769
0.01399994
0.01399946
0.01338744
0.01301599
0.01250887
0.01299953
0.01299119
0.01294827
0.01210523
0.01311421
0.01338530
0.01400137
0.01528096
0.01613092
0.01211882
0.01099133
0.01192451
0.01100111
0.01335359
0.01198983
0.00900078
0.01254702
0.01400042
0.01200032
0.01600003
0.01099849
0.01217079
0.01300573
0.01498890
0.01400423
0.01300263
0.01047921
0.01100969
0.01399136
0.00928259
0.01400948
0.01200056
0.01404405
0.01512480
0.01500010
0.01208401
0.01111245
0.01100016
0.01401377
0.01221919
0.01148868
0.01099944
0.01399946
0.01500225
0.01423168
0.01250601
0.01100063
0.01117754
0.01001191
0.01508212
0.01400304
0.01239514
0.01205444
0.01500821
0.01600075
0.01181459
0.01307368
0.01300836
0.01499200
0.01321316
0.01199412
0.01600599
0.00999928
0.01499987
0.01398993
0.01499009
0.01501441
0.01300812
0.01389551
0.01299953
0.01699066
0.01500583
0.01040554
0.01400948
0.01300001
0.01399374
0.01253033
0.01528120
0.01400304
0.01000333
0.01200557
0.00960302
0.01118398
0.01145840
0.01223063
0.00906396
0.00911808
0.00899649
0.00951076
0.01100492
0.00907636
0.01100039
0.01101041
0.01300812
0.01200867
0.00899386
0.00848937
0.01000810
0.00900030
0.00900078
0.00999618
0.01299024
0.01118159
0.01558757
0.00947356
0.01314473
0.01102829
0.01107836
0.00931573
0.01100349
0.01200747
0.01200652
0.00912404
0.01259542
0.00919771
0.01128387
0.01150870
0.00823593
0.00899601
0.00901437
0.01100755
0.01199865
0.01500607
0.01631927
0.01037025
0.01199913
0.01099849
0.01596189
0.00951767
0.01100111
0.01000071
0.01190114
0.00991702
0.01099062
0.02599955
0.01099944
0.01100016
0.00999999
0.01075411
0.01007342
0.01000166
0.01300120
0.01091242
0.01000261
0.00950289
0.00999951
0.00990391
0.00999045
0.00999975
0.01100087
0.00998259
0.00950742
0.02300310
0.01099968
0.01200104
0.01199937
0.01254249
0.01123643
0.00999093
0.01299977
0.00990534
0.01226163
0.01299977
0.01100874
0.01100087
0.01000023
0.01100111
0.01155853
0.01099110
0.01600957
0.01099920
0.01200199
0.01199985
0.00999427
0.00899100
0.01000094
0.01001167
0.00951481
0.00899959
0.01301527
0.01001048
0.00999212
0.00900078
0.00800037
0.00979137
0.00999928
0.01191068
0.02300072
0.01088834
0.01000094
0.01099920
0.00899363
0.00999951
0.00750256
0.01000047
0.01115203
0.01151848
0.01199985
0.01199985
0.01200795
0.01115584
0.00800204
0.00800014
0.00901127
0.00792718
0.01199698
0.00879240
0.01099944
0.00899982
0.00998974
0.01000071
0.01192141
0.01099968
0.01100111
0.00901675
0.00950336
0.00922585
0.00999212
0.00922298
0.01000905
0.01199865
0.01250219
0.00900507
0.00949121
0.01043034
0.01199222
0.01099133
0.00900626
0.00952029
0.00846767
0.01100993
0.01199937
0.01199460
0.01000214
0.00999713
0.01081467
0.01127338
0.01100016
0.01600480
0.01300263
0.01401305
0.01900077
0.01400471
0.01500320
0.01028323
0.01300287
0.01999807
0.01200032
0.01199841
0.01099801
0.01250243
0.01099038
0.01099992
0.01099873
0.01191711
0.01200390
0.01100993
0.01200938
0.01200008
0.02000022
0.01400161
0.01249695
0.01199937
0.01300192
0.01199174
0.02400184
0.01200056
0.01100516
0.01200056
0.01400089
0.01100159
0.01206517
0.01300740
0.01200485
0.01099849
0.01099968
0.01200628
0.01299191
0.01200056
0.01200557
0.01101327
0.01500034
0.01189804
0.02499127
0.01091576
0.01100016
0.01199460
0.02047610
0.01100802
0.01099110
0.02253652
0.01301289
0.01199174
0.01199985
0.01300168
0.01190400
0.02549672
0.01609063
0.02299976
0.01100755
0.01351237
0.01200008
0.01199985
0.01100850
0.01200247
0.01208138
0.01150393
0.01200128
0.01100993
0.00799727
0.01018572
0.01141930
0.01004219
0.01308918
0.01200867
0.01200867
0.01299024
0.01300001
0.01100492
0.00851750
0.01300812
0.01100039
0.01399994
0.01500630
0.01300049
0.01200199
0.01601887
0.01508069
0.01400018
0.01100135
0.01198983
0.01100945
0.01300669
0.01199174
0.01299119
0.01336288
0.01299953
0.01100779
0.01199150
0.01000834
0.01299405
0.02050662
0.01699972
0.01099968
0.01300025
0.01219249
0.01251411
0.01099992
0.01200032
0.01199746
0.01100135
0.02250361
0.01099992
0.01199985
0.00999999
0.01099896
0.01199961
0.01100039
0.01099896
0.01599813
0.01100016
0.02208972
0.01550579
0.01200008
0.00999928
0.01200056
0.01099610
0.01150274
0.00999999
0.01299977
0.01099992
0.01099896
0.01300216
0.01150870
0.01099992
0.01100016
0.01099920
0.01099682
0.02650666
0.00999784
0.01099181
0.01099944
0.01399994
0.00999308
0.01099920
0.01099992
0.01000071
0.01199937
0.01299906
0.01250505
0.01299977
0.01099348
0.01600027
0.01000738
0.01099873
0.01099920
0.01300049
0.01100039
0.01042485
0.01200223
0.01150346
0.01200032
0.01300001
0.01200008
0.01200080
0.01299667
0.01300120
0.00999951
0.01199579
0.01400113
0.01099992
0.01599956
0.01400089
0.01200485
0.01649761
0.01450276
0.01299882
0.02299523
0.01700568
0.01299977
0.01500034
0.01199937
0.01200008
0.02200079
0.01300049
0.01200056
0.01300025
0.01500058
0.01199818
0.01200199
0.01200056
0.01199937
0.02300024
0.01200151
0.01200056
0.01299906
0.01199818
0.01299071
0.01301146
0.01301837
0.01315856
0.01299143
0.01246214
0.01199961
0.01395154
0.01137471
0.01002955
0.01207423
0.00988460
0.00900102
0.01000094
0.01300859
0.01500201
0.01204300
0.01000810
0.01199198
0.01400280
0.01300192
0.01302290
0.01075649
0.00905704
0.01000023
0.00899935
0.00999236
0.01000762
0.01102734
0.00949621
0.00956178
0.00998998
0.00899124
0.00900054
0.01000047
0.01211238
0.01170635
0.00999951
0.00926638
0.00799918
0.00933099
0.01400232
0.01101351
0.00999999
0.00928116
0.01264834
0.00725961
0.00900722
0.00900006
0.01100945
0.00951672
0.01200771
0.01100922
0.01300049
0.00931287
0.00949335
0.01326275
0.01202345
0.01163244
0.01098561
0.01199985
0.01500225
0.01050615
0.01001143
0.00999045
0.00999928
0.01099849
0.00993323
0.00952935
0.02699637
0.00999117
0.00999022
0.01198936
0.01000690
0.00999069
0.00999951
0.01899981
0.00999904
0.00901055
0.00844622
0.01350188
0.01200032
0.00991225
0.01099014
0.01399994
0.01200414
0.01053119
0.00999069
0.01199985
0.00995326
0.01090908
0.01000071
0.02750683
0.00999928
0.00900030
0.00998855
0.01007628
0.01064253
0.01050973
0.02598929
0.00900149
0.01000094
0.00899982
0.01000023
0.00999451
0.01000023
0.01199961
0.01000047
0.01000595
0.00900555
0.01349568
0.01100039
0.01099348
0.01099467
0.02299953
0.01000667
0.01101184
0.00999975
0.01200032
0.00900078
0.00999498
0.01000142
0.00950432
0.01100707
0.01099300
0.00999999
0.00999975
0.01000714
0.00949836
0.01199389
0.01000142
0.00900221
0.00999451
0.00899935
0.00999880
0.01099348
0.00999331
0.01900077
0.01099944
0.01000094
0.00950313
0.01299953
0.00999999
0.00999379
0.01099181
0.00900030
0.00999999
0.01199317
0.00999951
0.01200080
0.01001120
0.00999403
0.00900197
0.00900340
0.01100636
0.00999904
0.01599360
0.00999618
0.00960946
0.01049829
0.01899981
0.01400948
0.01099825
0.00999951
0.01100039
0.01100087
0.00999355
0.01000094
0.01000428
0.00899625
0.01250339
0.01000023
0.01099873
0.01099396
0.01099992
0.01000285
0.01109982
0.01237154
0.01300049
0.01099849
0.01199937
0.01099968
0.01099968
0.01100540
0.01100230
0.01099825
0.01199985
0.00999165
0.01103425
0.01101470
0.01100087
0.01406145
0.01002932
0.01151395
0.01200104
0.01100159
0.01100159
0.00907922
0.00800872
0.01054668
0.01103520
0.00900364
0.00916839
0.00900269
0.01104426
0.01084018
0.01023388
0.01035285
0.01000071
0.01180434
0.01100659
0.01301455
0.01051664
0.01200128
0.01010108
0.00904012
0.01100826
0.01099443
0.00919342
0.00899959
0.00851393
0.00750375
0.00899935
0.00700092
0.00800037
0.00899124
0.01000857
0.00900245
0.01350665
0.01199937
0.01199269
0.01100016
0.01099300
0.01000285
0.01051474
0.00999188
0.00999141
0.00900841
0.00751305
0.01000762
0.00799751
0.00800705
0.01186156
0.01101160
0.01000905
0.01156759
0.00983191
0.01148891
0.01074600
0.01099801
0.00898981
0.01200080
0.01100183
0.00994134
0.00899959
0.00951576
0.01100731
0.01099777
0.01399231
0.00904036
0.01099777
0.00916386
0.00899935
0.01299977
0.00900722
0.01300025
0.01100349
0.01150537
0.02262497
0.01300120
0.00900507
0.01100206
0.01099968
0.00900054
0.01000023
0.01399922
0.00900078
0.00899959
0.00899935
0.01100039
0.00899982
0.00799870
0.01011801
0.00950384
0.01000023
0.01300097
0.01300001
0.01000094
0.02550220
0.00800776
0.01000023
0.01099992
0.01200175
0.00850272
0.00900054
0.00999355
0.01300049
0.00900006
0.00903058
0.00899959
0.01300168
0.00900006
0.01000071
0.02899408
0.01000524
0.00980616
0.00899911
0.01200008
0.00999999
0.00999975
0.00900102
0.01027727
0.00999951
0.01000071
0.00925350
0.00899959
0.00900006
0.01000071
0.00900030
0.00800109
0.01100039
0.00900173
0.00850821
0.00800061
0.02354717
0.00900626
0.00900054
0.02350736
0.01099992
0.00999928
0.00999880
0.00900030
0.01000142
0.01000118
0.01700044
0.00999880
0.00900006
0.01286435
0.01350451
0.00999928
0.01099873
0.01200056
0.01099968
0.01100206
0.01000166
0.01300025
0.01100016
0.00999832
0.01300192
0.01021409
0.01100016
0.01299977
0.01000142
0.00999880
0.01500130
0.01099992
0.01100683
0.01200032
0.01300359
0.01150441
0.02199960
0.00999880
0.01099992
0.01100063
0.01351166
0.01099968
0.01199961
0.01200008
0.01099944
0.01100016
0.01100039
0.01199818
0.01099968
0.02600193
0.01050425
0.00999999
0.01099968
0.01200008
0.01199913
0.01100039
0.01100016
0.01200056
0.01099992
0.01199937
0.01599884
0.00999951
0.01450300
0.01100039
0.01199937
0.01099944
0.01300240
0.00992656
0.01126838
0.01200819
0.01200056
0.01400018
0.00896072
0.01011157
0.00960422
0.01100516
0.01046729
0.01049352
0.01215410
0.01500583
0.00901318
0.00910449
0.00999928
0.00998282
0.01091576
0.01202869
0.01028013
0.01136041
0.01018357
0.01166296
0.01300907
0.00969434
0.01001048
0.00899959
0.01150608
0.00899053
0.00900006
0.01151490
0.01401091
0.01299238
0.00999999
0.01000190
0.00936818
0.01149702
0.00899148
0.01399875
0.00924349
0.00747061
0.00901961
0.00700021
0.00800085
0.00900817
0.00799108
0.01099968
0.01600099
0.01103497
0.00850248
0.01201248
0.01199245
0.00951266
0.00999093
0.00901222
0.00892210
0.00933743
0.01400042
0.01200819
0.00858665
0.00899172
0.01101112
0.00852156
0.00924444
0.00799012
0.01100945
0.01100016
0.01199961
0.00900102
0.00801277
0.00800014
0.00700021
0.00798774
0.00800014
0.00800037
0.00900006
0.00801039
0.00800920
0.00807357
0.00802636
0.00899839
0.00849080
0.00885248
0.00800419
0.00791812
0.00812411
0.00749421
0.00799537
0.00653338
0.00599980
0.00800157
0.00784659
0.00699997
0.00699186
0.00603104
0.00600624
0.00612092
0.00650692
0.00526309
0.00706482
0.00700045
0.00796986
0.00699186
0.00700951
0.00699139
0.00751376
0.00799870
0.00799489
0.00637627
0.00504756
0.00599265
0.00612235
0.00699258
0.00691557
0.00700140
0.00800896
0.00650573
0.00699377
0.00737095
0.00726914
0.01099968
0.01200080
0.00800014
0.01000023
0.00700021
0.01099992
0.00899887
0.00798702
0.02300072
0.00700092
0.00850463
0.00899959
0.00799918
0.00619912
0.00700068
0.00799060
0.00599194
0.00583529
0.00599360
0.00953126
0.00800133
