0.00996470
0.00599217
0.01000023
0.00644755
0.00899220
0.00800681
0.00800014
0.00700045
0.00700188
0.00650859
0.00550342
0.00646377
0.01082301
0.00749588
0.00705576
0.00600028
0.00900698
0.01499963
0.00999999
0.01100421
0.00951004
0.00800014
0.01100922
0.00800920
0.00699186
0.00899029
0.00700617
0.01126552
0.00811052
0.00899982
0.01199055
0.00699854
0.00999951
0.01332664
0.00934815
0.00900912
0.00800085
0.00799012
0.00799274
0.00799203
0.00640130
0.00800586
0.00793839
0.00650334
0.00600052
0.00900960
0.00799823
0.00702381
0.00901580
0.00953412
0.00899911
0.01200771
0.00799131
0.01299310
0.00800109
0.00902510
0.00753641
0.00808477
0.00701165
0.01199961
0.00899935
0.00999975
0.01000261
0.00751448
0.00900006
0.00799942
0.00899339
0.01899981
0.00801110
0.00800896
0.00801015
0.00800443
0.00800085
0.00900435
0.00900030
0.00798941
0.00700092
0.00750375
0.00800037
0.00800014
0.00900030
0.00799990
0.00700688
0.00823355
0.00729609
0.01100349
0.01001930
0.00900173
0.01298761
0.00700092
0.00799942
0.00900149
0.01006341
0.00603127
0.00741935
0.00597930
0.01000094
0.01199913
0.00700021
0.00699854
0.00952482
0.01000023
0.00899196
0.00799823
0.00900006
0.01000023
0.00900149
0.00900912
0.00800467
0.01100159
0.00699139
0.00900006
0.00799274
0.01099014
0.00800562
0.00751805
0.00848007
0.00820184
0.00801063
0.00599957
0.00927329
0.01800013
0.00950384
0.00999928
0.01000881
0.00999904
0.00899768
0.00899982
0.00700116
0.00599790
0.00700951
0.00800824
0.00740027
0.01001143
0.00900006
0.00901580
0.00699973
0.01199985
0.00899434
0.00795245
0.01200795
0.00999975
0.00900507
0.00750089
0.00650716
0.01099229
0.00899935
0.01000834
0.00900865
0.01000094
0.00901294
0.01151395
0.01000047
0.01200128
0.00901008
0.00899887
0.01073933
0.00952125
0.00947046
0.01100492
0.01299214
0.00900769
0.01104188
0.00851369
0.00962782
0.00806499
0.00759315
0.00800848
0.00745153
0.00699902
0.00999951
0.01000118
0.00598979
0.00696445
0.00945425
0.00747275
0.00799990
0.00899982
0.01187420
0.00985718
0.00898767
0.00950408
0.01200104
0.00899720
0.00899959
0.00901580
0.00800562
0.00770998
0.01199985
0.00899887
0.00999308
0.00993705
0.01200008
0.00899506
0.01101255
0.01000190
0.01000047
0.00930119
0.01000237
0.00800705
0.00707722
0.00999045
0.00843573
0.00851631
0.00899959
0.00734305
0.01101565
0.00949812
0.01099205
0.00800395
0.01098657
0.00900245
0.00909448
0.00692511
0.00799775
0.01070547
0.00900245
0.00899720
0.00800753
0.00900626
0.00798893
0.00900936
0.01014161
0.00999689
0.01044893
0.01211071
0.00700307
0.00843501
0.01100326
0.01054120
0.01099992
0.01099801
0.00999355
0.00999928
0.00900936
0.00802827
0.00705004
0.00836611
0.01798797
0.00901198
0.01099968
0.01099133
0.01053143
0.00999260
0.00899887
0.00900221
0.00700068
0.00801229
0.01100063
0.01170492
0.00808191
0.00721669
0.00999856
0.00800157
0.00751281
0.00779510
0.00900865
0.00801206
0.01108980
0.00798965
0.00999951
0.00916886
0.00942421
0.00800228
0.00800347
0.01199174
0.01300883
0.00900602
0.01100731
0.01100969
0.01000166
0.00950694
0.00999999
0.01100039
0.01100683
0.01199841
0.01001811
0.01106286
0.00799990
0.01203537
0.01199222
0.01199031
0.00999689
0.00913334
0.01299143
0.00899863
0.00845408
0.00900674
0.01251483
0.00802779
0.01064730
0.00898957
0.01199913
0.01000023
0.02561140
0.01050091
0.00991273
0.00900030
0.01399946
0.00900126
0.00900936
0.00901508
0.00800586
0.01599956
0.00900006
0.00699711
0.00899935
0.00898933
0.00906515
0.00927186
0.00700569
0.00798869
0.01000857
0.00900340
0.00799823
0.00999928
0.01000786
0.01114297
0.00841498
0.01099539
0.01000810
0.01199222
0.01199317
0.00899887
0.00694752
0.00800872
0.00800180
0.00838542
0.00800896
0.01300931
0.00899053
0.00900459
0.00830054
0.00700021
0.00699973
0.00808167
0.00799942
0.00800180
0.00777769
0.00660062
0.00699162
0.01000524
0.01051378
0.01099586
0.00800443
0.00800490
0.00750566
0.00734115
0.01100016
0.00808430
0.00699759
0.00802374
0.01100206
0.00799012
0.00698900
0.01099920
0.00800323
0.00800657
0.01100039
0.01150703
0.00900578
0.01000047
0.01100898
0.00899768
0.00922203
0.00799823
0.00799251
0.00800633
0.01000428
0.01116085
0.00811362
0.00984049
0.00900078
0.00799966
0.01000047
0.01000619
0.00650978
0.00900292
0.01002717
0.01199150
0.01600099
0.00900960
0.00799227
0.00901508
0.00899053
0.00898933
0.01000977
0.00900793
0.00901031
0.00799084
0.00801778
0.00951219
0.01000047
0.01000786
0.00801015
0.00899959
0.01300931
0.00900412
0.00901341
0.00798869
0.01000786
0.01099110
0.00900006
0.00800133
0.01100779
0.01100755
0.00900006
0.01600838
0.00786877
0.00598884
0.00700235
0.01000857
0.00891232
0.01000023
0.01098967
0.01100063
0.00800586
0.00699329
0.01108265
0.00740767
0.00901031
0.00800681
0.00830030
0.01100063
0.00900722
0.01005459
0.00799704
0.00954580
0.01120996
0.01000023
0.02850604
0.01200008
0.00799990
0.02200150
0.00881076
0.00899911
0.00900030
0.00800014
0.00654888
0.00720167
0.00608826
0.00900078
0.00999165
0.00921345
0.00661755
0.00800037
0.01102281
0.00999713
0.00999165
0.00799823
0.00899434
0.00899124
0.00900769
0.00800705
0.00799131
0.01399159
0.01000166
0.01100302
0.00812435
0.00663614
0.00701308
0.00899601
0.00899363
0.01000023
0.00799847
0.00972581
0.00799990
0.01000690
0.00800872
0.00999165
0.00999999
0.00821638
0.00799584
0.01151705
0.00800729
0.00824356
0.00735903
0.00699925
0.00800800
0.00700831
0.00900006
0.00699973
0.00699401
0.00704384
0.00699973
0.00800037
0.00900817
0.00699782
0.00705051
0.00731730
0.00699925
0.00700569
0.00770140
0.00850415
0.00699115
0.00699139
0.00749564
0.00699925
0.00902343
0.00716209
0.00700927
0.00851607
0.00849986
0.00699949
0.00900102
0.00804949
0.01047111
0.00699830
0.00700092
0.00799155
0.01051402
0.00999904
0.00999212
0.00628924
0.01099920
0.00891399
0.00860953
0.01050496
0.00999713
0.01200795
0.00900030
0.00838590
0.00674200
0.00707221
0.00701761
0.00699186
0.00699210
0.00790691
0.00999379
0.00801206
0.00700188
0.00999713
0.01002407
0.01000285
0.01099896
0.00699854
0.00700879
0.00900888
0.01100802
0.01001430
0.00806499
0.00705576
0.00699186
0.00999975
0.00807881
0.00998974
0.01100850
0.00800061
0.00699091
0.00900722
0.00900030
0.00800014
0.00800085
0.00799823
0.00678205
0.00800252
0.00799966
0.00900769
0.00900006
0.00799608
0.00899911
0.00600433
0.00800729
0.00799847
0.01001048
0.01099491
0.00802040
0.00805950
0.01002455
0.00800109
0.01000142
0.01000357
0.01000047
0.00853872
0.00699282
0.00899887
0.01000857
0.00749683
0.00953674
0.01181340
0.00853109
0.01100016
0.01000142
0.00999975
0.00728083
0.00972605
0.00770044
0.00600314
0.00816703
0.00600839
0.00899696
0.01029229
0.00900984
0.00727057
0.00699854
0.00802779
0.00851774
0.00600576
0.02120590
0.00999618
0.00631571
0.00599957
0.00903082
0.00701046
0.00751925
0.00732803
0.00998807
0.00999928
0.00800133
0.00799966
0.00800037
0.00700855
0.00801015
0.00899076
0.00994587
0.00799894
0.00900745
0.00800037
0.00751281
0.00850725
0.00638103
0.00635934
0.00800371
0.00499129
0.01000428
0.01052570
0.00799966
0.00699830
0.00800753
0.00900269
0.00699902
0.00800109
0.01000905
0.01000452
0.01100230
0.01165128
0.01000881
0.01000023
0.01092148
0.00999904
0.00990844
0.01000905
0.00999761
0.00994515
0.00939202
0.00899124
0.02005458
0.01001120
0.00899911
0.00802684
0.00850558
0.00900006
0.00800037
0.01000237
0.01007080
0.00914335
0.00832701
0.00866294
0.00800061
0.01000023
0.00799942
0.00999188
0.00900197
0.00800014
0.00951576
0.00729060
0.00999975
