0.00700021
0.00620937
0.00899053
0.01000094
0.00700164
0.01100111
0.01100826
0.00999999
0.00900006
0.00900364
0.00952959
0.00899291
0.00899243
0.00900984
0.01100111
0.00999928
0.00848961
0.00753903
0.00852203
0.00847983
0.00800514
0.00900102
0.00899148
0.00899172
0.00900936
0.00835133
0.00800014
0.00902438
0.00999975
0.01000905
0.01201224
0.01138520
0.01400900
0.01000023
0.00900841
0.01000214
0.01199579
0.01707268
0.01000738
0.00899863
0.01199055
0.01100659
0.01000261
0.00813317
0.01400709
0.00900006
0.01099229
0.00899148
0.00900316
0.01160860
0.01100087
0.00899911
0.01299405
0.01212382
0.00868583
0.00899816
0.00901604
0.01100421
0.01099420
0.00799847
0.00831962
0.00837898
0.00700903
0.00951624
0.01000810
0.01720166
0.00699711
0.00800681
0.00728679
0.00800991
0.00823784
0.00850940
0.00799799
0.00701261
0.00899935
0.00799966
0.01099920
0.01000047
0.01200557
0.00714326
0.00871706
0.00800991
0.00931740
0.00799966
0.01200080
0.01100373
0.00899124
0.00999999
0.01000071
0.00800657
0.00798440
0.01600480
0.01115561
0.00999117
0.00899196
0.00899959
0.00900912
0.00900722
0.00930095
0.01000857
0.00928760
0.00800109
0.01000166
0.01000047
0.01100278
0.01450443
0.01000261
0.01003957
0.00899148
0.02299333
0.01051259
0.01000023
0.00999546
0.01400018
0.01100016
0.00900841
0.00871491
0.00898528
0.00899982
0.00799990
0.00800180
0.00800395
0.00900507
0.00751162
0.00692344
0.00900030
0.00799894
0.00901198
0.01000381
0.01202416
0.00747800
0.00699973
0.01107645
0.00999999
0.01098776
0.01099992
0.00999379
0.01000953
0.01028848
0.00798988
0.01098895
0.00800943
0.01100111
0.00699806
0.00900030
0.00600028
0.00751281
0.00700212
0.00900578
0.01000357
0.00799227
0.00600243
0.01000214
0.00741959
0.00855303
0.00599694
0.00900316
0.00800061
0.01000810
0.00800204
0.01200986
0.01301098
0.01100087
0.00773978
0.00700021
0.00801158
0.01001406
0.00841618
0.00840306
0.00598550
0.00805473
0.00900888
0.00800896
0.00899649
0.00699067
0.01146507
0.01001549
0.00777364
0.01000285
0.00898719
0.00917578
0.00800037
0.00699830
0.00800061
0.00919008
0.00810814
0.00841165
0.00900865
0.00900292
0.00800157
0.00799942
0.01299977
0.00999737
0.01051521
0.00901532
0.00899410
0.00899172
0.01050210
0.01000047
0.00817466
0.00842476
0.00805378
0.00899982
0.00815821
0.00900173
0.00900030
0.01201296
0.01005411
0.01299787
0.00898910
0.00900030
0.00799036
0.00900030
0.00800896
0.00999212
0.00930452
0.00800061
0.00699472
0.00799847
0.00742364
0.00700831
0.01000857
0.01007867
0.01200938
0.00807595
0.00999880
0.00599980
0.00690317
0.00701189
0.00900602
0.01100111
0.00998998
0.00799894
0.00900912
0.00800800
0.01001620
0.01113558
0.00900102
0.00930929
0.01100874
0.00772643
0.00944614
0.00901270
0.00635338
0.00700068
0.00650406
0.00900197
0.00800228
0.00799656
0.00716376
0.00853062
0.00800896
0.00791502
0.00899863
0.01000834
0.01200724
0.01100445
0.00699854
0.00700045
0.00805449
0.00798130
0.00743318
0.00698829
0.00761437
0.00800061
0.00800037
0.00823092
0.00818920
0.00799966
0.01299930
0.01199341
0.00918961
0.01200175
0.00850320
0.00927711
0.00900531
0.01300383
0.00948119
0.00946903
0.00824571
0.00900054
0.01107430
0.01053858
0.00799894
0.01400805
0.01000738
0.00900030
0.00800776
0.00800180
0.01451540
0.01069999
0.01099110
0.00999975
0.01000047
0.01100945
0.01012063
0.00900936
0.00900126
0.00999999
0.00999045
0.00899029
0.00901771
0.02350450
0.01099157
0.00900149
0.01000047
0.00901580
0.00849700
0.01099992
0.01002693
0.00992107
0.01099992
0.00799942
0.01100063
0.00992084
0.00899935
0.00799966
0.00899792
0.01001000
0.00902438
0.00951624
0.01799965
0.01101017
0.00900793
0.01099992
0.01000643
0.00905871
0.00900006
0.00800109
0.00999904
0.00698805
0.00899673
0.00899339
0.00900030
0.01100111
0.01099920
0.01111054
0.01099849
0.00801063
0.00810027
0.00800014
0.01300359
0.00801945
0.00852585
0.01051664
0.00800276
0.01502228
0.01002479
0.01100063
0.01200128
0.01100111
0.01099920
0.00745106
0.00800920
0.01200080
0.01000834
0.01000094
0.01100159
0.01101828
0.00950313
0.00832367
0.00998855
0.01100636
0.00980616
0.01000309
0.00904608
0.00814271
0.00999951
0.00898862
0.01000786
0.01100969
0.00900412
0.00752306
0.00799370
0.01099825
0.01013517
0.00810337
0.01100898
0.00799918
0.01100278
0.00950599
0.01199913
0.00899887
0.00800323
0.00799203
0.00700331
0.00900912
0.00700092
0.00699091
0.00900197
0.00948334
0.00702548
0.01200032
0.00900006
0.00851321
0.01000881
0.01351953
0.01199174
0.01199961
0.01300120
0.01201034
0.01200342
0.01122665
0.01300597
0.01112938
0.01450276
0.01400185
0.01411247
0.01299930
0.01200914
0.01401019
0.01199937
0.01299024
0.01500726
0.01600003
0.01200056
0.01300550
0.01301503
0.01317263
0.01301026
0.01499939
0.01199055
0.01199055
0.01416707
0.01199007
0.01299024
0.01300955
0.01600003
0.01499319
0.01220250
0.01299047
0.01499796
0.01399994
0.01500583
0.01610208
0.01400805
0.01401043
0.01398993
0.01399064
0.01604366
0.01699829
0.01400709
0.01413751
0.01300263
0.01395845
0.01800132
0.01399875
0.01899076
0.01899886
0.01399183
0.01600647
0.01340008
0.01318693
0.01290488
0.01601386
0.01304078
0.01599956
0.01891422
0.01400089
0.01350379
0.02899957
0.01399994
0.01399994
0.01200128
0.01300001
0.01200151
0.01399970
0.01200056
0.01300526
0.01310325
0.01800179
0.01399255
0.02100110
0.01220489
0.01399994
0.01399732
0.01900029
0.01501369
0.01450586
0.01300049
0.01298642
0.01699662
0.01500869
0.01351690
0.01199937
0.01800609
0.01399970
0.01401186
0.01600528
0.01300025
0.01399970
0.01200056
0.01399779
0.01410747
0.01700640
0.01500320
0.01199937
0.01507258
0.01400495
0.02099991
0.01300097
0.01500559
0.01450205
0.01199985
0.02400231
0.01402473
0.01300383
0.01350713
0.01199317
0.01200008
0.01116538
0.01199985
0.01100540
0.01000142
0.00946259
0.01199889
0.01000977
0.01200223
0.01201153
0.01001763
0.01153755
0.01600051
0.01400042
0.01047730
0.01222014
0.01101565
0.01367354
0.01401997
0.01602864
0.01399064
0.01488066
0.01454592
0.01150227
0.01600075
0.01700306
0.01500368
0.01354623
0.01499176
0.01499200
0.01211596
0.01200795
0.01116395
0.01199007
0.01699257
0.01311111
0.00999808
0.00999975
0.01750898
0.01339316
0.01298523
0.01199961
0.01898074
0.01459050
0.01391816
0.01399088
0.01699972
0.01601863
0.01268196
0.01099944
0.01200318
0.01800823
0.01510978
0.01700354
0.01800108
0.01806855
0.01645374
0.01700830
0.01621985
0.01799130
0.01300025
0.01311946
0.01400971
0.01303053
0.01599312
0.01401353
0.01499939
0.01228547
0.01451111
0.01312113
0.01599312
0.01900744
0.01499510
0.01251650
0.01199055
0.02700043
0.01296091
0.01299429
0.01350236
0.01303506
0.01291728
0.01299906
0.01401615
0.01443076
0.01599789
0.01800513
0.01399374
0.01600122
0.01450825
0.01500034
0.02199984
0.01500654
0.01400590
0.01950336
0.01600480
0.01399398
0.01499963
0.01850486
0.01399350
0.01799965
0.01400900
0.01452255
0.01599550
0.01400590
0.01400042
0.01399326
0.01500154
0.01451516
0.02199984
0.01200032
0.01499486
0.01199937
0.01728535
0.01499414
0.01399994
0.01800680
0.01501155
0.01751900
0.01900029
0.01599312
0.02000022
0.01500344
0.01299334
0.01199412
0.01130509
0.01201677
0.01305580
0.02750540
0.01800275
0.02199960
0.01899958
0.01601243
0.01447582
0.01900053
0.01700926
0.02002311
0.01700187
0.02000022
0.01800895
0.01900220
0.01150775
0.01301098
0.01200247
0.01799273
0.01501751
0.01849294
0.01699972
0.01901269
0.01382279
0.01412106
0.02350307
0.02000046
0.01599908
0.01501060
0.01452327
0.01399875
0.01899934
0.01439190
0.01499939
0.01401639
0.01776075
0.02009845
0.01900363
0.01701474
0.01729012
0.01500082
0.01601338
0.01499963
0.01414847
0.01550555
0.01444936
0.01700950
0.01800632
0.01800060
0.01801062
0.01709509
0.01243901
0.01599860
0.02044988
0.01799893
0.02099013
0.01600027
0.02100706
0.02154040
0.01901245
0.01799989
0.01752806
0.01499939
0.01700497
0.01699424
0.01500082
0.01630974
0.01599574
0.02450585
0.01658297
0.02749658
0.02199459
0.01599407
0.01499963
0.01520228
0.01599383
0.01399994
0.01800537
0.01499414
