0.00710869
0.00800943
0.00699973
0.00799966
0.02299905
0.00800586
0.00800037
0.00799894
0.00820708
0.00600028
0.00699973
0.00800490
0.00800347
0.00799990
0.00701666
0.00700068
0.00800323
0.00799489
0.01000118
0.01050401
0.00662899
0.00800586
0.00699973
0.00699997
0.01100016
0.00700521
0.00800657
0.00799441
0.00799966
0.01400018
0.00701213
0.00708485
0.00800014
0.00799990
0.01100016
0.00700045
0.00899291
0.00700021
0.01893663
0.01351190
0.00799990
0.00699949
0.00900102
0.00700068
0.00900388
0.00799489
0.00700021
0.00500035
0.00608587
0.00750494
0.00600004
0.00500011
0.00548220
0.00500059
0.00600195
0.00800371
0.00600028
0.00650406
0.00900173
0.01006532
0.00550413
0.00599146
0.00800037
0.00600004
0.01050377
0.01399994
0.00900006
0.00699973
0.00800276
0.00953031
0.00900865
0.00801015
0.00800061
0.00899982
0.00900412
0.00534058
0.00500178
0.00599265
0.00501394
0.01153421
0.01000142
0.00653768
0.00746369
0.00700021
0.00504947
0.00600767
0.00700164
0.00900769
0.00901294
0.00850534
0.00701022
0.00800061
0.01000285
0.00647330
0.00700736
0.00800610
0.00601149
0.00900102
0.00907445
0.01052403
0.01600003
0.01400113
0.01000905
0.01199341
0.00999999
0.00999379
0.01124215
0.00899935
0.01001382
0.00836754
0.00600004
0.00800824
0.00899935
0.00701189
0.00799942
0.00801420
0.00899911
0.01099944
0.00900030
0.01399970
0.00899506
0.00801110
0.00800037
0.00899148
0.00999141
0.01125050
0.00900030
0.01306176
