0.00655723
0.02275515
0.00799918
0.00877500
0.00900054
0.02500105
0.00710464
0.00952387
0.00799131
0.01000023
0.00800109
0.00813055
0.00794005
0.00799966
0.00799966
0.00850677
0.00800800
0.00799537
0.00699949
0.01899981
0.01000929
0.00900126
0.00799251
0.00800180
0.00700140
0.00900078
0.00899744
0.00899172
0.02600789
0.00777769
0.00796413
0.00799108
0.02599978
0.00800872
0.00900221
0.00700092
0.00799060
0.01200056
0.00800705
0.00900888
0.00899816
0.00899982
0.00800037
0.01001000
0.00800085
0.00952220
0.02099991
0.01100039
0.00795531
0.00899982
0.01099181
0.00754547
0.00799918
0.00700068
0.00699043
0.01311731
0.00900054
0.00796676
0.00801277
0.00949407
0.02199125
0.01010346
0.00800753
0.00999212
0.00899100
0.00900412
0.00776529
0.00891590
0.00899053
0.01800013
0.01100063
0.00797725
0.00900006
0.00800037
0.00952101
0.00899959
0.00799251
0.00872421
0.00999928
0.01300001
0.00801563
0.00859976
0.00799155
0.00800037
0.00812626
0.00799894
0.00799990
0.01800108
0.01050735
0.00890613
0.00899482
0.00699449
0.02299976
0.00800800
0.00901222
0.00849366
0.00799990
0.01200056
0.00800943
0.00898838
0.00900054
0.00800896
0.00970411
0.00900078
0.00800014
0.02200007
0.00899696
0.00899935
0.00799298
0.01850390
0.01208711
0.00891066
0.00899267
0.00799966
0.01200080
0.00809550
0.00865960
0.00898671
0.02100015
0.00710917
0.00891066
0.00799775
0.02100110
0.01150560
0.00899649
0.00800157
0.00800729
0.02241731
0.00900507
0.00900602
0.00899959
0.00799966
0.01000023
0.00900412
0.00799537
0.00895858
0.00992203
0.00909638
0.00962281
0.00793314
0.00802231
0.01433825
0.01137900
0.00908923
0.01002049
0.00906873
0.00899220
0.00909162
0.00895309
0.00899887
0.01099849
0.00800729
0.00900412
0.00900602
0.00900602
0.01011872
0.00999880
0.00899816
0.00901842
0.00897217
0.00899887
0.00905490
0.00881839
0.01404548
0.01099968
0.00899196
0.00999594
0.00899625
0.00896645
0.00801468
0.00768089
0.00699329
0.00798178
0.01491499
0.01295853
0.00899696
0.00894475
0.01010656
0.00964928
0.00805831
0.00899982
0.00787568
0.01088762
0.00803947
0.01000690
0.00999975
0.00999808
0.00996661
0.00900578
0.01095438
0.01002026
0.00900316
0.00809407
0.01097226
0.00804138
0.01003695
0.00847745
0.00699997
0.01169825
0.01000643
0.01000094
0.00899959
0.01000619
0.01100039
0.00801253
0.00882721
0.00873518
0.00799966
0.00898957
0.01100302
0.00904512
0.00800037
0.00900030
0.00744772
0.00799894
0.00899959
0.00807595
0.00747108
0.00799608
0.01341534
0.00901198
0.00800085
0.01100016
0.00800776
0.00999951
0.00999045
0.00900626
0.01153779
0.01009440
0.00637722
0.00720406
0.00699282
0.00799966
0.00630784
0.00699854
0.00899959
0.00799084
0.01146150
0.01000571
0.00900674
0.00832295
0.00991797
0.00848198
0.00802135
0.00892234
0.00745344
0.00901055
0.00799823
0.01000786
0.00902081
0.01091623
0.00800872
0.00999045
0.01100540
0.00652051
0.00699210
0.00901198
0.00769353
0.00791621
0.01100612
0.00999808
0.01202798
0.00800014
0.00952101
0.00700092
0.00900340
0.00800323
0.00800872
0.00800920
0.00900888
0.00704288
0.00700760
0.01000786
0.00899935
0.00799012
0.00900078
0.00991368
0.01000547
0.00901103
0.00800848
0.00802279
0.00900078
0.00900006
0.02200055
0.01000023
0.00771785
0.00936007
0.00799346
0.00899792
0.00800848
0.00800037
0.00800180
0.00651407
0.00699878
0.00558352
0.00700831
0.00804830
0.00699949
0.01000905
0.00702453
0.00800419
0.00699973
0.00601101
0.00700331
0.00699878
