0.01199198
0.01400805
0.01299167
0.01299143
0.01700902
0.01199317
0.02399278
0.01417780
0.01300025
0.01999927
0.01300144
0.01200819
0.01203609
0.01404858
0.01295877
0.01299977
0.01605725
0.01299906
0.02800107
0.01299238
0.01399326
0.01405334
0.01390266
0.02400017
0.01408935
0.01244760
0.01200008
0.01507282
0.01290989
0.01299047
0.01511502
0.01401734
0.01299143
0.02599883
0.01314330
0.01425123
0.01509762
0.01296663
0.02200103
0.01499891
0.02595615
0.01401305
0.01499486
0.01446223
0.01818633
0.01779771
0.01499033
0.01500201
0.01102877
0.01406026
0.01032352
0.01051378
0.01199698
0.01307344
0.01137590
0.01370049
0.01045132
0.01514983
0.01201463
0.01209235
0.01628184
0.00900149
0.01607466
0.01100016
0.01199961
0.01408243
0.01515102
0.01040173
0.01273942
0.01684332
0.01205087
0.00898981
0.01355147
0.01653266
0.01779032
0.01600385
0.01593852
0.01202822
0.01183414
0.01703095
0.01359916
0.01818299
0.01618481
0.01670027
0.01904249
0.01481867
0.01506758
0.01499367
0.01616335
0.01301599
0.01320338
0.01269484
0.01547360
0.01957870
0.01708317
0.01735473
0.01600766
0.01398897
0.01900744
0.02111244
0.02168250
0.01641750
0.01891637
0.01706290
0.02204823
0.01949668
0.01543784
0.01998806
0.02322340
0.01928782
0.01982999
0.01547527
0.02032804
0.02722549
0.02000785
0.01901436
0.01925063
0.01699948
0.01600909
0.01800156
0.01749897
0.02100849
0.01699066
0.03400087
0.01499128
0.02300000
0.01499438
0.01900816
0.01650238
0.02300620
0.03199482
0.01701593
0.01838589
0.02099967
0.02899718
0.01750016
0.01599479
0.02899981
0.01700950
0.01750422
0.02520776
0.01600027
0.01900363
0.01653337
0.02499509
0.01828980
0.01700258
0.01800489
0.01799440
0.02000046
0.01800084
0.02600002
0.02299929
0.03043509
0.01900387
0.03799510
0.01900887
0.02102947
0.02400589
0.01799440
0.01800132
0.01699996
0.01599979
0.02100468
0.01999450
0.01889586
0.01999497
0.02000642
0.01752687
0.02899933
0.01600599
0.02799654
0.01650906
0.01599526
0.01900506
0.01799583
0.01650381
0.02000666
0.01700020
0.02200365
0.01753497
0.01600003
0.01600170
0.01699448
0.01950431
0.01699948
0.01799989
0.02001500
0.01752687
0.01900554
0.01599550
0.03150845
0.01699448
0.01599979
0.01700592
0.01700592
0.01905489
0.02100539
0.01800036
0.03000784
0.01752877
0.01900005
0.01600027
0.01699972
0.02600861
0.01600623
0.02199435
0.02401495
0.02220798
0.02600551
0.03038311
0.02150607
0.01899457
0.02600479
0.02850056
0.03509307
0.01800513
0.02053142
0.01900363
0.01999307
0.01934719
0.02069879
0.02048373
0.02104092
0.01887107
0.02046156
0.02083755
0.01452923
0.01995063
0.01412153
0.01238012
0.01274490
0.01276684
0.01404905
0.01457953
0.01745820
0.01654029
0.01063228
0.01200962
0.01646495
0.01159596
0.01123023
0.01467085
0.01149583
0.01108766
0.00999856
0.01328015
0.01292849
0.01725578
0.01497865
0.01400185
0.01400232
0.01003981
0.01699638
0.00900173
0.00917578
0.01201487
0.01141357
0.01200747
0.01688957
0.01450372
0.01334214
0.01439452
0.01206303
0.00965166
0.01205325
0.01534033
0.01559758
0.01625323
0.01911426
0.01558423
0.01700354
0.01568866
0.01547360
0.01400042
0.01636052
0.01724672
0.01700044
0.01309800
0.02106214
0.01234055
0.01611829
0.01500010
0.01253963
0.01101780
0.01632380
0.01078033
0.01352239
0.01584053
0.01599383
0.00900078
0.01033831
0.01358867
0.01050234
0.01299095
0.01549911
0.01567531
0.01136470
0.01043558
0.01152515
0.01199055
0.01550961
0.01103997
0.01342463
0.01652122
0.01624036
0.01700044
0.01237631
0.01562953
0.01100564
0.01000381
0.01044440
0.01600313
0.01548457
0.01269722
0.01292777
0.01418877
0.01562667
0.01453114
0.01899290
0.01772165
0.01420569
0.01700783
0.01029825
0.01596594
0.01402760
0.01522255
0.01793623
0.01302958
0.01804733
0.01648521
0.01463127
0.02198124
0.01598763
0.01353312
0.01737714
0.01500010
0.01899099
0.01610017
0.01746941
0.01299953
0.01893067
0.01299286
0.02561450
0.01300979
0.01499152
0.01299977
0.01602197
0.01536703
0.01600790
0.01599312
0.02900219
0.01416326
0.01699257
0.01700187
0.01649499
0.01750183
0.01800060
0.01618242
0.02007270
0.01647043
0.03004432
0.01696086
0.01800084
0.02200866
0.01729941
0.01810598
0.01751232
0.01900053
0.01709366
0.01699138
0.01600170
0.01919627
0.01699948
0.02600026
0.01700258
0.01950502
0.01593375
0.01700020
0.01649833
0.01385808
0.01599240
0.01606011
0.01533318
0.01598954
0.01650500
0.01500106
0.02299976
0.01600266
0.01602054
0.01500344
0.01499963
0.01499414
0.01442122
0.01401114
0.01836801
0.01847982
0.01749849
0.01752305
0.01892567
0.01517963
0.01940536
0.01506877
0.01395226
0.01183677
0.01299906
0.01238966
0.01600790
0.01952100
0.01973748
0.01798201
0.01971674
0.01200914
0.01651025
0.01418352
0.01431060
0.01334643
0.01520085
0.01198649
0.01449108
0.01699972
0.01908875
0.01499987
0.01850438
0.01300073
0.01400018
0.01399970
0.01700139
0.01504612
0.01699972
0.01643181
0.01499557
0.02850509
0.01600027
0.02699995
0.01400042
0.01450300
0.01616979
0.01500607
0.01500010
0.01599956
0.01418161
0.01500106
0.01529980
0.02000642
0.01606965
0.02950072
0.01499486
0.01899934
0.01900911
0.01500487
0.01633906
0.01600027
0.01700020
0.02151370
0.01500058
0.01499891
0.01901269
0.01750255
0.01556301
0.01499510
0.03251433
0.02150989
0.01899981
0.01599431
0.01901650
0.02150798
0.01912880
0.01700497
0.03050447
0.01800561
0.01999879
0.01900053
0.01802087
0.01921272
0.01927733
0.01793051
0.02199054
0.02101421
0.01955509
0.01798820
0.01909375
0.02000666
0.01300025
0.01799226
0.01119089
0.01500463
0.01175833
0.01742458
0.01896763
0.01124859
0.01113105
0.01050115
0.01469588
0.01596022
0.01292253
0.01180506
0.01656771
0.01842690
0.01909852
0.01749325
0.01438737
0.01304746
0.01186728
0.01572752
0.01225209
0.01176357
0.01219940
0.01402164
0.01206183
0.01081491
0.01052260
0.01252317
0.01301098
0.01600862
0.02219152
0.01350188
0.01600885
0.02350163
0.01609278
0.01350093
0.02699971
0.01341200
0.01557183
0.01800561
0.01500034
0.01799965
0.01300216
0.01538754
0.01599979
0.01300073
0.01200223
0.02300143
0.01934576
0.01300025
0.02699399
0.01400065
0.01349735
0.01900005
0.01351905
0.01900196
0.01501513
0.01399946
0.01399970
0.01555872
0.01499963
0.02850366
0.01962352
0.01466417
0.01500058
0.01299953
0.01405406
0.01399994
0.01400614
0.01600122
0.01250315
0.01399994
0.01699996
0.01899958
0.01399755
0.01600003
0.01499987
0.01500010
0.02800226
0.01399946
0.01899338
0.01300168
0.01451230
0.01499557
0.01800060
0.01499987
0.01799965
0.01700139
0.01602602
0.03303528
0.01599908
0.03320193
0.01499963
0.01600194
0.01650763
0.01500058
0.01634550
0.01700091
0.01777101
0.01593733
0.01601148
0.01652360
0.01600027
0.01621580
0.01608014
0.01554990
0.01458716
0.01260304
0.01399994
0.01400018
0.02400184
0.01700139
0.01834750
0.01601005
0.01601243
0.01622748
0.01600122
0.01500034
0.01456332
0.01202226
0.01153064
0.01200008
0.01411176
0.01542258
0.01300073
0.01157713
0.01329470
0.01303744
0.01637721
0.01501918
0.01399040
0.01295161
0.01541495
0.01548982
0.01099920
0.01250720
0.01100039
0.01156807
0.00986528
0.01002741
0.01498961
0.01438403
0.01700020
0.01200199
0.01490903
0.01459670
0.01300001
0.01391912
0.01553345
0.01023960
0.01509428
0.01411605
0.01018715
0.00950384
0.00992036
0.01366234
0.01200128
0.01100039
0.01147676
0.01299953
0.01128840
0.01600003
0.01189876
0.01750612
0.01200032
0.01286697
0.01400065
0.01300001
0.01684237
0.01365304
0.02300000
0.01599956
0.01300144
0.01650405
0.01400232
0.01353717
0.02157807
0.01600170
0.01300144
0.02099943
0.01299953
0.01300001
0.02950501
0.01200104
0.01300025
0.01228356
0.01200199
0.02502608
0.01200438
0.01200056
0.01257610
0.01250482
0.01300359
0.01233959
0.01400018
0.01199961
0.01206636
0.02570224
0.01299953
0.01499987
0.01900840
0.01241469
0.01499963
0.01700592
0.01400018
0.03250551
0.01299977
0.02900028
0.01267076
0.01460910
0.01292014
0.01250505
0.01200008
0.01200032
0.01299453
0.01399493
0.01057553
0.01212907
0.00927258
0.01300049
0.01500630
0.02450681
0.01299953
0.01400852
0.01401329
0.01501369
0.01380110
0.01243949
0.01402116
0.01389909
0.01149440
0.01301122
0.01453090
0.01250339
0.01310706
0.01400900
0.01100016
0.01497293
0.01200652
0.00899076
0.01209903
0.01076603
0.01045012
0.01000023
0.01023555
0.01209903
0.01100922
0.01400042
0.00899267
0.01499557
0.01600242
0.01363826
0.01199341
0.01100731
0.01389837
0.01235986
0.01351690
0.01400089
0.01305723
0.01182652
0.01299787
0.01200151
0.01321459
0.01450062
0.01247764
0.01200032
0.01436114
0.01351047
0.02000141
0.01500916
0.01499844
0.02300286
0.01451135
0.01400065
0.01600075
0.01350451
0.01400471
0.02348995
0.01799917
0.01400042
0.01700068
0.01300120
0.01500082
0.01400018
0.01699924
0.01499486
0.02750516
0.01399446
0.01300001
0.02100086
0.01551223
0.01899910
0.01400042
0.01400018
0.01700020
0.01450348
0.01399994
0.02200007
0.01800466
0.01399827
0.02828884
0.01500487
0.01499605
0.01700211
0.01579118
0.01793170
0.01399994
0.01301098
0.01300097
0.01835465
0.01499963
0.01399994
0.02200127
0.01550007
0.02271700
0.01399970
0.01500010
0.01451111
0.01605725
0.01587629
0.01700020
0.01501131
0.01850533
0.01892519
0.01600027
0.01500010
0.01700711
0.01550531
0.01799965
0.01900029
0.01600051
0.02750444
0.01600218
0.02499485
0.01801491
0.01442766
0.02800012
0.01499987
0.02499461
0.01850462
0.02000022
0.01499295
0.01400399
0.01477861
0.01101279
0.01300359
0.01948261
0.01599979
0.01779461
0.01736546
0.01935148
0.01500916
0.01729131
0.01394463
0.01570964
0.01502466
0.01199985
0.01600695
0.01474571
0.01645517
0.01549673
0.01401615
0.01431847
0.01292896
0.01900959
0.01314473
0.01200294
0.01599979
0.01450539
0.01400065
0.01700377
0.01398897
0.01600933
0.01206613
0.01426554
0.01284957
0.01306701
0.01599813
0.01551008
0.01530123
0.02574253
0.01511765
0.01999378
0.01950407
0.01599121
0.01601052
0.01430988
0.01401639
0.01242018
0.01504993
0.01494837
0.01613617
0.01208472
0.01474333
0.01437283
0.01139712
0.01800847
0.02043104
0.01853561
0.01499963
0.01600766
0.01700044
0.01401329
0.01201439
0.01257825
0.01166725
0.01149416
0.01139474
0.00998855
0.01209831
0.01198506
0.01151752
0.01600933
0.01477909
0.01499987
0.01428318
0.03599930
0.01300550
0.01499486
0.02031875
0.01699972
0.02799964
0.01500249
0.02450562
0.01500726
0.01399565
0.01800013
0.01551414
0.01502538
0.02099991
0.01499915
0.01500154
0.02950239
0.01500106
0.02299976
0.01700068
0.01452947
0.01900554
0.01499724
0.02100110
0.01450372
0.01600289
0.02900052
0.01400924
0.01551938
0.02100134
0.01400042
0.01599407
0.01852655
0.01399541
0.02900004
0.01499963
0.02249956
0.01900005
0.01400042
0.01816416
0.01400042
0.01352549
0.02399969
0.01500010
0.01399326
0.02550626
0.01399469
0.02600002
0.01699948
0.01500154
0.01499987
0.01400065
0.01500773
0.02500057
0.01450348
0.01499867
0.01700020
0.01499987
0.01450372
0.01400042
0.01500750
0.01499867
0.01399517
0.01247811
0.01456213
0.01299977
0.01410246
0.01413584
0.01501369
0.01778722
0.01300120
0.01331520
0.02200294
0.01641774
0.01499987
0.01499963
0.01600480
0.01402283
0.01350498
0.01099992
0.01800060
0.01499891
0.01533175
0.01638532
0.01199627
0.01207638
0.01632524
0.01209450
0.01112485
0.01075625
0.01328278
0.01800680
0.01301146
0.01137209
0.01051641
0.01103401
0.01649570
0.01754785
0.01636839
0.01681662
0.01350927
0.01057577
0.01255512
0.01598883
0.01167655
0.01419163
0.01562381
0.01708055
0.01528692
0.01707911
0.02004838
0.01531696
0.01597643
0.01535010
0.01699328
0.01222014
0.01449728
0.01762772
0.01251459
0.01900768
0.01599765
0.01576018
0.02264380
0.01999927
0.01599121
0.01800132
0.01251817
0.01699018
0.01500869
0.01699424
0.01650286
0.01700902
0.01600409
0.02499890
0.01499200
0.01598907
0.01600838
0.01599050
0.01880026
0.01900911
0.01499081
0.02109098
0.01393032
0.01511788
0.01900935
0.01699018
0.01399684
0.01951385
0.01598835
0.01600146
0.01491284
0.02450180
0.01800871
0.01500058
0.02101254
0.01552176
0.02999997
0.01599979
0.02400088
0.01800919
0.02999949
0.01600266
0.01566768
0.02800035
0.01591015
0.01598978
0.02051234
0.01499033
0.02300000
0.01499820
0.01500440
0.01600075
0.01800013
0.02700043
0.01827431
0.01611352
0.02300310
0.02200627
0.02846384
0.03199935
0.01999950
0.01853108
0.01801181
0.01799965
0.01799178
0.01688123
0.01615739
0.01590919
0.01870704
0.01699233
0.01631904
0.02248693
0.01699948
0.01497912
0.01699519
0.01879740
0.02001691
0.01475835
0.01951027
0.01399970
0.01912665
0.01800776
0.01795101
0.01858449
0.01731038
0.01985765
0.01550817
0.01899195
0.01700068
0.01701093
0.01682925
0.01928496
0.01767659
0.01910162
0.02052569
0.01923442
0.01300931
0.01656818
0.01740813
0.01470256
0.01581097
0.02049232
0.02194738
0.02176857
0.02016950
0.01549768
0.01550031
