0.00400853
0.01402307
0.01300097
0.01001549
0.01000452
0.01100707
0.01150632
0.01400137
0.01100016
0.01099491
0.01099801
0.01099896
0.01200199
0.01099825
0.00999880
0.01099944
0.01000047
0.01100039
0.01300001
0.01000094
0.01350379
0.01200509
0.01000190
0.02099919
0.01099491
0.00999761
0.01100016
0.02111983
0.01099777
0.00999999
0.01100159
0.02200007
0.01201105
0.01102710
0.00999475
0.02150416
0.01361322
0.01100540
0.00899601
0.01149702
0.01300025
0.01000023
0.01200008
0.00999951
0.01100039
0.00900245
0.01150489
0.01099992
0.00999975
0.00933218
0.00999522
0.00999475
0.01150489
0.00999999
0.00999451
0.01099992
0.01200032
0.00999999
0.01100016
0.01050305
0.00999999
0.01200461
0.01099992
0.00999928
0.01300144
0.01150417
0.01100039
0.01300001
0.01000023
0.01100111
0.00999665
0.00900221
0.02750444
0.01000094
0.01099467
0.02500010
0.01100206
0.01100039
0.01100016
0.01199961
0.01100016
0.01000571
0.01099610
0.01300097
0.01150632
0.01100016
0.00999784
0.02399683
0.01200056
0.01000118
0.01001048
0.00950575
0.01099968
0.01000619
0.00999999
0.02199960
0.01200199
0.00950885
0.01000547
0.00899982
0.01257038
0.01000500
0.00999975
0.00999475
0.01200032
0.00999975
0.00999761
0.00999951
0.01300049
0.01001072
0.01049900
0.02300000
0.01100087
0.00999904
0.01076579
0.02100134
0.00950456
0.01001525
0.00900483
0.01099873
0.01100111
0.01099992
0.01000595
0.01103187
0.01000071
0.00799370
0.00799942
0.00799012
0.00900054
0.00699997
0.01100016
0.01050591
0.01099992
0.01100063
0.01000500
0.01099944
0.01199937
0.01100039
0.01106906
0.00799036
0.00800180
0.01000500
0.00999951
0.00800014
0.00744796
0.00800109
0.00717950
0.01381159
0.00899792
0.00893259
0.00803518
0.00802064
0.00904393
0.00800157
0.00800371
0.00700045
0.01127386
0.00791979
0.00751400
0.00830364
0.00698996
0.00700927
0.00900102
0.00699949
0.00711751
0.00699210
0.00700116
0.00901413
0.00651121
0.00799847
0.01100016
0.00734830
0.00750542
0.00700855
0.00600052
0.00700927
0.01000667
0.01606846
0.00899959
0.00799966
0.00701284
0.00600290
0.01122212
0.00600028
0.00600910
0.00700021
0.00801086
0.00650716
0.00700808
0.00800085
0.00850916
0.00900555
0.00900769
0.00899792
0.00600100
0.00700998
0.00601053
0.01552343
0.00599837
0.00641012
0.00800037
0.00603795
0.00701070
0.00600529
0.00601172
0.00700331
0.00626445
0.00600028
0.00848293
0.00700212
0.00550175
0.00600982
0.00850677
0.00600290
0.00601840
0.00650835
0.00799561
0.00699067
0.00800967
0.00600910
0.00701451
0.00799894
0.00699925
0.00851083
0.00699782
0.00700688
0.00800681
0.00701928
0.00901484
0.00900030
0.00799990
0.03099918
0.00800014
0.00699925
0.00798965
0.00800133
0.01050210
0.01099992
0.00699949
0.00799918
0.00800014
0.02199316
0.00700951
0.00699759
0.00699472
0.01900029
0.00999427
0.00699973
0.00800657
0.00699925
