0.01499319
0.02800035
0.01201200
0.01200485
0.01299977
0.01200056
0.01100087
0.01299453
0.01651120
0.01199269
0.02299976
0.01400042
0.01201010
0.01550412
0.01500535
0.01300001
0.01199937
0.01753879
0.01600003
0.01600194
0.01400113
0.01599574
0.01849627
0.01500010
0.01499438
0.01200080
0.01100016
0.01100039
0.01099396
0.01800084
0.01199913
0.01100516
0.01150441
0.01100349
0.01200008
0.00999355
0.00951123
0.01060033
0.01101589
0.01091743
0.01024890
0.01300025
0.00900054
0.00900197
0.01000905
0.01300001
0.01253366
0.01350427
0.01198983
0.01099277
0.00950599
0.00800753
0.01254725
0.01102710
0.00934196
0.00951123
0.00900078
0.01040244
0.00941181
0.01250744
0.00786638
0.00950480
0.01120591
0.00948977
0.00854158
0.00800872
0.01200771
0.01200151
0.01013780
0.00850177
0.00795102
0.01100063
0.01099086
0.00999975
0.01499438
0.01100779
0.00899315
0.00999808
0.01000977
0.01052046
0.01042295
0.00999975
0.01205015
0.01000738
0.00899029
0.00899076
0.01000047
0.00699019
0.00726461
0.00699019
0.01001143
0.00796580
0.01028275
0.00799894
0.01201034
0.01000023
0.00900030
0.00800037
0.01100087
0.01101065
0.01051736
0.00899982
0.01099253
0.01399779
0.01282501
0.01199722
0.01082754
0.01095581
0.01028967
0.01198888
0.01199055
0.00800300
0.01151156
0.01399970
0.01099825
0.00999999
0.01199913
0.00999951
0.00899100
0.01099992
0.01091146
0.00992107
0.01000428
0.01151204
0.01296425
0.01000977
0.02299905
0.01200604
0.00952721
0.00998926
0.01199818
0.01005006
0.00891924
0.00998998
0.01750469
0.00899649
0.00899982
0.00999928
0.01099992
0.00999999
0.01000118
0.00949383
0.01298952
0.01199937
0.01000929
0.00898910
0.01900148
0.01051378
0.00999427
0.00900006
0.00900126
0.00900674
0.00999713
0.00850153
0.01199079
0.00999379
0.00899434
0.02199388
0.00900555
0.00952411
0.02199340
0.01000237
0.00912738
0.00951362
0.02499104
0.00990415
0.00999999
0.01999974
0.00899935
0.00900459
0.00935960
0.01000071
0.00899386
0.01899958
0.01104069
0.01100969
0.01013517
0.01199889
0.01301146
0.01099467
0.00999999
0.01121902
0.00768256
0.00999737
0.01099133
0.01100945
0.00900078
0.01000071
0.01150990
0.00900245
0.00826216
0.00799990
0.00799966
0.00899959
0.00901198
0.01049924
0.00957632
0.00951934
0.01200914
0.01201177
0.01099086
0.00900149
0.00933838
0.01037073
0.00752974
0.01000857
0.00801134
0.00749660
0.01101112
0.01100016
0.01000071
0.01100063
0.01000023
0.01099920
0.00999975
0.01098466
0.01100278
0.00937939
0.01025343
0.01500440
0.01111293
0.01100016
0.00999212
0.01099992
0.01000023
0.01100063
0.00901294
0.01053190
0.00999975
0.01000810
0.01101446
0.01100063
0.01099038
0.01100993
0.01099038
0.01101613
0.00951099
0.01501012
0.01100922
0.01149845
0.01198888
0.01200700
0.01145053
0.02899981
0.01100230
0.01199102
0.01000071
0.01350474
0.01000118
0.01099968
0.01200104
0.01101065
0.01250243
0.00999999
0.01300144
0.01300097
0.01199889
0.01650715
0.01100779
0.01098919
0.01300025
0.01299119
0.01301551
0.01199913
0.01300764
0.01399684
0.01600361
0.01251578
0.01499939
0.01100111
0.01300001
0.01099920
0.01552296
0.01199985
0.01300001
0.01601005
0.01300454
0.01899934
0.01800275
0.01309586
0.02800226
0.01351357
0.01301098
0.01700974
0.01300049
0.02150249
0.01800823
0.01300001
0.01200747
0.01001501
0.00902963
0.01335621
0.01700068
0.03005028
0.01200151
0.01350355
0.01200485
0.01100039
0.00900054
0.01600218
0.01751471
0.01300931
0.01400948
0.01900125
0.01500249
0.01250815
0.01000023
0.01098967
0.01312995
0.01299977
0.01198864
0.01300550
0.01270938
0.01200867
0.01598716
0.01220846
0.01699853
0.01302719
0.01450849
0.01500010
0.01538754
0.01700068
0.01452160
0.01578951
0.01454091
0.01333451
0.02000880
0.01439238
0.01919723
0.01800632
0.01653004
0.01700854
0.01432347
0.01600218
0.02100992
0.01629829
0.01599884
0.01586652
0.01701140
0.01310778
0.01434422
0.01099086
0.01300025
0.01451635
0.01699090
0.01800704
0.01700020
0.02307916
0.01400900
0.01700091
0.02900195
0.01511264
0.01399088
0.01499104
0.01300979
0.01600099
0.01300144
0.01451540
0.01499987
0.02298641
0.01999784
0.01412821
0.02701092
0.01500845
0.02698970
0.01553512
0.01699352
0.02500129
0.01600575
0.01650739
0.01900601
0.01600003
0.02999949
0.01623178
0.02699947
0.02311802
0.01900029
0.01800942
0.01900005
0.02928615
0.01801181
0.03000522
0.01600504
0.02799344
0.01850581
0.03099418
0.02000737
0.01801515
0.01500607
0.01700044
0.01599860
0.02105570
0.01653600
0.02699995
0.01591349
0.02599525
0.01799989
0.01499438
0.01499343
0.01699996
0.01600480
0.02800012
0.01500535
0.02900052
0.01903176
0.01599407
0.01500034
0.01699948
0.01550341
0.01500320
0.01699948
0.02899981
0.01451206
0.02799320
0.01650262
0.01563311
0.01700354
0.01599979
0.02899241
0.01499987
0.01617837
0.01652575
0.01601005
0.01499987
0.01599073
0.01550508
0.01694894
0.01700068
0.01699996
0.01701665
0.01453614
0.01477695
0.01899123
0.02176881
0.01706624
0.01901007
0.02134061
0.02113128
0.02000499
0.01670957
0.01900768
0.01600075
0.01901317
0.01675367
0.01149511
0.01102066
0.01400423
0.01329541
0.01299977
0.01653743
0.01599884
0.01499295
0.01699996
0.02001476
0.01653504
0.01899147
0.01399994
0.01500010
0.01500273
0.01550341
0.01499009
0.01401138
0.01461697
0.01402092
0.01551700
0.01600766
0.01033425
0.01599908
0.01703286
0.01417184
0.01847887
0.01500130
0.01249599
0.01199007
0.01100016
0.01811147
0.01902962
0.01598763
0.02999735
0.01506472
0.01599121
0.01500082
0.01601005
0.02250409
0.01500249
0.01700258
0.02799106
0.01551700
0.02299023
0.01900744
0.03100061
0.01751685
0.01499891
0.02799988
0.01490736
0.01549268
0.01800966
0.01500010
0.01399922
0.01502609
0.01551414
0.01999927
0.01299882
0.01399016
0.02549553
0.01701021
0.01400709
0.02891397
0.01501536
0.02498937
0.01791835
0.01399970
0.01800108
0.01368594
0.01291394
0.01199865
0.01299810
0.01400995
0.02550673
0.01825047
0.01598883
0.01499963
0.01400495
0.01453710
0.01399875
0.01901054
0.01500010
0.01573110
0.01500893
0.01401043
0.02199936
0.01600981
0.01549721
0.01599979
0.01610136
0.01490355
0.01900125
0.01840687
0.01598835
0.01499987
0.02395725
0.01600194
0.01500368
0.02799869
0.02295876
0.01751995
0.01348233
0.01625252
0.01599932
0.01899743
0.01766944
0.02199984
0.02151108
0.02077341
0.01772761
0.01900959
0.01699090
0.01448035
0.01816964
0.01799536
0.01800179
0.01742148
0.01800776
0.01400280
0.02081752
0.01508880
0.01714897
0.01929832
0.01450586
0.01658607
0.01987386
0.01500940
0.01200891
0.01400208
0.02650332
0.01595616
0.01699972
0.01530218
0.02253604
0.01399088
0.01600218
0.01499915
0.01316166
0.01146936
0.01300812
0.01052642
0.01399302
0.01200032
0.01608849
0.01665545
0.01200867
0.01400328
0.01558542
0.01410890
0.01126933
0.01451778
0.01200843
0.01317120
0.01137471
0.01398754
0.01901221
0.01800609
0.01799870
0.01732230
0.01447678
0.01550412
0.01800609
0.01600027
0.01349783
0.01400781
0.01238227
0.01942348
0.01300788
0.01400757
0.01499486
0.01400781
0.01201224
0.01300144
0.01401043
0.01199961
0.01401925
0.01500273
0.01199913
0.01400876
0.00999951
0.01200676
0.01200914
0.01101422
0.01652884
0.01056647
0.01399302
0.01200485
0.01401877
0.01000166
0.00944114
0.01200819
0.01399946
0.01146245
0.01099968
0.01100516
0.02899957
0.01499987
0.01199985
0.01199913
0.01251841
0.00999999
0.00999951
0.02400136
0.01201606
0.01106596
0.01298976
0.01099992
0.01198959
0.01099944
0.01099968
0.01300049
0.01201057
0.01299834
0.01365042
0.01099992
0.01101637
0.01450419
0.01099992
0.01099944
0.01099873
0.01100087
0.01100755
0.01100039
0.01200032
0.01000071
0.01199961
0.01099873
0.01200175
0.01401353
0.01398921
0.01499867
0.01200128
0.01300168
0.01263618
0.01500177
0.01300883
0.01299953
0.02050591
0.01399970
0.02899933
0.01399875
0.01400137
0.01300168
0.01399732
0.02499938
0.01701140
0.01450419
0.01299810
0.01200056
0.01499796
0.02399182
0.01700258
0.01399994
0.01500010
0.01400018
0.01399398
0.01150370
0.01300097
0.01200080
0.01199913
0.01500297
0.01300025
0.01299953
0.01814175
0.01400900
0.01450300
0.01100039
0.01199985
0.01199436
0.01200080
0.01250172
0.01099968
0.01099992
0.01255202
0.01199985
0.01200438
0.02550316
0.01300025
0.01200128
0.02499986
0.01201344
0.01351976
0.01399922
0.01300049
0.01400089
0.01400781
0.01399946
0.01107693
0.01496506
0.01288915
0.01099801
0.01100039
0.01101422
0.01051641
0.01100206
0.01500297
0.01600575
0.00999928
0.01299334
0.00999951
0.01353168
0.01100039
0.01171947
0.01005673
0.01300764
0.01047611
0.01300812
0.01101065
0.01500034
0.01149559
0.01200891
0.01001000
0.01500249
0.01451468
0.01143217
0.00999355
0.01054740
0.01550269
0.01300192
0.01530886
0.01500177
0.01099873
0.01524019
0.01600003
0.01552033
0.01400805
0.01146150
0.01200032
0.01129007
0.01249361
0.01026368
0.01252317
0.01100063
0.01050568
0.00971437
0.01599050
0.01501441
0.01151609
0.01200724
0.01099896
0.01199889
0.01199818
0.01100254
0.01200151
0.01299977
0.01199794
0.01440644
