0.00499916
0.00700831
0.00830698
0.00612855
0.01450348
0.00699329
0.00600076
0.00899100
0.00698686
0.00800943
0.00699306
0.00816679
0.00801682
0.00949669
0.01000071
0.00898910
0.01001048
0.01099896
0.00999975
0.00641203
0.00809360
0.00522518
0.00699067
0.00600123
0.00700092
0.00700688
0.00600028
0.00608397
0.00650573
0.00600219
0.00699997
0.00554371
0.00800228
0.00701094
0.00599909
0.00698638
0.00637317
0.00800824
0.00701070
0.00599933
0.00567937
0.00701356
0.00600266
0.00752974
0.00600886
0.00600791
0.00699973
0.00598884
0.00450301
0.00499892
0.00500011
0.00500059
0.00502682
0.00574064
0.00601411
0.00624943
0.00551748
0.00702047
0.00500059
0.00600147
0.00600576
0.00536871
0.00499940
0.00609779
0.00499988
0.00483823
0.00498915
0.00399923
0.00500226
0.00605440
0.00500536
0.00499082
0.00609303
0.00400209
0.00506043
0.00499964
0.00399971
0.00450420
0.00498915
0.00440741
0.00500226
0.00454116
0.00501084
0.00400281
0.00499868
0.00450397
0.00500226
0.00499916
0.00499082
0.00500059
0.00508904
0.00699902
0.00543237
0.00500178
0.00353575
0.00399971
0.00467300
0.00499201
0.00705504
0.00511742
0.00500989
0.00600791
0.00539970
0.00455189
0.00500178
0.00471973
0.00499606
0.00499105
0.00549054
0.00500083
0.00424695
0.00500107
0.00503874
0.00440335
0.00441980
0.00495696
0.00399137
0.00500178
0.00499988
0.00615335
0.00500679
0.00479436
0.00500131
0.00434351
0.00356746
0.00400090
0.00398946
0.00547457
0.00459743
0.00500131
0.00499988
0.00415301
0.00446630
0.00531697
0.00600028
0.00400567
0.00471020
0.00388026
0.00421882
0.00500536
0.00424981
0.00491691
0.00399947
0.00500226
0.00438595
0.00422144
0.00509644
0.00499034
0.00525713
0.00399184
0.00435591
0.00398827
0.00399971
0.00582433
0.00406146
0.00499988
0.00710988
0.00462151
0.00786996
0.00625944
0.00600004
0.00542784
0.00499082
0.00499964
0.00500011
0.00582170
