0.00600052
0.00999951
0.00700021
0.00999999
0.00800157
0.00651979
0.00899434
0.01999998
0.01200032
0.00900006
0.00800204
0.00800037
0.00799775
0.00999999
0.00850463
0.00800037
0.00899267
0.00799918
0.02100134
0.01001072
0.00863171
0.00800037
0.01928329
0.01300097
0.00799465
0.00800014
0.00699854
0.02700329
0.00717878
0.00800872
0.00799537
0.01899981
0.00900006
0.00700545
0.00700235
0.00799918
0.00699949
0.00750303
0.00800037
0.00799990
0.00900650
0.00751328
0.00699973
0.00799966
0.00700068
0.00900149
0.00799966
0.00800204
0.01939774
0.01000071
0.00700045
0.00800014
0.01699376
0.01301122
0.00914383
0.00899982
0.00799513
0.00799966
0.00800014
0.00799966
0.00899839
0.00900102
0.00700116
0.02250290
0.00699973
0.00799990
0.00799990
0.00899982
0.00800467
0.00801253
0.00699997
0.00830555
0.00802088
0.00999880
0.00999951
0.00800228
0.00800872
0.01100755
0.00799036
0.01001477
0.00899982
0.00854111
0.00899196
0.00799227
0.00899196
0.00799251
0.00900793
0.00699258
0.00800800
0.00900483
0.00951791
0.01000857
0.00799727
0.00800657
0.00900221
0.00899386
0.00899267
0.00799799
0.00801325
0.00952601
0.00800228
0.00900197
0.00800848
0.00700784
0.00898981
0.01099157
0.00900340
0.01000214
0.00901365
0.00900006
0.01100087
0.00900078
0.00999212
0.00800037
0.00699782
0.00900722
0.00700021
0.00852180
0.00999379
0.00998807
0.00799203
0.01000094
0.00899768
0.01299977
0.01500249
0.00950384
0.00900078
0.00700045
0.00749516
0.00800133
0.00900102
0.00700021
0.01000237
0.00700045
0.00906014
0.00699162
0.01800013
0.00799942
0.00899982
0.00799990
0.00799465
0.01800156
0.01250768
0.00799489
0.00799561
0.00699425
0.01900053
0.00800586
0.00800037
0.00899696
0.00800037
0.00900102
0.00700068
0.01300001
0.00900531
0.00799465
0.00799990
0.00799990
0.00900269
0.00785780
0.00857472
0.00899959
0.00999928
0.00899982
0.01000047
0.00799870
0.00800061
0.00799346
0.01150298
0.01000023
0.00800562
0.00799990
0.00799990
0.00799990
0.00799966
0.00800014
0.00800014
0.00799990
0.00850296
0.00899959
0.00800014
0.00800037
0.00799966
0.00799489
0.00699997
0.00901008
0.00859642
0.00850439
0.00750327
0.00700068
0.00901461
0.00899982
0.00799990
0.00800085
0.00900006
0.00799441
0.00900245
0.00850368
0.01200056
0.00699973
0.00800562
0.00799608
0.02500010
0.00900674
0.00850415
0.00899911
0.00899577
0.00699997
0.01199913
0.00999999
0.00899982
0.00799942
0.02050447
0.01000071
0.00800300
0.00800371
0.00807428
0.01100016
0.00799990
0.01200056
0.00899768
0.00849724
0.00899744
0.02099967
0.01100516
0.00899982
0.00900030
0.01900148
0.01150465
0.00800323
0.00799346
0.00899982
0.00799918
0.00900006
0.01100016
0.00900030
0.00900078
0.00799966
0.00900054
0.00800014
0.00833464
0.00899529
0.00899959
0.01300025
0.01100183
0.00831532
0.00859308
0.00899458
0.02000046
0.01099992
0.00899482
0.00800109
0.00900221
0.01250291
0.00999999
0.00800061
0.00799966
0.00899887
0.00800014
0.00900507
0.00999427
0.00952578
0.00799990
0.00792408
0.00800037
0.00799918
0.00799966
0.00900006
0.00800037
0.01000309
0.00850892
0.00999975
0.00799608
0.00799537
0.00899744
0.00899935
0.00998950
0.01000071
0.00800180
0.01323032
0.00900173
0.00799608
0.00900078
0.00899887
0.00799441
0.00799417
0.00900078
0.00722480
0.00774240
0.00722456
0.01199865
0.01096439
0.00896573
0.01100206
0.00895500
0.01011705
0.01054382
0.00903630
0.00804162
0.01155376
0.01033068
0.00918770
0.00796700
0.00799990
0.01100397
0.00754976
0.00811410
