0.00350690
0.00501275
0.00902557
0.00527143
0.00709915
0.00599980
0.00507092
0.00600147
0.00525546
0.00499487
0.00500178
0.00800753
0.00499940
0.00500011
0.00600457
0.00805569
0.00645041
0.00695825
0.00500536
0.00502467
0.00800800
0.00600815
0.00708079
0.00509143
0.00518680
0.00800920
0.01099968
0.00901556
0.00639796
0.01000071
0.01101208
0.00900364
0.00521922
0.00600815
0.00505209
0.00599980
0.01000738
0.01201200
0.00499988
0.00701118
0.00500202
0.00503778
0.00408149
0.00592446
0.00600219
0.00499845
0.00550604
0.00599194
0.00496316
0.00601292
0.00905633
0.00653005
0.00998974
0.00699949
0.00798082
0.00602007
0.00549984
0.00500011
0.00899744
0.00600767
0.00901008
0.00700021
0.00500202
0.00900054
0.00600266
0.00749445
0.00600076
0.00712848
0.00600719
0.00447536
0.00500250
0.00499821
0.00800776
0.00500107
0.00800872
0.00699162
0.00502276
0.00700879
0.00500822
0.00500226
0.00600958
0.00399947
0.00799227
0.00602579
0.00600171
0.00700235
0.00509238
0.00807071
0.00663161
0.00999260
0.00700879
0.00600076
0.00399041
0.00500178
0.00599766
0.00450563
0.00502229
0.00801039
0.00700307
0.00700426
0.00799775
0.00999975
0.00500011
0.00499988
0.00398898
0.00534821
0.00491595
0.00500846
0.00899863
0.01201677
0.00851536
0.00907946
0.00700450
0.00599909
0.00601053
0.00607991
0.00700355
0.00600386
0.00500107
0.00601029
0.00800228
0.00551343
0.00499845
0.00501466
0.00500965
0.00799990
0.00800824
0.00599861
0.00617838
0.00499964
0.00800729
0.00485659
0.00425720
0.00522590
0.00499868
0.00501919
0.00899887
0.00499892
0.00800896
0.01285768
0.00599170
0.00900888
0.00600338
0.00756288
0.00700974
0.00700045
0.00700212
0.00599313
0.00900698
0.00903392
0.00600004
0.01501226
0.00532269
0.00450110
0.00800800
0.00558591
0.00898981
0.01299095
0.01000214
0.00648832
0.00800991
0.00799990
0.00699949
0.00800014
0.00701118
0.00700164
0.00699162
0.01450205
0.00699973
0.00700045
0.00600815
0.00709271
0.00700068
0.00799394
0.00800967
0.00700712
0.00700402
0.00800514
0.01899910
0.00900006
0.00599909
0.00600123
0.00899339
0.00699925
0.01000166
0.00650764
0.00700569
0.00700617
0.00799847
0.02099991
0.00700068
0.00700641
0.00900126
0.00700045
0.01139426
0.01100039
0.00700569
0.00699949
0.00699472
0.00799966
0.00699973
0.01000142
0.00900817
0.00799251
0.01899958
0.00799990
0.00698614
0.01100016
0.00800204
0.00802994
0.00800061
0.00800133
0.00799465
0.00700641
0.00499582
0.00801015
0.00499916
0.00898647
0.00801086
0.01450205
0.01000261
0.00800586
0.00800657
0.00899959
0.00900412
0.00800061
0.00701809
0.00650263
0.00799942
0.00500107
0.00701261
0.01100326
0.00899792
0.00598121
0.00700688
0.01100016
0.00700784
0.00706887
0.00799155
0.01200032
0.00800180
0.01043391
0.01050949
0.00718093
0.00800109
0.00800657
0.01101565
0.01099944
0.00800037
0.00700784
0.01200795
0.01000237
0.00707340
0.00800347
0.00906610
0.00706887
0.00599051
0.00799942
0.00891232
0.00699019
0.00499868
0.00650787
0.00599790
0.00601196
0.00600696
0.00599074
0.00850749
0.00599957
0.00728798
0.00600171
0.00499964
0.00900912
0.01100993
0.00700903
0.00699449
0.01591301
0.00601149
0.00729752
0.00801897
0.00598884
0.00600219
0.00600171
0.00499940
0.00700974
0.01100755
0.00600815
0.00702667
0.00674129
0.00600219
0.00701070
0.00700760
0.00700593
0.00550842
0.00899315
0.00802732
0.00599957
0.00730705
0.00751567
0.00750399
0.01299977
0.00900030
0.00899982
0.00899076
0.00900006
0.01850224
0.00899982
0.00799632
