0.00499988
0.00900531
0.00899982
0.00899959
0.02299666
0.00903845
0.00900078
0.00900173
0.01165342
0.01200080
0.00800586
0.00900507
0.00800562
0.02350307
0.00900674
0.00899982
0.00899529
0.00900006
0.01200080
0.00900698
0.00953937
0.01099968
0.01099968
0.00900531
0.00900578
0.02200079
0.00950432
0.00900602
0.01000333
0.00899935
0.02440596
0.00999618
0.00899839
0.00851488
0.01300001
0.00894523
0.00894761
0.00900197
0.00928020
0.01100159
0.00851011
0.00900149
0.00799513
0.01199937
0.00899982
0.00851226
0.00999999
0.00934052
0.01678252
0.01276875
0.01031685
0.00899482
0.00899863
0.00805020
0.00900531
0.00924015
0.00900006
0.00900340
0.00811148
0.01000547
0.01600027
0.01093411
0.00847864
0.00800085
0.00977731
0.00999999
0.00904107
0.00827742
0.00803876
0.00807381
0.00712109
0.00799441
0.00905681
0.00889015
0.00799870
0.01300359
0.01200104
0.01199913
0.02570295
0.00900030
0.01093793
0.01062036
0.00849080
0.02804399
0.00951171
0.01000214
0.01000857
0.00899982
0.00924993
0.01099992
0.01100111
0.01000786
0.01050735
0.00846457
0.00799966
0.00800061
0.00899982
0.00800586
0.00798082
0.01210427
0.01104641
0.01201010
0.01019502
0.00939703
0.00896955
0.00999975
0.00900197
0.01403999
0.01032543
0.00915504
0.01001120
0.00954890
0.01003957
0.00993657
0.01014304
0.00599885
0.00837374
0.01089811
0.00800157
0.00998282
0.00996208
0.00800085
0.00804281
0.00707078
0.00850797
0.00900126
0.00980878
0.00899625
0.01000905
0.00900793
0.00800562
0.00800800
0.00802541
0.00999570
0.00807500
0.01008868
0.00891113
0.00804973
0.00999665
0.00992560
0.00800776
0.00947118
0.01052713
0.01000619
0.00892043
0.00901103
0.00799108
0.00900936
0.00999951
0.00801706
0.00800586
0.00804329
0.00900745
0.00801063
0.00897789
0.01098871
0.00992250
0.00701022
0.00900507
0.00949812
0.01099157
0.00700331
0.00743556
0.00800014
0.00700116
0.00791240
0.00800705
0.01001287
0.00852394
0.00900960
0.00801182
0.00900698
0.00809717
0.00741720
0.00795484
0.00799870
0.00799084
0.00600576
0.00953746
0.00999737
0.00900531
0.00999999
0.01001930
0.00800800
0.00998545
0.00801110
0.00799656
0.00835729
0.00900435
0.00889945
0.00800157
0.00709343
0.00799918
0.00800323
0.00800085
0.00900269
0.00709939
0.00705099
0.00808477
0.00860739
0.00700116
0.00900340
0.00808716
0.00783157
0.00897241
0.00804234
0.00699568
0.00802636
0.00799966
0.00810075
0.00800443
0.00910902
0.00599790
0.00709271
0.00799060
0.00600243
0.00697637
0.00699615
0.00900674
0.00608802
0.01000047
0.01001406
0.00900793
0.00749850
0.00800729
0.00847673
0.00719404
0.00800347
0.00700855
0.00700116
0.00900960
0.00678349
0.00600004
0.00753045
0.00700164
0.01000595
0.00900722
0.00799346
0.00699687
0.00708556
0.00700974
0.00803185
0.00999594
0.00701451
0.00842595
0.00664282
0.00608206
0.00800085
0.00699329
0.00899434
0.00906134
0.00906515
0.00756335
0.00999689
0.00851393
0.00825429
0.00800896
0.01000619
0.00951743
0.00699210
0.00800538
0.00951385
0.00699878
0.00992346
0.00726151
0.01000166
0.00797772
0.00799942
0.01201534
0.00953007
0.00752163
0.01000929
0.00900388
0.00899243
0.01105022
0.00711489
0.00691247
0.00699997
0.00721288
0.00800705
0.00900507
0.00901365
0.00800729
0.00700855
0.01306939
0.01100516
0.00713253
0.00893474
0.00800920
0.00600100
0.00899839
0.00700688
0.00699997
0.00700450
0.00700092
0.00900173
0.00899911
0.00933552
0.00700164
0.00700927
0.00699902
0.00899196
0.00710273
0.00833416
0.00799918
0.00700641
0.00650597
0.00807881
0.00799966
0.00700736
0.00633883
0.00701261
0.00599098
