0.00499439
0.00789285
0.01199746
0.00700140
0.00901127
0.01200771
0.00953174
0.01100230
0.01000166
0.00699639
0.00700688
0.01000690
0.01399899
0.00961065
0.01252675
0.01300073
0.00900126
0.02099919
0.01099873
0.01202393
0.01452470
0.01319909
0.00800133
0.00800109
0.00800252
0.00760102
0.00921798
0.01200199
0.01332879
0.01300979
0.01298952
0.01201010
0.00900960
0.01022768
0.00904965
0.00850439
0.00799870
0.01200914
0.00816202
0.01200390
0.00942135
0.00800824
0.01200318
0.01051927
0.01100111
0.00900197
0.00900698
0.00899029
0.01299953
0.02100158
0.01208878
0.01099634
0.01099992
0.01199031
0.00800371
0.00901175
0.01051807
0.01800632
0.00900006
0.00900722
0.00899410
0.01000071
0.01199961
0.00899720
0.00801229
0.00800037
0.00900030
0.00900292
0.00999427
0.00899315
0.01850224
0.01200581
0.00900435
0.01000214
0.01200747
0.00799942
0.01001048
0.01199937
0.01000047
0.00800657
0.01000571
0.00899220
0.02100182
0.01300025
0.01100183
0.00899458
0.00999999
0.00900030
0.00900102
0.00899935
0.00953126
0.01103425
0.00900626
0.00899243
0.00999284
0.00800061
0.00951028
0.00900054
0.02299619
0.01199365
0.00969076
0.00964880
0.02150273
0.01299930
0.00899959
0.00900936
0.00999951
0.00900054
0.00900030
0.00901103
0.01099968
0.00900006
0.01000714
0.00899410
0.01100063
0.01150393
0.00800633
0.00999355
0.00899315
0.01300097
0.00799966
0.00899982
