0.00599265
0.00700951
0.00699520
0.00792718
0.00900435
0.00900817
0.00799251
0.01000690
0.00808716
0.00900650
0.00799918
0.01012921
0.00908399
0.00904775
0.00700116
0.00699115
0.00599957
0.00600052
0.00599980
0.00600052
0.00600100
0.00499964
0.00601268
0.00601077
0.00501871
0.00600123
0.00600004
0.00599980
0.00500321
0.00601983
0.00499988
0.00601006
0.00544667
0.00540304
0.00599527
0.00600672
0.00500131
0.00501418
0.00521946
0.00605774
0.00600624
0.00609255
0.00600052
0.00499797
0.00443792
0.00500774
0.00400066
0.00399923
0.00399971
0.00500107
0.00500059
0.00400090
0.00399327
0.00501728
0.00399923
0.00499558
0.00500274
0.00430107
0.00500822
0.00400019
0.00401759
0.00444102
0.00399017
0.00500035
0.00600052
0.00451469
0.00499964
0.00499916
0.00499988
0.00500202
0.00501180
0.00499940
0.00451326
0.00499010
0.00398827
0.00399947
0.00499868
0.00398993
0.00501132
0.00398970
0.00546503
0.00499892
0.00399876
0.00400043
