0.00399017
0.00599027
0.00600004
0.00599194
0.00616169
0.00700068
0.00613523
0.00599837
0.00699568
0.00700426
0.00599980
0.00600362
0.00600004
0.00600004
0.00499535
0.00500035
0.00499201
0.00599265
0.00599146
0.00600076
0.00599957
0.00599313
0.00499701
0.00599957
0.00548410
0.00600004
0.00697064
0.00599957
0.00599217
0.00600147
0.00498843
0.00599933
0.00498986
0.00607991
0.00599957
0.00599980
0.00600004
0.00600004
0.00499892
0.00600100
0.00600362
0.00599790
0.00653744
0.00600004
0.00542426
0.00600743
0.00600529
0.00599813
0.00644708
0.00699973
0.00598860
0.00515819
0.00599957
0.00634265
0.00498843
0.00550413
0.00498843
0.00499916
0.00599933
0.00577807
0.00600386
0.00599885
0.00499463
0.00499892
0.00642395
0.00499916
0.00646424
0.00600004
0.00499940
0.00499940
0.00499940
0.00599980
0.00499964
0.00499940
0.00399947
0.00500011
0.00418091
0.00399971
0.00399923
0.00399208
0.00413609
0.00399208
0.00400281
0.00500679
0.00499988
0.00399494
0.00398850
0.00412226
0.00499868
0.00500035
0.00499845
0.00398993
0.00444937
0.00399899
0.00398755
0.00450683
0.00399923
0.00399160
0.00500345
0.00399303
0.00499988
0.00400543
0.00500393
0.00500441
0.00399375
0.00450015
0.00499368
0.00569797
0.00600481
0.00499129
0.00500154
0.00499678
0.00499988
0.00502157
0.00499105
0.00500059
0.00612831
0.00534582
0.00499272
0.00601172
0.00599957
0.00499392
0.00650549
0.00599456
0.00498939
0.00507379
0.00499058
0.00600338
0.00498939
0.00550485
0.00600171
0.00521588
0.00499105
0.00499034
0.00499058
0.00499964
0.00499964
0.00499988
0.00498962
0.00399613
0.00398946
0.00399160
0.00500178
0.00399923
0.00450230
0.00398850
0.00399160
0.00399089
0.00409651
0.00399113
0.00500035
0.00500107
0.00500059
0.00399899
0.00450206
0.00461268
0.00400543
0.00415397
0.00529814
0.00509214
0.00550294
0.00499988
0.00399399
0.00499892
0.00499415
0.00499892
0.00499964
0.00399923
0.00503635
0.00499177
0.00499988
0.00500154
0.00399685
0.00399351
0.00400448
0.00472260
0.00450373
0.00399852
0.00399566
0.00399470
0.00399613
0.00499010
0.00499868
0.00412130
0.00499058
0.00499940
0.00600052
0.00398898
0.00499606
0.00499082
0.00499988
0.00498796
0.00500035
0.00615549
0.00599980
0.00499654
0.00499892
0.00599957
0.00603414
0.00599170
0.00499010
0.00498986
0.00499988
0.00499010
0.00499010
0.00499129
0.00498962
0.00499129
0.00599694
0.00600004
0.00637937
0.00599980
0.00600052
0.00599003
0.00600028
0.00639343
0.00534892
0.00500202
0.00507927
0.00550413
0.00615406
0.00600100
0.00600123
0.00599337
0.00599957
0.00599360
0.00599885
0.00599480
0.00670195
0.00599957
0.00600457
0.00600863
0.00651908
0.00600696
0.00599980
0.00599122
0.00599337
0.00600052
0.00599194
0.00599909
0.00599933
0.00599670
0.00609469
0.00600338
0.00599408
0.00650382
0.00700045
0.00699663
0.00499439
0.00650668
0.00586486
0.00599146
0.00600505
0.00700045
0.00599575
0.00650406
0.00699306
0.00599217
0.00650406
0.00599933
0.00599933
0.00599289
0.00599957
0.00599217
0.00599980
0.00599170
0.00599909
0.00599980
0.00649428
0.00599933
0.00657964
0.00699997
0.00685406
0.00599217
0.00700021
0.00599813
0.00600004
0.00599384
0.00598717
0.00599265
0.00609708
0.00599384
0.00700545
0.00623465
0.00600433
0.00541902
0.00599146
0.00599766
0.00717974
0.00634265
0.00598669
0.00700068
0.00698876
0.00598884
0.00600195
0.00600028
0.00667191
0.00699258
0.00700235
0.00599909
0.00599933
0.00700045
0.00700879
0.00700212
0.00599933
0.00610375
0.00699902
0.00724697
0.00650096
0.00634241
0.00600004
0.00599957
0.00598955
0.00599957
0.00598884
0.00609136
0.00599527
0.00708032
0.00606036
0.00601673
0.00599813
0.00751233
0.00634837
0.00599957
0.00599098
0.00613713
0.00600052
0.00599933
0.00600934
0.00700164
0.00727201
0.00700092
0.00614929
0.00553489
0.00599909
0.00600004
0.00600004
0.00599432
0.00607824
0.00599909
0.00599957
0.00599980
0.00499964
0.00716496
0.00641441
0.00614572
0.00650334
0.00600028
0.00700688
0.00599909
0.00599933
0.00700045
0.00610232
0.00700045
0.00700092
0.00599957
0.00646496
0.00600195
0.00633430
0.00599909
0.00638485
0.00599957
0.00601053
0.00600004
0.00700688
0.00700045
0.00600028
0.00599909
0.00601625
0.00600147
0.00599957
0.00653172
0.00700092
0.00600576
0.00650144
0.00599933
0.00667405
0.00699925
0.00699949
0.00599933
0.00599933
0.00599980
0.00599933
0.00650311
0.00599885
0.00599933
0.00599933
0.00600076
0.00600123
0.00599790
0.00600004
0.00600481
0.00600147
0.00497389
0.00650334
0.00499845
0.00652218
0.00599909
0.00600004
0.00599980
0.00599122
0.00599289
0.00499558
0.00499415
0.00599980
0.00544453
0.00499511
0.00599933
0.00499940
0.00500011
0.00400639
0.00500083
0.00499988
0.00510883
0.00500488
0.00450277
0.00500083
0.00509644
0.00399923
0.00399899
0.00399947
0.00499964
0.00500178
0.00400043
0.00405860
0.00399947
0.00399256
0.00399184
0.00399899
0.00399518
0.00443101
0.00399494
0.00399923
0.00499988
0.00399947
0.00400209
0.00500250
0.00399661
0.00500035
0.00500107
0.00400186
0.00449395
0.00399923
0.00500131
0.00500035
0.00411344
0.00399446
0.00399208
0.00500202
0.00499988
0.00398850
0.00399160
0.00399113
0.00399899
0.00418544
0.00400138
0.00399256
0.00448966
0.00499964
0.00410461
0.00500011
0.00399089
0.00399160
0.00399256
0.00399208
0.00400162
0.00399923
0.00399280
0.00399184
0.00521588
0.00399923
0.00500131
0.00399256
0.00450158
0.00399208
0.00500536
0.00399995
0.00499964
0.00499225
0.00600028
0.00399852
0.00499964
0.00499892
0.00499749
0.00399995
0.00399208
0.00401092
0.00499988
0.00399995
0.00398993
0.00399590
0.00499845
0.00499940
0.00499964
0.00600171
0.00638223
0.00725746
0.00700045
0.00600052
0.00650287
0.00400114
0.00500083
0.00450897
0.00500035
0.00499964
0.00499988
0.00399899
0.00499845
0.00499964
0.00499940
0.00499773
0.00600004
0.00499201
0.00499606
0.00500059
0.00617599
0.00499606
0.00551820
0.00399137
0.00500202
0.00499964
0.00449777
0.00563574
0.00499988
0.00600481
0.00600982
0.00499749
0.00599146
0.00547409
0.00601029
0.00599527
0.00550461
0.00599980
0.00599360
0.00599957
0.00599909
0.00600457
0.00605416
0.00600028
0.00600171
0.00600004
0.00500083
0.00600457
0.00600696
0.00650406
0.00499892
0.00499964
0.00600839
0.00600028
0.00599098
0.00622034
0.00700188
0.00810409
0.00699973
0.00700164
0.00800180
0.00650764
0.00721097
0.00699449
0.00800014
0.00700235
0.00700712
0.00599957
0.00599313
0.00608921
0.00599837
0.00700736
0.00651145
0.00642920
0.00700617
0.00700235
0.00700784
0.00701070
0.00634933
0.00599003
0.00599074
0.00700974
0.00702405
0.00599933
0.00613499
0.00599146
0.00700974
0.00600028
0.00599957
0.00574493
0.00599933
0.00600052
0.00507379
0.00600052
0.00498867
0.00499988
0.00499964
0.00550079
0.00499964
0.00399971
0.00399899
0.00500011
0.00419354
0.00499940
0.00500011
0.00399256
0.00499988
0.00500250
0.00500011
0.00461888
0.00399971
0.00500178
0.00500178
0.00495219
0.00416327
0.00500846
0.00420570
0.00400233
0.00399017
0.00399923
0.00499010
0.00399804
0.00398946
0.00499320
0.00548363
0.00398922
0.00399184
0.00399637
0.00499582
0.00451088
0.00499940
0.00609732
0.00500035
0.00549507
0.00500011
0.00601006
0.00500131
0.00599337
0.00499988
0.00599980
0.00644851
0.00499916
0.00499964
0.00612283
0.00499845
0.00600147
0.00600290
0.00623059
0.00499749
0.00600004
0.00599837
0.00612569
0.00599957
0.00599909
0.00600672
0.00599980
0.00600290
0.00599885
0.00600028
0.00650883
0.00600243
0.00499105
0.00599432
0.00600028
0.00647163
0.00499129
0.00599933
0.00500441
0.00599504
0.00552344
0.00499439
0.00600767
0.00600004
0.00600886
0.00600004
0.00600052
0.00639343
0.00600123
0.00568652
0.00599980
0.00500655
0.00599980
0.00521946
0.00599647
0.00500107
0.00499034
0.00599122
0.00601006
0.00599957
0.00612545
0.00600028
0.00599933
0.00599957
0.00600743
0.00600004
0.00649643
0.00599957
0.00599003
0.00499916
0.00600815
0.00498867
0.00599694
0.00699973
0.00602102
0.00600004
0.00609875
0.00600028
0.00724864
0.00651407
0.00799942
0.00606084
0.00598764
0.00600028
0.00699973
0.00598931
0.00600004
0.00499916
0.00700903
0.00630283
0.00600100
0.00651264
0.00603700
0.00600004
0.00598979
0.00499988
0.00499034
0.00499201
0.00600696
0.00600004
0.00600553
0.00600362
0.00700021
0.00600123
0.00549603
0.00500154
0.00600052
0.00600028
0.00600004
0.00600123
0.00605989
0.00499129
0.00504255
0.00499964
0.00500321
0.00500202
0.00500154
0.00600004
0.00595903
0.00499964
0.00499129
0.00500226
0.00501060
0.00519705
0.00499940
0.00500822
0.00432777
0.00499916
0.00399923
0.00398993
0.00399923
0.00501728
0.00500655
0.00504804
0.00498700
0.00600052
0.00500107
0.00600028
0.00605083
0.00499916
0.00599933
0.00599933
0.00499964
0.00600076
0.00599909
0.00600171
0.00600505
0.00600266
0.00599980
0.00499558
0.00499463
0.00623274
0.00590754
0.00648165
0.00599933
0.00599766
0.00746441
0.00700140
0.00599980
0.00622392
0.00599074
0.00600219
0.00650072
0.00673389
0.00599813
0.00599456
0.00699854
0.00599957
0.00699115
0.00599933
0.00630426
0.00552511
0.00599599
0.00599003
0.00599957
0.00699949
0.00599718
0.00600433
0.00700879
0.00599909
0.00498986
0.00599933
0.00600362
0.00600219
0.00605321
0.00599933
0.00599957
0.00599074
0.00599980
0.00600100
0.00611091
0.00599933
0.00531435
0.00599980
0.00644612
0.00599885
0.00598907
0.00599670
0.00740361
0.00599933
0.00721383
0.00599790
0.00610590
0.00599980
0.00611734
0.00600815
0.00615931
0.00703502
0.00700235
0.00650549
0.00600004
0.00599957
0.00599980
0.00708961
0.00595927
0.00637865
0.00599456
0.00700641
0.00700569
0.00719523
0.00599933
0.00533319
0.00599146
0.00599456
0.00599885
0.00599146
0.00600004
0.00550222
0.00640750
0.00718164
0.00599146
0.00636482
0.00599313
0.00599194
0.00650573
0.00599933
0.00600767
0.00710678
0.00599909
0.00716233
0.00599933
0.00699186
0.00600171
0.00700808
0.00599504
0.00600147
0.00551891
0.00599909
0.00601959
0.00599980
0.00499725
0.00591731
0.00699973
0.00700068
0.00645137
0.00645113
0.00614619
0.00600290
0.00644493
0.00650477
0.00600910
0.00599122
0.00601816
0.00600004
0.00599694
0.00599957
0.00700068
0.00599980
0.00600004
0.00599170
0.00620174
0.00650930
0.00603032
0.00601721
0.00599957
0.00591588
0.00599480
0.00600815
0.00509882
0.00600004
0.00600219
0.00499177
0.00600028
0.00499988
0.00499511
0.00516272
0.00500083
0.00499868
0.00574231
0.00499964
0.00600195
0.00498891
0.00499153
0.00600815
0.00500846
0.00627518
0.00499082
0.00499701
0.00599980
0.00500154
0.00498939
0.00627208
0.00399899
0.00399899
0.00500059
0.00399947
0.00399804
0.00498962
0.00498772
0.00399995
0.00399947
0.00433445
0.00501108
0.00399947
0.00452209
0.00399876
0.00399995
0.00399399
0.00499940
0.00399923
0.00399947
0.00411725
0.00398993
0.00399852
0.00500011
0.00398970
0.00424767
0.00499988
0.00413013
0.00498962
0.00453043
0.00500035
0.00499892
0.00499916
0.00500512
0.00498962
0.00600171
0.00500035
0.00500798
0.00599861
0.00601816
0.00537610
0.00526309
0.00529695
0.00653863
0.00499964
0.00499940
0.00499177
0.00499916
0.00599957
0.00630784
0.00599122
0.00601506
0.00499725
0.00600100
0.00600243
0.00599957
0.00551367
0.00599933
0.00497723
0.00600886
0.00499082
0.00500679
0.00600123
0.00613832
0.00600863
0.00604773
0.00600004
0.00545573
0.00601506
0.00651860
0.00600076
0.00499940
0.00591969
0.00591302
0.00596905
0.00499940
0.00600505
0.00599480
0.00599980
0.00570750
0.00642657
0.00499797
0.00550151
0.00599742
0.00600147
0.00600028
0.00498986
0.00499606
0.00600863
0.00499988
0.00600767
0.00499153
0.00500178
0.00499916
0.00498867
0.00500846
0.00471640
0.00399041
0.00500035
0.00500011
0.00522661
0.00500011
0.00600076
0.00606465
0.00600767
0.00599146
0.00500011
0.00599074
0.00601292
0.00599074
0.00650430
0.00600076
0.00498843
0.00599909
0.00700855
0.00594831
0.00499940
0.00498891
0.00645065
0.00600052
0.00600052
0.00600386
0.00599098
0.00659609
0.00599933
0.00531864
0.00550508
0.00565672
0.00499630
0.00599885
0.00599957
0.00599027
0.00599432
0.00580311
0.00600052
0.00600410
0.00550914
0.00599933
0.00600147
0.00599790
0.00699949
0.00700903
0.00699997
0.00600576
0.00599980
0.00700617
0.00599527
0.00609756
0.00600100
0.00513554
0.00599957
0.00600004
0.00600052
0.00600123
0.00600028
0.00599146
0.00498891
0.00536942
0.00600338
0.00599051
0.00500154
0.00499320
0.00506973
0.00499439
0.00600004
0.00599957
0.00600195
0.00499177
0.00609732
0.00599980
0.00700021
0.00599909
0.00599098
0.00601888
0.00599957
0.00651670
0.00600052
0.00599170
0.00598955
0.00600123
0.00599933
0.00725055
0.00799704
0.00599980
0.00599766
0.00600195
0.00599027
0.00751138
0.00599980
0.00700784
0.00599957
0.00599909
0.00599933
0.00600004
0.00598884
0.00599170
0.00606775
0.00601411
0.00599289
0.00639200
0.00598788
0.00693989
0.00600004
0.00600004
0.00601101
0.00599170
0.00700092
0.00711894
0.00799990
0.00701690
0.00721145
0.00600386
0.00700092
0.00705385
0.00599909
0.00649881
0.00599456
0.00598860
0.00700045
0.00599909
0.00700045
0.00606251
0.00700021
0.00685072
0.00599861
0.00700855
0.00599623
0.00600863
0.00700808
0.03699970
0.00900340
0.00850368
0.00800157
0.00800014
0.00800014
0.00800014
0.00800014
0.00800014
0.00700045
0.00700188
0.00799966
0.00700164
0.00799942
0.00750327
0.00800180
0.00899982
0.00800014
0.00700068
0.00900126
0.00800037
0.00700188
0.00800109
0.00900030
0.00699997
0.00699997
0.00700021
0.00800061
0.00799966
0.00700212
0.00799990
0.00800037
0.00800037
0.00800014
0.00699997
0.00800037
0.00699997
0.00799990
0.00800180
0.00800014
0.00850415
0.00799990
0.00800014
0.00900912
0.00700045
0.00800037
0.00700068
0.00799990
0.00850391
0.00750303
0.00699997
0.00799990
0.00800061
0.00700045
0.00700068
0.01000309
0.00899792
0.00900340
0.00950623
0.00899935
0.00800014
0.00899005
0.01000094
0.00899959
0.01000071
0.00900340
0.00950980
0.00899982
0.00900006
0.01200008
0.00700068
0.00699973
0.00700021
0.00700283
0.00599027
0.00537586
0.00473237
0.00600004
0.00499582
0.00499439
0.00499868
0.00499916
0.00499988
0.00600076
0.00499916
0.00600290
0.00600028
0.00499988
0.00599289
0.00500011
0.00550437
0.00499988
0.00523329
0.00598955
0.00599885
0.00598907
0.00699997
0.00499725
0.00582337
0.00606608
0.00605941
0.00600386
0.00599980
0.00552082
0.00599194
0.00616765
0.00599098
0.00601625
0.00600028
0.00599933
0.00630069
0.00599170
0.00599957
0.00599027
0.00638151
0.00499439
0.00651002
0.00647187
0.00599957
0.00567675
0.00547528
0.00600004
0.00752568
0.00531697
0.00499964
0.00630403
0.00598955
0.00528216
0.00599694
0.00651860
0.00599980
0.00500798
0.00600481
0.00500250
0.00600028
0.00599813
0.00506806
0.00600982
0.00493360
0.00599408
0.00600648
0.00495434
0.00499463
0.00410271
0.00399947
0.00509810
0.00500011
0.00399590
0.00499701
0.00500059
0.00399566
0.00416422
0.00500107
0.00399399
0.00399160
0.00399065
0.00400043
0.00399041
0.00399446
0.00450492
0.00550890
0.00499916
0.00514650
0.00398874
0.00499797
0.00502706
0.00501251
0.00499201
0.00499701
0.00500417
0.00593567
0.00500226
0.00600243
0.00499940
0.00552988
0.00500059
0.00531149
0.00499487
0.00499296
0.00499725
0.00499964
0.00499940
