0.00399065
0.00606871
0.00499082
0.00619698
0.00600147
0.00550389
0.00499940
0.00600863
0.00604820
0.00499940
0.00599480
0.00600004
0.00499320
0.00600147
0.00520301
0.00500035
0.00499606
0.00551128
0.00673437
0.00600076
0.00499868
0.00599456
0.00607800
0.00499916
0.00615430
0.00600457
0.00521612
0.00599957
0.00530696
0.00500107
0.00600624
0.00550365
0.00599432
0.00600147
0.00600123
0.00630569
0.00602508
0.00600195
0.00610495
0.00601292
0.00600123
0.00556374
0.00626636
0.00500226
0.00499916
0.00650358
0.00600052
0.00499964
0.00499177
0.00499868
0.00549006
0.00600123
0.00615406
0.00616503
0.00556636
0.00600052
0.00600028
0.00600171
0.00600028
0.00554514
0.00651097
0.00547695
0.00499463
0.00499415
0.00600028
0.00603199
0.00499868
0.00599360
0.00498724
0.00602174
0.00599766
0.00580502
0.00499868
0.00600147
0.00600195
0.00601006
0.00555468
0.00600195
0.00606370
0.00499940
0.00499034
0.00499964
0.00499892
0.00647044
0.00600243
0.00498629
0.00549126
0.00500321
0.00600243
0.00599980
0.00499892
0.00600195
0.00630164
0.00651097
0.00646949
0.00549746
0.00500202
0.00600100
0.00498986
0.00499892
0.00550628
0.00599980
0.00528336
0.00599480
0.00600123
0.00500011
0.00600910
0.00599957
0.00600028
0.00499940
0.00499940
0.00600290
0.00601649
0.00651574
0.00602555
0.00600553
0.00499535
0.00600147
0.00600815
0.00659084
0.00600100
0.00499892
0.00544143
0.00600100
0.00600719
0.00600266
0.00663066
0.00542307
0.00550175
0.00499940
0.00511289
0.00600123
0.00600028
0.00599980
0.00499463
0.00499940
0.00499940
0.00600505
0.00600481
0.00499272
0.00601864
0.00550771
0.00550437
0.00601244
0.00600076
0.00500178
0.00449109
0.00601435
0.00600028
0.00510716
0.00499964
0.00550437
0.00601029
0.00599933
0.00600171
0.00499940
0.00651169
0.00499940
0.00523663
0.00499392
0.00499892
0.00599861
0.00541520
0.00499916
0.00499964
0.00499916
0.00499439
0.00604010
0.00600052
0.00605226
0.00600505
0.00617719
0.00600147
0.00499678
0.00600123
0.00500226
0.00500131
0.00499201
0.00532651
0.00499821
0.00506258
0.00600243
0.00613046
0.00650072
0.00599957
0.00600529
0.00617075
0.00498843
0.00499964
0.00499177
0.00499964
0.00538015
0.00499916
0.00599694
0.00599957
0.00514483
0.00544977
0.00550604
0.00600100
0.00599265
0.00608897
0.00507426
0.00600410
0.00499463
0.00500059
0.00600076
0.00600028
0.00600815
0.00599265
0.00600243
0.00600028
0.00550294
0.00600123
0.00600052
0.00609612
0.00499940
0.00621057
0.00599980
0.00599098
0.00498796
0.00499058
0.00500536
0.00499940
0.00500679
0.00499177
0.00650597
0.00699949
0.00550842
0.00550413
0.00676322
0.00550246
0.00618720
0.00615764
0.00613332
0.00499892
0.00555110
0.00536990
0.00600195
0.00550437
0.00499606
0.00600624
0.00550294
0.00499988
0.00499940
0.00499439
0.00599980
0.00600719
0.00499964
0.00599074
0.00599980
0.00601053
0.00499225
0.00604320
0.00648165
0.00600100
0.00499964
0.00499773
0.00499415
0.00499201
0.00600553
0.00599980
0.00599957
0.00539660
0.00499868
0.00500107
0.00499487
0.00600815
0.00600076
0.00599933
0.00498915
0.00499368
0.00500202
0.00548649
0.00600314
0.00500560
0.00503588
0.00599909
0.00499487
0.00599885
0.00599980
0.00622106
0.00625634
0.00600123
0.00499916
0.00499940
0.00499201
0.00499964
0.00542402
0.00600266
0.00545049
0.00599980
0.00600553
0.00600624
0.00539255
0.00499487
0.00618124
0.00627470
0.00600791
0.00553513
0.00542116
0.00609708
0.00499320
0.00499582
0.00599456
0.00549817
0.00499225
0.00601244
0.00500107
0.00600672
0.00613379
0.00600600
0.00534678
0.00499916
0.00601268
0.00478697
0.00500226
0.00500035
0.00600219
0.00500083
0.00500083
0.00499010
0.00600171
0.00550461
0.00491714
0.00500059
0.00499964
0.00449753
0.00499797
0.00600505
0.00600100
0.00500226
0.00600076
0.00599957
0.00599861
0.00600338
0.00499916
0.00550389
0.00530148
0.00600052
0.00600147
0.00597787
0.00499940
0.00509191
0.00499916
0.00550508
0.00499916
0.00549102
0.00661898
0.00629902
0.00600100
0.00600076
0.00499988
0.00601816
0.00504184
0.00574279
0.00599957
0.00599360
0.00600004
0.00619316
0.00499105
0.00553703
0.00600266
0.00543022
0.00549603
0.00600052
0.00573015
0.00565815
0.00609708
0.00700498
0.00606537
0.00519681
0.00599957
0.00649309
0.00599861
0.00601459
0.00600004
0.00550079
0.00617743
0.00549173
0.00603414
0.00499105
0.00599980
0.00599980
0.00447679
0.00600600
0.00599504
0.00547075
0.00500178
0.00630975
0.00600028
0.00505161
0.00599933
0.00599957
0.00542545
0.00507450
0.00599837
0.00621247
0.00499487
0.00599933
0.00500250
0.00583458
0.00550199
0.00590110
0.00576258
0.00606894
0.00550151
0.00600100
0.00600958
0.00613785
0.00499344
0.00499940
0.00600028
0.00633597
0.00600004
0.00647330
0.00600672
0.00600028
0.00529075
0.00600123
0.00608110
0.00600576
0.00608110
0.00599957
0.00499725
0.00651407
0.00626540
0.00549865
0.00508285
0.00585532
0.00499940
0.00550270
0.00499892
0.00600028
0.00600147
0.00499439
0.00599980
0.00633430
0.00600147
0.00499940
0.00600004
0.00499916
0.00520349
0.00635815
0.00600004
0.00562930
0.00499725
0.00600004
0.00596237
0.00615096
0.00600052
0.00600123
0.00499940
0.00499988
0.00600600
0.00499940
0.00555778
0.00600672
0.00603914
0.00507498
0.00498915
0.00609136
0.00600123
0.00609851
0.00600100
0.00600457
0.00500727
0.00600004
0.00600100
0.00637317
0.00515223
0.00500131
0.00499940
0.00524545
0.00527143
0.00591278
0.00500274
0.00499415
0.00599599
0.00499034
0.00600910
0.00599051
0.00600171
0.00600219
0.00600004
0.00622630
0.00600481
0.00562167
0.00500178
0.00500298
0.00601435
0.00565338
0.00600004
0.00600290
0.00599790
0.00499129
0.00599265
0.00599837
0.00648284
0.00600958
0.00600910
0.00550222
0.00489855
0.00499916
0.00499916
0.00499892
0.00545931
0.00499940
0.00600314
0.00599980
0.00549626
0.00550175
0.00538945
0.00601721
0.00549674
0.00550365
0.00499964
0.00499916
0.00499678
0.00499821
0.00600052
0.00600266
0.00544739
0.00499940
0.00499964
0.00498772
0.00610042
0.00601482
0.00499940
0.00603819
0.00600171
0.00602484
0.00548196
0.00599957
0.00599980
0.00499082
0.00499916
0.00499654
0.00499988
0.00600195
0.00600028
0.00550580
0.00499940
0.00550604
0.00600052
0.00499940
0.00499868
0.00581169
0.00603890
0.00600147
0.00600052
0.00600076
0.00600290
0.00599933
0.00600076
0.00600767
0.00600123
0.00653243
0.00499153
0.00599957
0.00600052
0.00662708
0.00600505
0.00514126
0.00599980
0.00600338
0.00600481
0.00600076
0.00544047
0.00500083
0.00447392
0.00449419
0.00499988
0.00600648
0.00500536
0.00574803
0.00600100
0.00499964
0.00499940
0.00640082
0.00499940
0.00499606
0.00499558
0.00600028
0.00500298
0.00600219
0.00500655
0.00499654
0.00499988
0.00600696
0.00500107
0.00450873
0.00499940
0.00600195
0.00612879
0.00500011
0.00499964
0.00499701
0.00499129
0.00496507
0.00462461
0.00498819
0.00499821
0.00499940
0.00498939
0.00500536
0.00500059
0.00600028
0.00602198
0.00501990
0.00499129
0.00500011
0.00499725
0.00603676
0.00600457
0.00551677
0.00501084
0.00529432
0.00500703
0.00499082
0.00500083
0.00500751
0.00499988
0.00600028
0.00499940
0.00499320
0.00499940
0.00500059
0.00563574
0.00499916
0.00529623
0.00500083
0.00498962
0.00492978
0.00500059
0.00476670
0.00500011
0.00500083
0.00600576
0.00499988
0.00499964
0.00399566
0.00499821
0.00500631
0.00499964
0.00499964
0.00399113
0.00500131
0.00499082
0.00399113
0.00399876
0.00499201
0.00499916
0.00398922
0.00499964
0.00499964
0.00399971
0.00500870
0.00499964
0.00400114
0.00499868
0.00456023
0.00398946
0.00500011
0.00498939
0.00399160
0.00499964
0.00500870
0.00500011
0.00400233
0.00399899
0.00399995
0.00500178
0.00503445
0.00501442
0.00504017
0.00400281
0.00399017
0.00500965
0.00500059
0.00501132
0.00499964
0.00500560
0.00498486
0.00499749
0.00500178
0.00500154
0.00500107
0.00609517
0.00399947
0.00600457
0.00499916
0.00551581
0.00536442
0.00501561
0.00469661
0.00500917
0.00499988
0.00600004
0.00541997
0.00499988
0.00499964
0.00499916
0.00399899
0.00500464
0.00500035
0.00499916
0.00399971
0.00500774
0.00399947
0.00499487
0.00499964
0.00520945
0.00500870
0.00500011
0.00399280
0.00499940
0.00399947
0.00499916
0.00499988
0.00500131
0.00500154
0.00499964
0.00450730
0.00500059
0.00399876
0.00500059
0.00610042
0.00600100
0.00600529
0.00499940
0.00588965
0.00499916
0.00583315
0.00499988
0.00398874
0.00502133
0.00499892
0.00500274
0.00500011
0.00399160
0.00399160
0.00398850
0.00399923
0.00500226
0.00499940
0.00501037
0.00501180
0.00399995
0.00500202
0.00399995
0.00501418
0.00500059
0.00450015
0.00399852
0.00598860
0.00499988
0.00500154
0.00399899
0.00513625
0.00399971
0.00399995
0.00511932
0.00500011
0.00399876
0.00398922
0.00398922
0.00444651
0.00500202
0.00450373
0.00499940
0.00500131
0.00500154
0.00400662
0.00600004
0.00600171
0.00514913
0.00549388
0.00560403
0.00500035
0.00499082
0.00399709
0.00400519
0.00443053
0.00401759
0.00400233
0.00500035
0.00450683
0.00471973
0.00499964
0.00498676
0.00499916
0.00500202
0.00500083
0.00399923
0.00399947
0.00399828
0.00500107
0.00427604
0.00399995
0.00550270
0.00499988
0.00499964
0.00498629
0.00500798
0.00500011
0.00399923
0.00399113
0.00499511
0.00500154
0.00399995
0.00499964
0.00499988
0.00500822
0.00399184
0.00500035
0.00499392
0.00500035
0.00399470
0.00500011
0.00499511
0.00499964
0.00399947
0.00399184
0.00500011
0.00508356
0.00500989
0.00500178
0.00500107
0.00500178
0.00499988
0.00449538
0.00500107
0.00500178
0.00399590
0.00405169
0.00500131
0.00399685
0.00399065
0.00399518
0.00399113
0.00500131
0.00513911
0.00499845
0.00399923
0.00499320
0.00538707
0.00450468
0.00600052
0.00500131
0.00499296
0.00499988
0.00499201
0.00499940
0.00399971
0.00499988
0.00398874
0.00512099
0.00398803
0.00500083
0.00399780
0.00500250
0.00499964
0.00550437
0.00499964
0.00500011
0.00499988
0.00599289
0.00600004
0.00600219
0.00500894
0.00500059
0.00499940
0.00600028
0.00499988
0.00504684
0.00399995
0.00399137
0.00436807
0.00435066
0.00500870
0.00536776
0.00399327
0.00399446
0.00500464
0.00500107
0.00499511
0.00499845
0.00499249
0.00499988
0.00464749
0.00400209
0.00500011
0.00561881
0.00500011
0.00498843
0.00499916
0.00600433
0.00599957
0.00600147
0.00499916
0.00499916
0.00512195
0.00602794
0.00500035
0.00499964
0.00550365
0.00599957
0.00599957
0.00499105
0.00599170
0.00599933
0.00600672
0.00499940
0.00499153
0.00521278
0.00600004
0.00682759
0.00599980
0.00600433
0.00600100
0.00560904
0.00599432
0.00650358
0.00499964
0.00613999
0.00599813
0.00600076
0.00599861
0.00600100
0.00599551
0.00599957
0.00599289
0.00599575
0.00550175
0.00600243
0.00600553
0.00663280
0.00571012
0.00600028
0.00600910
0.00600195
0.00515556
0.00498939
0.00610471
0.00599194
0.00599861
0.00599432
0.00600553
0.00600076
0.00600672
0.00700021
0.00600004
0.00599217
0.00600052
0.00599885
0.00648713
0.00599933
0.00701022
0.00599742
0.00732732
0.00700068
0.00598717
0.00713229
0.00700164
0.00700068
0.00699997
0.00700045
0.00700545
0.00699973
0.00700808
0.00650692
0.00733376
0.00699997
0.00699162
0.00699759
0.00600266
0.00700021
0.00700092
0.00707150
0.00700736
0.00659776
0.00684810
0.00758624
0.00703812
0.00698876
0.00708795
0.00699997
0.00800228
0.00599909
0.00699973
0.00703359
0.00700068
0.00624442
0.00652003
0.00721526
0.00599933
0.00716162
0.00700045
0.00698352
0.00700450
0.00699377
0.00729847
0.00699449
0.00701213
0.00750256
0.00699878
0.00699639
0.00800920
0.00599575
0.00600147
0.00699878
0.00599813
0.00768924
0.00728440
0.00700402
0.00708222
0.00650430
0.00700927
0.00708413
0.00700164
0.00700045
0.00629139
0.00700140
0.00699496
0.00599432
0.00700235
0.00700951
0.00599861
0.00850487
0.00624871
0.00622845
0.00700283
0.00599933
0.00699806
0.00699949
0.00601578
0.00701070
0.00599146
0.00700164
0.00642300
0.00699973
0.00700951
0.00599885
0.00609136
0.00699949
0.00699925
0.00700164
0.00701141
0.00599122
0.00699425
0.00717115
0.00753021
0.00627112
0.00652313
0.00664401
0.00695395
0.00599909
0.00700116
0.00599933
0.00600123
0.00729203
0.00600052
0.00700092
0.00650907
0.00599861
0.00600386
0.00600028
0.00717831
0.00700212
0.00699949
0.00648165
0.00699997
0.00627446
0.00701165
0.00709534
0.00700116
0.00709081
0.00599980
0.00599194
0.00599957
0.00700045
0.00730681
0.00650287
0.00650501
0.00598931
0.00699162
0.00700140
0.00656247
0.00699973
0.00599933
0.00599957
0.00603914
0.00700092
0.00631261
0.00599933
0.00600624
0.00600553
0.00600481
0.00600791
0.00607443
0.00599909
0.00625443
0.00599933
0.00609112
0.00499964
0.00628734
0.00499392
0.00600839
0.00498843
0.00499129
0.00601077
0.00519538
0.00523090
0.00651407
0.00599217
0.00603008
0.00600076
0.00499821
0.00500441
0.00499988
0.00499868
0.00549030
0.00500107
0.00500083
0.00601411
0.00500059
0.00498843
0.00550342
0.00600052
0.00499940
0.00512815
0.00399923
0.00410795
0.00399780
0.00500822
0.00499940
0.00399280
0.00500011
0.00500059
0.00500011
0.00400233
0.00398850
0.00516558
0.00551987
0.00400567
0.00471568
0.00399828
0.00499988
0.00399995
0.00399089
0.00499988
0.00499153
0.00500083
0.00399923
0.00399470
0.00499916
0.00500083
0.00502086
0.00500107
0.00519443
0.00500154
0.00399375
0.00500083
0.00499082
0.00531554
0.00498915
0.00600028
0.00499988
0.00499940
0.00499964
0.00399971
0.00506711
0.00499105
0.00499249
0.00500035
0.00499940
0.00499916
0.00500917
0.00499988
0.00500178
0.00513840
0.00398827
0.00399923
0.00399733
0.00499296
0.00601482
0.00499964
0.00500274
0.00600839
0.00551176
0.00599980
0.00451136
0.00465465
0.00499034
0.00498319
0.00498939
0.00500607
0.00521111
0.00500488
0.00499988
0.00499940
0.00399876
0.00500131
0.00500011
0.00552464
0.00499988
0.00500965
0.00499916
0.00501490
0.00600791
0.00499320
0.00499940
0.00699973
0.00599933
0.00499988
0.00499988
0.00500226
0.00600004
0.00550365
0.00500011
0.00499964
0.00500011
0.00499940
0.00499964
0.00499964
0.00499678
0.00499892
0.00600052
0.00500011
0.00499964
0.00500131
0.00500035
0.00550389
0.00499964
0.00600004
0.00499940
0.00399399
0.00600052
0.00599957
0.00599432
0.00600028
0.00600195
0.00599980
0.00568247
0.00619197
0.00599980
0.00600195
0.00600004
0.00600529
0.00599909
0.00600839
0.00600004
0.00600171
0.00600004
0.00599980
0.00600004
0.00600886
0.00600147
0.00599861
0.00551295
0.00499129
0.00599980
0.00599980
0.00599980
0.00600767
0.00599074
0.00600123
0.00499034
0.00529885
0.00499797
0.00600100
0.00499439
0.00500059
0.00614357
0.00600028
0.00602126
0.00599980
0.00599957
0.00499201
0.00600147
0.00500011
0.00600123
0.00499129
0.00616884
0.00627303
0.00600052
0.00451422
0.00599909
0.00599980
0.00499964
0.00454545
0.00500011
0.00408959
0.00500083
0.00398803
0.00500512
0.00525618
0.00550365
0.00400591
0.00501084
0.00451469
0.00441122
0.00411725
0.00450730
0.00398779
0.00562024
0.00399923
0.00399542
0.00499988
0.00498962
0.00399923
0.00500083
0.00500178
0.00491953
0.00500226
0.00400019
0.00499511
0.00523806
0.00399971
0.00500226
0.00600052
0.00499940
0.00499940
0.00500441
0.00499463
0.00399899
0.00500083
0.00499940
0.00399947
0.00500083
0.00499940
0.00399446
0.00500035
0.00450468
0.00499916
0.00506926
0.00464034
0.00499177
0.00499964
0.00505352
0.00399113
0.00411606
0.00399137
0.00500941
0.00500035
0.00499535
0.00400472
0.00498986
0.00399661
0.00500154
0.00508261
0.00503469
0.00399971
0.00500798
0.00499868
0.00399518
0.00399923
0.00399113
0.00501037
0.00501204
0.00499082
0.00500798
0.00500178
0.00399017
0.00499868
0.00499964
0.00498986
0.00399518
0.00398970
0.00499988
0.00498080
0.00399613
0.00399995
0.00431657
0.00499964
0.00500154
0.00542307
0.00500846
0.00399780
0.00399137
0.00551414
0.00500011
0.00524163
0.00500965
0.00500035
0.00503159
0.00399899
0.00500131
0.00500178
0.00500751
0.00500154
0.00399041
0.00399137
0.00399971
0.00500107
0.00400162
0.00450635
0.00500011
0.00499964
0.00499892
0.00399923
0.00399399
0.00399923
0.00500178
0.00399899
0.00398993
0.00407100
0.00499868
0.00499201
0.00399923
0.00500274
0.00507116
0.00399923
0.00416923
0.00399160
0.00500131
0.00500059
0.00399971
0.00399733
0.00499845
0.00499988
0.00513840
0.00399542
0.00500107
0.00498819
0.00500011
0.00606799
0.00600982
0.00589991
0.00499964
0.00499249
0.00599933
0.00600028
0.00600457
0.00599790
0.00504065
0.00600147
0.00499344
0.00499964
0.00593638
0.00498843
0.00499964
0.00500178
0.00447154
0.00500941
0.00399542
0.00500107
0.00399065
0.00500298
0.00450468
0.00399113
0.00500226
0.00499964
0.00399899
0.00399709
0.00500083
0.00499964
0.00500131
0.00399947
0.00455809
0.00399494
0.00499964
0.00504446
0.00399184
0.00500989
0.00501227
0.00399590
0.00500798
0.00500011
0.00500870
0.00399947
0.00399995
0.00501132
0.00500274
0.00500035
0.00551939
0.00399137
0.00499964
0.00399184
0.00399160
0.00500846
0.00399780
0.00499797
0.00500154
0.00500011
0.00399995
0.00499988
0.00500822
0.00500035
0.00500107
0.00399160
0.00399899
0.00500154
0.00399923
0.00449824
0.00399947
0.00399971
0.00506902
0.00501013
0.00500131
0.00450587
0.00399399
0.00499964
0.00399923
0.00399923
0.00500059
0.00399947
0.00514269
0.00399899
0.00399923
0.00400400
0.00399470
0.00500107
0.00399947
0.00399780
0.00500035
0.00499988
0.00399923
0.00399017
0.00500131
0.00500846
0.00500846
0.00500798
0.00500011
0.00450420
0.00399661
0.00399852
0.00500083
0.00399947
0.00499988
0.00500035
0.00499988
0.00500011
0.00508690
0.00398898
0.00500870
0.00500154
0.00500059
0.00500202
0.00399995
0.00450206
0.00500107
0.00521660
0.00399947
0.00399947
0.00399923
0.00399971
0.00500178
0.00399899
0.00500178
0.00519323
0.00400043
0.00399113
0.00399208
0.00500321
0.00499988
0.00500083
0.00451684
0.00500250
0.00399923
0.00398874
0.00500822
0.00500870
0.00500822
0.00500154
0.00500131
0.00499940
0.00398993
0.00511789
0.00399375
0.00398755
0.00451803
0.00500011
0.00515008
0.00499964
0.00398946
0.00503778
0.00500131
0.00399995
0.00499845
0.00499988
0.00500131
0.00500107
0.00500107
0.00500846
0.00500822
0.00500202
0.00399256
0.00399137
0.00399184
0.00500154
0.00500154
0.00500202
0.00500178
0.00500178
0.00399089
0.00399971
0.00399184
0.00399017
0.00500107
0.00398898
0.00500154
0.00500154
0.00400209
0.00400138
0.00500154
0.00451517
0.00516939
0.00500774
0.00500822
0.00500131
0.00500059
0.00399470
0.00400019
0.00502586
0.00476003
0.00399947
0.00515413
0.00499964
0.00399923
0.00399160
0.00399876
0.00500154
0.00501513
0.00500035
0.00510907
0.00499892
0.00399208
0.00399923
0.00399423
0.00500011
0.00499964
0.00500703
0.00500154
0.00500154
0.00514221
0.00399089
0.00403476
0.00500131
0.00450492
0.00500131
0.00399947
0.00399637
0.00400019
0.00399065
0.00424004
0.00499988
0.00500107
0.00399923
0.00500846
0.00500107
0.00500083
0.00400615
0.00500274
0.00399399
0.00500751
0.00500250
0.00499988
0.00450349
0.00400186
0.00365996
0.00499701
0.00500512
0.00399971
0.00399089
0.00399375
0.00399923
0.00399947
0.00399971
0.00499940
0.00399899
0.00399780
0.00409055
0.00399899
0.00399160
0.00500131
0.00408602
0.00398874
0.00399947
0.00399303
0.00399947
0.00434995
0.00500035
0.00399923
0.00450182
0.00550222
0.00450277
0.00450325
0.00402069
0.00550413
0.00500751
0.00503254
0.00499916
0.00500083
0.00499058
0.00399232
0.00399542
0.00547934
0.00500011
0.00499988
0.00400019
0.00399470
0.00401402
0.00399494
0.00399375
0.00500250
0.00399947
0.00500870
0.00500941
0.00500941
0.00501013
0.00499988
0.00399899
0.00399923
0.00500059
0.00399947
0.00400162
0.00400662
0.00399899
0.00500107
0.00499201
0.00450182
0.00399947
0.00500083
0.00399971
0.00399923
0.00399899
0.00501204
0.00500107
0.00500011
0.00600004
0.00499058
0.00518680
0.00500083
0.00501370
0.00399971
0.00399089
0.00450706
0.00400209
0.00399923
0.00500059
