0.00100303
0.00499892
0.00500798
0.00399995
0.00399923
0.00399971
0.00400090
0.00500607
0.00400090
0.00400138
0.00417423
0.00400281
0.00400090
0.00452781
0.00499153
0.00500035
0.00400138
0.00399995
0.00400090
0.00400257
0.00499129
0.00399947
0.00398827
0.00499082
0.00499916
0.00399828
0.00400662
0.00399899
0.00500011
0.00499964
0.00409079
0.00399971
0.00500011
0.00500822
0.00408483
0.00400019
0.00450635
0.00499344
0.00399971
0.00499129
0.00498915
0.00500679
0.00502348
0.00417185
0.00483966
0.00500035
0.00399971
0.00499892
0.00500417
0.00399971
0.00418019
0.00400090
0.00400114
0.00499988
0.00414395
0.00400066
0.00500607
0.00399947
0.00400114
0.00500059
0.00400138
0.00399995
0.00400090
0.00400090
0.00400138
0.00499940
0.00400114
0.00400114
0.00400138
0.00450850
0.00399971
0.00499964
0.00399971
0.00500083
0.00398970
0.00400162
0.00500107
0.00399995
0.00399971
0.00400114
0.00499964
0.00394726
0.00511622
0.00398993
0.00399923
0.00501633
0.00448108
0.00420356
0.00480747
0.00396800
0.00450826
0.00456119
0.00400949
0.00501108
0.00499511
0.00399613
0.00400138
0.00501037
0.00400114
0.00499535
0.00399947
0.00500083
0.00499988
0.00530887
0.00400424
0.00400114
0.00400090
0.00400090
0.00400162
0.00499964
0.00399923
0.00400114
0.00500894
0.00399995
0.00499153
0.00401163
0.00400043
0.00450110
0.00405097
0.00415230
0.00423455
0.00400114
0.00500131
0.00499964
0.00399995
0.00450182
0.00400090
0.00501275
0.00400019
0.00509834
0.00400090
0.00500226
0.00399041
0.00400925
