0.00399995
0.00500846
0.00499964
0.00399041
0.00499153
0.00601053
0.00599146
0.00554252
0.00481749
0.00431347
0.00399089
0.00399113
0.00399065
0.00399160
0.00399947
0.00499845
0.00500894
0.00400662
0.00499201
0.00515342
0.00602341
0.00599957
0.00549674
0.00545430
0.00499964
0.00500131
0.00499988
0.00399876
0.00499940
0.00499988
0.00500035
0.00600266
0.00599337
0.00500154
0.00399923
0.00500202
0.00600171
0.00517011
0.00600028
0.00600052
0.00600863
0.00500083
0.00499892
0.00598979
0.00500822
0.00499988
0.00504136
0.00399899
0.00398922
0.00399899
0.00399995
0.00399995
0.00449753
0.00600171
0.00500107
0.00399113
0.00413442
0.00399923
0.00399113
0.00401163
0.00398278
0.00499010
0.00500131
0.00390577
0.00399041
0.00499153
0.00500131
0.00399947
0.00451922
0.00399923
0.00399804
0.00399184
0.00500965
0.00500011
0.00449777
0.00399756
0.00399160
0.00399160
0.00399160
0.00399637
0.00399160
0.00413156
0.00501394
0.00500035
0.00436854
0.00519776
0.00599957
0.00398135
0.00445843
0.00499177
0.00500035
0.00500011
0.00399208
0.00499082
0.00498843
0.00499034
0.00500011
0.00399160
0.00400233
0.00500154
