0.00200248
0.00399947
0.00501013
0.00399995
0.00400925
0.00500107
0.00399971
0.00400043
0.00501513
0.00400066
0.00400186
0.00499940
0.00500035
0.00399995
0.00500178
0.00400043
0.00500131
0.00552154
0.00500154
0.00421953
0.00400114
0.00499153
0.00503826
0.00501871
0.00399995
0.00500274
0.00399923
0.00500846
0.00400043
0.00499988
0.00499964
0.00400043
0.00500011
0.00398850
0.00399971
0.00505877
0.00400043
0.00400305
0.00399995
0.00431156
0.00499034
0.00413752
0.00399947
0.00499988
0.00500035
0.00516796
0.00500655
0.00401688
0.00450492
0.00400186
0.00500011
0.00400162
0.00400066
0.00517130
0.00400114
0.00500822
0.00400138
0.00500441
0.00499940
0.00400114
0.00500941
0.00499153
0.00399947
0.00499988
0.00418210
0.00401759
0.00500011
0.00398970
0.00400090
0.00500202
0.00399947
0.00510168
0.00550508
0.00395751
0.00499916
0.00500321
0.00400162
0.00500798
0.00399899
0.00400090
0.00498986
0.00399923
0.00400519
0.00400043
0.00500822
0.00500131
0.00501251
0.00400257
0.00499988
0.00400162
0.00452900
0.00501013
0.00400114
0.00400090
0.00500035
0.00399995
0.00399947
0.00500631
0.00399971
0.00499988
0.00399971
0.00399995
0.00499368
0.00500560
0.00399947
0.00399971
0.00501227
0.00499105
0.00400066
0.00400090
0.00410938
0.00501037
0.00499129
0.00400114
0.00400162
0.00500178
0.00399947
0.00399542
0.00499940
0.00399971
0.00500655
0.00399947
0.00501132
0.00500941
0.00400305
0.00400090
0.00504327
0.00450730
0.00500154
0.00501299
0.00400114
0.00443339
0.00400043
0.00421000
0.00402975
0.00501871
0.00400376
0.00448990
0.00500178
0.00400066
0.00499225
0.00399995
0.00400114
0.00500250
0.00400138
0.00400782
0.00400281
0.00400114
0.00402427
0.00400066
0.00400090
0.00426316
0.00500894
0.00499105
0.00399971
0.00400090
0.00500274
0.00399947
0.00500011
0.00425553
0.00400138
0.00500464
0.00456834
0.00451469
0.00399947
0.00514340
0.00399971
0.00500011
0.00527954
0.00491595
0.00399947
0.00400090
0.00399947
0.00499964
0.00499964
0.00399947
0.00401187
0.00500202
0.00399971
0.00525069
0.00500441
0.00399971
0.00426054
0.00499964
0.00399971
0.00500488
0.00399971
0.00500488
0.00499535
0.00401831
0.00499940
0.00418806
0.00502038
0.00400114
0.00499988
0.00399995
0.00499320
0.00400114
0.00500011
0.00499940
0.00417852
0.00500011
0.00403666
0.00500035
0.00399947
0.00415063
0.00500846
0.00399923
0.00404644
0.00500774
0.00399899
0.00500011
0.00399947
0.00407147
0.00500870
0.00400019
0.00501227
0.00498962
0.00399923
0.00400138
0.00499845
0.00399923
0.00400090
0.00506735
0.00400090
0.00500154
0.00399971
0.00500560
0.00424480
0.00500798
0.00400090
0.00470376
0.00500631
0.00400138
0.00400090
0.00400066
0.00400186
0.00384450
0.00500512
0.00399995
0.00499701
0.00399017
0.00498986
0.00398803
0.00499988
0.00399041
0.00499868
0.00399995
0.00535297
0.00500941
0.00443077
0.00500011
0.00500250
0.00398898
0.00500011
0.00434446
0.00400019
0.00399923
0.00499964
0.00500011
0.00400019
0.00499940
0.00399995
0.00499916
0.00399995
0.00501013
0.00400090
0.00500011
0.00400066
0.00505400
0.00400281
0.00500059
0.00399923
0.00453210
0.00399947
0.00400138
0.00500202
0.00400090
0.00400782
0.00500178
0.00499940
0.00399923
0.00499964
0.00398111
0.00490713
0.00410986
0.00399971
0.00400090
0.00508285
0.00399899
0.00400090
0.00450039
0.00400090
0.00500393
0.00499463
0.00400615
0.00422430
0.00400090
0.00451612
0.00479794
0.00501537
0.00500822
0.00465536
0.00509882
0.00436068
0.00399947
0.00500035
0.00400090
0.00500035
0.00399876
0.00421381
0.00499964
0.00399923
0.00499988
0.00500035
0.00423121
0.00399971
0.00500107
0.00499940
0.00399995
0.00499964
0.00399995
0.00499940
0.00399947
0.00500011
0.00400066
0.00499940
0.00401688
0.00449777
0.00500560
0.00499177
0.00500870
0.00399947
0.00395536
0.00501132
0.00399971
0.00399995
0.00500631
0.00500011
0.00502753
0.00399995
0.00399971
0.00500011
0.00500059
0.00500059
0.00399947
0.00430465
0.00518751
0.00399947
0.00510931
0.00399971
0.00500059
0.00499964
0.00400138
0.00400209
0.00499105
0.00399971
0.00433278
0.00400162
0.00499964
0.00400019
0.00499201
0.00400138
0.00538325
0.00407958
0.00426769
0.00499463
0.00398684
0.00500035
0.00515103
0.00399947
0.00400114
0.00400066
0.00400090
0.00499988
0.00399971
0.00500011
0.00426435
0.00400090
0.00400066
0.00403857
0.00501251
0.00400090
0.00500059
0.00450492
0.00500083
0.00478792
0.00399971
0.00500989
0.00400710
0.00499225
0.00461268
0.00401521
0.00500870
0.00399971
0.00501156
0.00400114
0.00416350
0.00400090
0.00400209
0.00500607
0.00400162
0.00450611
0.00500178
0.00400138
0.00414371
0.00400066
0.00500035
0.00400162
0.00507689
0.00414705
0.00400066
0.00500059
0.00501370
0.00400162
0.00482655
0.00403261
0.00439525
0.00400186
0.00400066
0.00400066
0.00413609
0.00400043
0.00400090
0.00400162
0.00500846
0.00499177
0.00400066
0.00400090
0.00499940
0.00499296
0.00399995
0.00499988
0.00399971
0.00400066
0.00400066
0.00400805
0.00400138
0.00400162
0.00450635
0.00400090
0.00500107
0.00499988
0.00400066
0.00500488
0.00400090
0.00499988
0.00500154
0.00399947
0.00500011
0.00400138
0.00500345
0.00500059
0.00399923
0.00400162
0.00502753
0.00400066
0.00399923
0.00400090
0.00400615
0.00417280
0.00400090
0.00400114
0.00500894
0.00400162
0.00499129
0.00412202
0.00500059
0.00499892
0.00517607
0.00500011
0.00500154
0.00538063
0.00425458
0.00500345
0.00400162
0.00400472
0.00399137
0.00400090
0.00398135
0.00400138
0.00499988
0.00399947
0.00501084
0.00399995
0.00499964
0.00452566
0.00400019
0.00500035
0.00399995
0.00499177
0.00400090
0.00400114
0.00499988
0.00450373
0.00399923
0.00400162
0.00446033
0.00400233
0.00500059
0.00501060
0.00499082
0.00400019
0.00500941
0.00399971
0.00400329
0.00518203
0.00400114
0.00498915
0.00400114
0.00500250
0.00400043
0.00400138
0.00400138
0.00499272
0.00400162
0.00499034
0.00418520
0.00500751
0.00399804
0.00499034
0.00400066
0.00400066
0.00475121
0.00400090
0.00401330
0.00500035
0.00400114
0.00400233
0.00400090
0.00499940
0.00402045
0.00500154
0.00399971
0.00500035
0.00499916
0.00412536
0.00399995
0.00499916
0.00399971
0.00406313
0.00499535
0.00500441
0.00529909
0.00499916
0.00500035
0.00412440
0.00499749
0.00399971
0.00399995
0.00400114
0.00500584
0.00400257
0.00405836
0.00499177
0.00399947
0.00497866
0.00499225
0.00399971
0.00499034
0.00400019
0.00400305
0.00443983
0.00400138
0.00499964
0.00407076
0.00499988
0.00399995
0.00451088
0.00399160
0.00434279
0.00499988
0.00500989
0.00400066
0.00400138
0.00499988
0.00399899
0.00400090
0.00499964
0.00500083
0.00499940
0.00399995
0.00399923
0.00500083
0.00400090
0.00500011
0.00550652
0.00500536
0.00400114
0.00399041
0.00400066
0.00500083
0.00499940
0.00399899
0.00400162
0.00400066
0.00400043
0.00399971
0.00500226
0.00400448
0.00400138
0.00500941
0.00400186
0.00500774
0.00399971
0.00448084
0.00399995
0.00399899
0.00399947
0.00499105
0.00400019
0.00400162
0.00500226
0.00501132
0.00399971
0.00399923
0.00599980
0.00600076
0.00399995
0.00501871
0.00600076
0.00451398
0.00500178
0.00500059
0.00399971
0.00500417
0.00399947
0.00399947
0.00499439
0.00399971
0.00499964
0.00500512
0.00500274
0.00399184
0.00450206
0.00399947
0.00400138
0.00399923
0.00405169
0.00450659
0.00400043
0.00399971
0.00399971
0.00500011
0.00500178
0.00400186
0.00400066
0.00399947
0.00397205
0.00500035
0.00499964
0.00500059
0.00399971
0.00500488
0.00399995
0.00505590
0.00399971
0.00399971
0.00414062
0.00498199
0.00399923
0.00500941
0.00399971
0.00499153
0.00406003
0.00499177
0.00400019
0.00499988
0.00399995
0.00500011
0.00500107
0.00399971
0.00499201
0.00400090
0.00501037
0.00449729
0.00400257
0.00500488
0.00400424
0.00499964
0.00400019
0.00500560
0.00400090
0.00500059
0.00499916
0.00399947
0.00399971
0.00501037
0.00500441
0.00399923
0.00500989
0.00399923
0.00499082
0.00499964
0.00413656
0.00498056
0.00400114
0.00400186
0.00500131
0.00500202
0.00400066
0.00503039
0.00400090
0.00501060
0.00499034
0.00449753
0.00501156
0.00400090
0.00400805
0.00400043
0.00500202
0.00399971
0.00469995
0.00399947
0.00501299
0.00430655
0.00399947
0.00499940
0.00451660
0.00399971
0.00499988
0.00408387
0.00500035
0.00499153
0.00500870
0.00399137
0.00499988
0.00500202
0.00430274
0.00400877
0.00498986
0.00400162
0.00400138
0.00400162
0.00500178
0.00521493
0.00499964
0.00501013
0.00499058
0.00400066
0.00500965
0.00399852
0.00508332
0.00503421
0.00500154
0.00399995
0.00400281
0.00500035
0.00400090
0.00457215
0.00400877
0.00499892
0.00375891
0.00500607
0.00399995
0.00427246
0.00499940
0.00400138
0.00399923
0.00399899
0.00500083
0.00500131
0.00400972
0.00400090
0.00500393
0.00400043
0.00399923
0.00452518
0.00399995
0.00400114
0.00400090
0.00500011
0.00407505
0.00400066
0.00400138
0.00499487
0.00399971
0.00400090
0.00389338
0.00532174
0.00399947
0.00497770
0.00399256
0.00501132
0.00399208
0.00399971
0.00400090
0.00499225
0.00399971
0.00514889
0.00400233
0.00499511
0.00399947
0.00499511
0.00399995
0.00426674
0.00500655
0.00400496
0.00500488
0.00399971
0.00500512
0.00500274
0.00400114
0.00500417
0.00451612
0.00399947
0.00400138
0.00500011
0.00400138
0.00500202
0.00500631
0.00400066
0.00400090
0.00400066
0.00403738
0.00400066
0.00500226
0.00501204
0.00437593
0.00399423
0.00402355
0.00499177
0.00400090
0.00500226
0.00396037
0.00499105
0.00400090
0.00500011
0.00400138
0.00400090
0.00500059
0.00400090
0.00400066
0.00400043
0.00400114
0.00492859
0.00399733
0.00400114
0.00501394
0.00400066
0.00393319
0.00418043
0.00500011
0.00400066
0.00500107
0.00400162
0.00399971
0.00500178
0.00500154
0.00499988
0.00400090
0.00500131
0.00403666
0.00500631
0.00399947
0.00400114
0.00400090
0.00400114
0.00500822
0.00451136
0.00399923
0.00499558
0.00399971
0.00399947
0.00499964
0.00499535
0.00399971
0.00500488
0.00400090
0.00392699
0.00506282
0.00399947
0.00499940
0.00399947
0.00500679
0.00400186
0.00501275
0.00399971
0.00503397
0.00400114
0.00403285
0.00400138
0.00500083
0.00398898
0.00400114
0.00400090
0.00400090
0.00500202
0.00400114
0.00400090
0.00535679
0.00400138
0.00500870
0.00400066
0.00399899
0.00500035
0.00450277
0.00400138
0.00500178
0.00420189
0.00500011
0.00512171
0.00407124
0.00500512
0.00400090
0.00500083
0.00399995
0.00501132
0.00499034
0.00417042
0.00499988
0.00500226
0.00432396
0.00499892
0.00452375
0.00499606
0.00399876
0.00499582
0.00500369
0.00500250
0.00499701
0.00400019
0.00501060
0.00400162
0.00500011
0.00399971
0.00400090
0.00501919
0.00399923
0.00500011
0.00500131
0.00400043
0.00449610
0.00502348
0.00551295
0.00473380
0.00399971
0.00399923
0.00400138
0.00400066
0.00500870
0.00500178
0.00500870
0.00404501
0.00498486
0.00499988
0.00508761
0.00399041
0.00399947
0.00526690
0.00430679
0.00500202
0.00526547
0.00400138
0.00500202
0.00400138
0.00499177
0.00432873
0.00499964
0.00400090
0.00479650
0.00400114
0.00500154
0.00500083
0.00500178
0.00400662
0.00519109
0.00500464
0.00451350
0.00500059
0.00499415
0.00399995
0.00500035
0.00399947
0.00500011
0.00499964
0.00399995
0.00442004
0.00498486
0.00399971
0.00512767
0.00549388
0.00501013
0.00399971
0.00400066
0.00499988
0.00463152
0.00399971
0.00501394
0.00399876
0.00400019
0.00500441
0.00500584
0.00400066
0.00526214
0.00400066
0.00400114
0.00500131
0.00400138
0.00429177
0.00399947
0.00500178
0.00400209
0.00394845
0.00442219
0.00477052
0.00399923
0.00400019
0.00499964
0.00400090
0.00517082
0.00400496
0.00400090
0.00422430
0.00499463
0.00526357
0.00515819
0.00399899
0.00499940
0.00500226
0.00399923
0.00506496
0.00450873
0.00400090
0.00400066
0.00400090
0.00499511
0.00400043
0.00499940
0.00400019
0.00500464
0.00400138
0.00500202
0.00400090
0.00400138
0.00550389
0.00501466
0.00399184
0.00400233
0.00400090
0.00453281
0.00400090
0.00400066
0.00400162
0.00500250
0.00500178
0.00500417
0.00399971
0.00499988
0.00410366
0.00500035
0.00399899
0.00500083
0.00399971
0.00400090
0.00400376
0.00504208
0.00500011
0.00399995
0.00400114
0.00500011
0.00501013
0.00400114
0.00400019
0.00499940
0.00400114
0.00499988
0.00501132
0.00500035
0.00501347
0.00399923
0.00447845
0.00499940
0.00498700
0.00399995
0.00500011
0.00450468
0.00399995
0.00501633
0.00399947
0.00400043
0.00456262
0.00471807
0.00450516
0.00487375
0.00400162
0.00400090
0.00399923
0.00500011
0.00447965
0.00500059
0.00399923
0.00500083
0.00500011
0.00420952
0.00501108
0.00400019
0.00400186
0.00400090
0.00500870
0.00399971
0.00500131
0.00399113
0.00413203
0.00500011
0.00506926
0.00399685
0.00498843
0.00399947
0.00426507
0.00499654
0.00499988
0.00450730
0.00500536
0.00460815
0.00399947
0.00500560
0.00409770
0.00499988
0.00500059
0.00439668
0.00400114
0.00410771
0.00475025
0.00501013
0.00499153
0.00499988
0.00400209
0.00499129
0.00499892
0.00350404
0.00500035
0.00401616
0.00499058
0.00502062
0.00501084
0.00400186
0.00400162
0.00400233
0.00486445
0.00500917
0.00400114
0.00499964
0.00500011
0.00500584
0.00500417
0.00551081
0.00501370
0.00500107
0.00539303
0.00550342
0.00400162
0.00509930
0.00451779
0.00450301
0.00450134
0.00450182
0.00500560
0.00500059
0.00399876
0.00499964
0.00436854
0.00400257
0.00501418
0.00400043
0.00405097
0.00499177
0.00500154
0.00399923
0.00499940
0.00399947
0.00499964
0.00416255
0.00499964
0.00399971
0.00500631
0.00500226
0.00424933
0.00500059
0.00435877
0.00499296
0.00448084
0.00399947
0.00529504
0.00400066
0.00400114
0.00499964
0.00413895
0.00500154
0.00527430
0.00500035
0.00517559
0.00408959
0.00400090
0.00499392
0.00400114
0.00503778
0.00550508
0.00406408
0.00521302
0.00400114
0.00451231
0.00440693
0.00505781
0.00397682
0.00500488
0.00546741
0.00399995
0.00500011
0.00400019
0.00500226
0.00499940
0.00399971
0.00499988
0.00500441
0.00399947
0.00499988
0.00501561
0.00449300
0.00399923
0.00498724
0.00400066
0.00500679
0.00419402
0.00398755
0.00499558
0.00398636
0.00421762
0.00500035
0.00407910
0.00499988
0.00432563
0.00500703
0.00400186
0.00499964
0.00500584
0.00451541
0.00500131
0.00503945
0.00400138
0.00500679
0.00499487
0.00400138
0.00502324
0.00499988
0.00500059
0.00512981
0.00400066
0.00400066
0.00400114
0.00399995
0.00519276
0.00499964
0.00450611
0.00507212
0.00500107
0.00400090
0.00499988
0.00499940
0.00499988
0.00500250
0.00423789
0.00467324
0.00445747
0.00500226
0.00399971
0.00500655
0.00444198
0.00509429
0.00399947
0.00499511
0.00400853
0.00399923
0.00507975
0.00417805
0.00400090
0.00500703
0.00403619
0.00500607
0.00503588
0.00400162
0.00441480
0.00500536
0.00400782
0.00506568
0.00399971
0.00502706
0.00449443
0.00500941
0.00450945
0.00426865
0.00499868
0.00500631
0.00499678
0.00449848
0.00499988
0.00500870
0.00500059
0.00499988
0.00500178
0.00500011
0.00499916
0.00546241
0.00500512
0.00400209
0.00545454
0.00399947
0.00400257
0.00500154
0.00400019
0.00504899
0.00428319
0.00500178
0.00400138
0.00400543
0.00499487
0.00400066
0.00483227
0.00398946
0.00400138
0.00400114
0.00498629
0.00501323
0.00502706
0.00398850
0.00433517
0.00499105
0.00500989
0.00400114
0.00500178
0.00400066
0.00499988
0.00500083
0.00519061
0.00406742
0.00435996
0.00400090
0.00500035
0.00500607
0.00399923
0.00500011
0.00400090
0.00450420
0.00500607
0.00500846
0.00500202
0.00506377
0.00399947
0.00400186
0.00500035
0.00400162
0.00499964
0.00500035
0.00599957
0.00499964
0.00508571
0.00499940
0.00501323
0.00500035
0.00450206
0.00399995
0.00500679
0.00399947
0.00500083
0.00500059
0.00399947
0.00399923
0.00499916
0.00400114
0.00500035
0.00450778
0.00499749
0.00512385
0.00500035
0.00500202
0.00500059
0.00480127
0.00403976
0.00499988
0.00516152
0.00399995
0.00400114
0.00499964
0.00443649
0.00404453
0.00499463
0.00500512
0.00446439
0.00414205
0.00499940
0.00399971
0.00500011
0.00399947
0.00500011
0.00500059
0.00449800
0.00500035
0.00437832
0.00400114
0.00499010
0.00400138
0.00500011
0.00399995
0.00500631
0.00499558
0.00448442
0.00499988
0.00799966
0.00600076
0.00500154
0.00600028
0.00450087
0.00499725
0.00500035
0.00399971
0.00506973
0.00500011
0.00400066
0.00500035
0.00399971
0.00400090
0.00499988
0.00500488
0.00400043
0.00499988
0.00499964
0.00399971
0.00500226
0.00500536
0.00449538
0.00400138
0.00400090
0.00408292
0.00399017
0.00404954
0.00499868
0.00399995
0.00498176
0.00499487
0.00400043
0.00500512
0.00395775
0.00509214
0.00399947
0.00500536
0.00447488
0.00500321
0.00399995
0.00500059
0.00499988
0.00424433
0.00399971
0.00499916
0.00399971
0.00399876
0.00499940
0.00399947
0.00500512
0.00501275
0.00500083
0.00399995
0.00500059
0.00499868
0.00400114
0.00500059
0.00499988
0.00350404
0.00462866
0.00500011
0.00400019
0.00499988
0.00399995
0.00399923
0.00499940
0.00499725
0.00499892
0.00500488
0.00399899
0.00399995
0.00507903
0.00499916
0.00400138
0.00500083
0.00399971
0.00451517
0.00499916
0.00500369
0.00511289
0.00399995
0.00400090
