0.00399947
0.00499487
0.00597882
0.00599980
0.00592732
0.00521231
0.00700283
0.00600600
0.00619650
0.00599957
0.00600100
0.00599504
0.00600052
0.00599170
0.00700855
0.00599980
0.00600696
0.00600028
0.00600004
0.00499296
0.00605440
0.00648046
0.00600004
0.00499916
0.00629997
0.00599527
0.00599480
0.00600052
0.00600004
0.00600004
0.00600004
0.00600147
0.00500774
0.00538445
0.00616980
0.00589061
0.00499129
0.00499272
0.00608921
0.00499988
0.00499105
0.00499845
0.00601029
0.00604057
0.00600195
0.00611091
0.00599957
0.00537515
0.00599933
0.00502872
0.00498939
0.00499201
0.00600028
0.00600839
0.00606179
0.00644326
0.00600171
0.00600839
0.00600266
0.00629616
0.00498891
0.00600100
0.00550294
0.00559759
0.00600934
0.00600052
0.00599980
0.00600100
0.00647187
0.00499058
0.00600147
0.00499344
0.00606012
0.00600863
0.00602269
0.00610709
0.00599957
0.00631547
0.00651407
0.00549364
0.00599980
0.00600481
0.00700021
0.00615549
0.00600028
0.00599909
0.00700045
0.00600004
0.00600028
0.00650191
0.00635934
0.00600052
0.00600147
0.00600123
0.00608087
0.00600719
0.00605035
0.00614619
0.00642896
0.00600004
0.00501990
0.00600266
0.00598979
0.00550532
0.00639749
0.00498891
0.00600004
0.00599051
0.00596690
0.00599074
0.00611377
0.00535774
0.00626159
0.00645232
0.00599933
0.00600123
0.00600171
0.00650311
0.00600076
0.00658917
0.00600863
0.00600958
0.00600004
0.00600004
0.00602436
0.00600004
0.00599957
0.00599980
0.00500011
0.00500417
0.00600338
0.00552702
0.00599909
0.00500035
0.00599480
0.00599957
0.00600123
0.00499082
0.00545382
0.00600100
0.00598907
0.00498700
0.00630093
0.00599980
0.00652361
0.00599980
0.00599957
0.00600171
0.00600147
0.00599957
0.00599933
0.00599980
0.00651169
0.00600004
0.00605631
0.00600100
0.00601578
0.00499105
0.00563288
0.00556684
0.00499487
0.00599122
0.00499964
0.00600100
