0.00399995
0.00500464
0.00500059
0.00499988
0.00400162
0.00399137
0.00500250
0.00499463
0.00450468
0.00499988
0.00398898
0.00399041
0.00500011
0.00400829
0.00399566
0.00417995
0.00453424
0.00399995
0.00399089
0.00400639
0.00503445
0.00399995
0.00500107
0.00500536
0.00508165
0.00500011
0.00399733
0.00441909
0.00499988
0.00399923
0.00549889
0.00499177
0.00599599
0.00500464
0.00500107
0.00499272
0.00399470
0.00500107
0.00399470
0.00451803
0.00423288
0.00398993
0.00399256
0.00399899
0.00499988
0.00500035
0.00504065
0.00500083
0.00400043
0.00399542
0.00399089
0.00542903
0.00499964
0.00500202
0.00398922
0.00451159
0.00500989
0.00499964
0.00399113
0.00398707
0.00399017
0.00399184
0.00498557
0.00500822
0.00527573
0.00500774
0.00500154
0.00500011
0.00399733
0.00399089
0.00500059
0.00499940
0.00700879
0.00700021
0.00799966
0.00699329
0.00700068
0.00800920
0.00700808
0.00600028
0.00505447
0.00553679
0.00729632
0.00700068
0.00900674
0.00700688
0.00899982
0.00699353
0.00800467
0.00801206
0.00774765
0.00599980
0.00800157
0.00699902
0.00799990
0.00599074
0.00799870
0.00800133
0.00801563
0.00751138
0.00700283
0.00700092
0.00600147
0.00700140
0.01200008
0.00701308
0.00751042
0.00714183
0.00699377
0.00800633
0.00700736
0.00899887
0.00699258
0.00599790
0.00901365
0.00757980
0.00800633
0.00747085
0.00901055
0.00491643
0.00500822
0.00500011
0.00399947
0.00600886
0.00500226
0.00634813
0.00410008
0.00553632
0.00950432
0.00599027
0.00500393
0.00600052
0.00699830
0.00799227
0.00599980
0.00900006
0.00999856
0.00799894
0.00645304
0.00599241
0.01000762
0.00600290
0.00799251
0.00901580
0.00705361
0.00708532
0.00898862
0.00701928
0.00900745
0.00699997
0.00799346
0.00699782
0.00900388
0.00750422
0.00799227
0.00800014
0.00800657
0.01199985
0.00620532
0.00699306
0.00701380
0.00664783
0.00602484
0.00799942
0.00562310
0.00621629
0.00499868
0.00500154
0.00700736
0.00400019
0.00600147
0.00600386
0.00600791
0.00450730
0.00752664
0.00599122
0.00550723
0.00700951
0.00651193
0.00599980
0.00799966
0.00799751
0.00700331
0.00827193
0.00700474
0.00700712
0.01100683
0.00699425
0.00700784
0.00900054
0.00698805
0.00699878
0.00680637
0.00700688
0.00703120
0.00600004
0.00599861
0.00600004
0.01099992
0.00399923
0.00599957
0.00498986
0.00752020
0.00600529
0.01000857
0.00701237
0.00599933
0.00799942
0.00800037
0.00670362
0.00952172
0.00799918
0.00800610
0.00500131
0.00700688
0.00600553
0.00800323
0.00699043
0.00600529
0.00700068
0.00900006
0.00700116
0.00699949
0.00853467
0.00800753
0.00700068
0.00700760
0.00701261
