0.00498962
0.00632405
0.00599980
0.00598836
0.00599194
0.00700426
0.00600028
0.01100135
0.01052499
0.00700188
0.00905633
0.00710416
0.00899911
0.00900793
0.00699162
0.01099777
0.00700021
0.00850391
0.00799918
0.00801015
0.00901389
0.00699973
0.00598931
0.00600243
0.00601172
0.00801039
0.00600457
0.00801134
0.00495291
0.00612497
0.00550580
0.00700831
0.00801015
0.00600815
0.00631189
0.00701046
0.00700617
0.00599980
0.01001048
0.00853825
0.01018214
0.00780272
0.00700688
0.00699186
0.00699139
0.00600076
0.00700808
0.00605798
0.00600886
0.00663114
0.00891137
0.01026583
0.00999546
0.00999975
0.00900078
0.00600982
0.00700378
0.01352811
0.00901079
0.00824237
0.00700784
0.00900054
0.00899220
0.00899887
0.00800896
0.01000929
0.00744271
0.00644326
0.00701141
0.01001024
0.00699902
0.00699878
0.00699544
0.00898647
0.00701094
0.00700784
0.00647950
0.00700951
0.00701118
0.00498509
0.00652146
0.00601149
0.00729871
0.00701094
0.00699568
0.00700140
0.00599933
0.00740123
0.00701094
0.00797844
0.00700045
0.00799990
0.00699973
0.00700569
0.00900412
0.00692534
0.00610113
0.00854516
0.00727296
0.00799417
0.00790644
0.00601077
0.00701952
0.00800753
0.00701046
0.00699043
0.00600314
0.00599051
0.00852180
0.00900769
0.00800395
0.00900769
0.00900531
0.01100969
0.00699878
0.00760055
0.00800657
0.00700521
0.00913405
0.00799966
0.00999951
0.00701213
0.00999951
0.00700688
0.00713277
0.00715876
0.00601745
0.00700617
0.00701070
0.00699997
0.00899005
0.00900888
0.00599861
0.00796175
0.00699949
0.00652885
0.00846720
0.00699997
0.00800681
0.00817680
0.00814295
0.00799918
0.00915027
0.00800014
0.00700140
0.00803542
0.00988197
0.00700092
0.00788593
0.00800705
0.00700641
0.00705361
0.00900197
0.00800037
0.00714922
0.00801253
0.00751472
0.00727868
0.00851369
0.00900793
0.01012516
0.00800061
0.00700498
0.00801277
0.00688672
0.01001787
0.00799918
0.00903535
0.00780630
0.00635600
0.00717711
0.00632930
0.00555730
0.00505304
0.00748134
0.00825071
0.00699997
0.00646877
0.00600219
0.00603676
0.00901055
0.00628138
0.00700903
0.00822616
0.00701237
0.00901270
0.00701380
0.00700426
0.00700665
0.00599623
0.00800776
0.00700021
0.00705814
0.00699234
0.00764322
0.00701261
0.00952673
0.00677633
0.00951624
0.01228166
0.00800204
0.00700021
0.00708079
0.00799990
0.00900602
0.01101279
0.00738883
0.00800610
0.01000667
0.01300049
0.00899935
0.00900364
0.00700688
0.00704694
0.00699902
0.00700164
0.00694513
0.00799823
0.01151609
0.00745320
0.00700712
0.00700259
0.00807643
0.00699878
0.00650525
0.00801635
0.00899386
0.00699210
0.00800610
0.00708914
0.00901008
0.00651193
0.00600743
0.00745678
0.00651956
0.00651121
0.00605345
0.00800014
0.00911546
0.00800967
0.00900769
0.00701904
0.00687861
0.00599217
0.00677848
0.00700784
0.00960660
0.00800753
0.00699210
0.00651145
0.00691867
0.00701046
0.00700426
0.00701571
0.00650954
0.00695753
0.00728941
0.00799823
0.00998139
0.01400423
0.00802207
0.00937152
0.00892448
0.00899982
0.00799227
0.00898910
0.00799966
0.00699949
0.00699139
0.00599527
0.00600004
0.00651503
0.00550365
0.00700760
0.00751710
0.00649953
0.00495315
0.01000810
0.00792146
0.00708222
0.00662637
0.00650907
0.00698781
0.00691819
0.00948405
0.00638580
0.00700212
0.00513172
0.00700736
0.00800872
0.00634623
0.00699997
0.00741196
0.00699496
0.00499153
0.00700331
0.00601578
0.00499177
0.00600410
0.00609446
0.00700951
0.00644660
0.00601125
0.00616980
0.00701189
0.00601029
0.00600290
0.00601220
0.00739765
0.00900769
0.00650668
0.00900626
0.01099873
0.00900269
0.00750732
0.00899863
0.00800681
0.00800467
0.00699806
0.00800753
0.00899982
0.00499845
0.00801229
0.00400877
0.00951076
0.00699902
0.00600314
0.00548434
0.00728917
0.00600219
0.00540471
0.00618410
0.00650883
0.00499749
0.00651383
0.00550818
0.00609136
0.00500107
0.00600076
0.00550652
0.00532651
0.00900054
0.00677896
0.00599098
0.00600910
0.00800467
0.00900173
0.00572991
0.00600076
0.00868487
0.00600266
0.00631642
0.00600457
0.00499868
0.00600147
0.00700831
0.01000857
0.00600505
0.00700307
0.00600123
0.00599980
0.00600243
0.00799918
0.00481272
0.00600219
0.00521231
0.01000094
0.00899339
0.00700092
0.00700712
0.00715899
0.00700450
0.00540471
0.00601006
0.00828671
0.00899410
0.00499487
0.00699902
0.00700235
0.00600266
0.00501490
0.00799918
0.00800800
0.00900722
0.00700855
0.00550675
0.00599980
0.00601721
0.00798869
0.00700021
0.00600171
0.00500083
0.00600529
0.00518346
0.00501156
0.00499511
0.00500178
0.00600839
0.00500226
0.00499058
0.00500202
0.00899816
0.00700140
0.01000047
0.00601172
0.00651741
0.00600147
0.00601339
0.00600219
0.00501108
0.00600219
0.00698972
0.00500011
0.00499964
0.00440979
0.00600219
0.00400019
0.00501037
0.00514269
0.00400114
0.00501370
0.00500154
0.00399971
0.00400066
0.00800061
0.00601506
0.00599074
0.00701404
0.00700068
0.00458765
0.00501323
0.00499940
0.00799131
0.00550795
0.00499988
0.00508356
0.00700736
0.01100922
0.00799155
0.00600314
0.00699854
0.00500989
0.00511718
0.00600553
0.00498962
0.00621367
0.00501442
0.00498652
0.00600815
0.00800252
0.00500751
0.00525451
0.00601315
0.00600195
0.00529933
0.00450706
0.00406885
0.00502658
0.00699878
0.00550461
0.00500798
0.00400233
0.00500059
0.00501180
0.00501251
0.00532627
0.00399876
0.00502372
0.00634027
0.00500369
0.00400925
0.00400162
0.00501466
0.01099730
0.00559020
0.00799131
0.00600696
0.00499892
0.00450659
0.00600171
0.00700283
0.00600910
0.00701261
0.00600362
0.00558853
0.00600314
0.00516295
0.00452518
0.00500178
0.00399971
0.00600433
0.00802183
0.00500035
0.00668788
0.00597286
0.00599670
0.00550485
0.00600123
0.00599933
0.00700927
0.00501347
0.00752091
0.00599980
0.01018906
0.00499916
0.00600171
0.00900054
0.01151371
0.00452971
0.00865412
0.00551105
0.00594735
0.00450277
0.00600004
0.00542545
0.00800180
0.00501251
0.00399995
0.00898838
0.00998974
0.00399709
0.00499988
0.00501633
0.00500798
0.00552368
0.00900006
0.00543118
0.00500011
0.00699997
0.00550866
0.00700116
0.00900555
0.00600147
0.00819325
0.00599957
0.00901723
0.00800991
0.01099777
0.00498891
0.00499725
0.00500870
0.00500274
0.00899029
0.00700283
0.01000738
0.00591826
0.00498676
0.00500202
0.00500917
0.00900173
0.00700998
0.00700116
0.00671101
0.01000810
0.00600195
0.01200151
0.00851774
0.01200032
0.00600362
0.01299930
0.00500393
0.00399995
0.00800276
0.00601006
0.00601792
0.00499940
0.00550747
0.00601053
0.00599647
0.00600314
0.00543571
0.00701046
0.00899100
0.01199222
0.00799775
0.00754023
0.00650525
0.00599790
0.00499892
0.00501442
0.00600410
0.00543523
0.00500011
0.00601149
0.00600147
0.00741267
0.00600410
0.00702548
0.00500774
0.01116252
0.00549293
0.00599957
0.00399971
0.00600171
0.00799060
0.00601053
0.00529647
0.00636363
0.00501084
0.00501227
0.00601077
0.00952530
0.00599933
0.00598884
0.00851154
0.00577927
0.00600028
0.00600505
0.00800562
0.00601220
0.00599003
0.00800991
0.00852680
0.00699949
0.00699997
0.00799799
0.01199818
0.00600886
0.00800824
0.00707340
0.00700593
0.00500011
0.00552630
0.00600147
0.00999761
0.00722504
0.00601816
0.00514412
0.00605941
0.01064920
0.00600362
0.00500202
0.01000023
0.00899959
0.00826192
0.00900841
0.00600815
0.00700927
0.00599909
0.00641036
0.00899959
0.00601077
0.00608921
0.00801182
0.00900054
0.00799966
0.00899410
0.00700188
0.01000023
0.00699306
0.00601006
0.00700784
0.00951481
0.00600123
0.00508785
0.00600314
0.00499058
0.00499821
0.00500894
0.00701261
0.00693870
0.00886655
0.00600338
0.00989151
0.00799799
0.00799584
0.00500035
0.00701070
0.01299214
0.01000881
0.00802493
0.00701189
0.00651717
0.00600648
0.00700808
0.01095366
0.00699377
0.00600624
0.01200509
0.00600171
0.00762272
0.00691152
0.00553727
0.00500011
0.00701165
0.00500226
0.00635767
0.00500035
0.00646400
0.00700140
0.00716567
0.00600624
0.01000333
0.00801587
0.01115417
0.00751400
0.00699925
0.00600863
0.00799942
0.01000881
0.01000381
0.00751209
0.00815582
0.00699782
0.00649595
0.00615644
0.00600243
0.00600171
0.01500845
0.00699854
0.01103067
0.00652409
0.00600052
0.00700068
0.00999999
0.00899839
0.00739908
0.00500369
0.01027703
0.01000524
0.00699878
0.00614405
0.00499105
0.00500131
0.00603890
0.00600863
0.00501084
0.00550652
0.00499821
0.00900030
0.00999975
0.02950764
0.00999999
0.00700188
0.00699854
0.00799942
0.00800037
0.00700021
0.00799942
0.00800133
0.00699925
0.01799941
0.01000142
0.00799131
0.00699401
0.00688124
0.00699568
0.00854850
0.00911498
0.00713158
0.00800371
0.00788164
0.01901269
0.00705814
0.00702000
0.00695753
0.00706577
0.00991488
0.00799990
0.00717688
0.00800109
0.00729012
0.01904273
0.00950575
0.00800705
0.00799274
0.00685000
0.00698996
0.00700450
0.00845075
0.00899982
0.00800586
0.00850582
0.00700021
0.00999904
0.00600672
0.00799942
0.00799441
0.01827860
0.01301169
0.00636744
0.00799966
0.00799417
0.02146363
0.00699973
0.00699401
0.00699997
0.00944614
0.00700402
0.00900555
0.00700212
0.00799489
0.00899887
0.00783038
0.00799942
0.00699878
0.00752139
0.00820303
0.00700045
0.00800586
0.00899863
0.00699806
0.01100039
0.01130819
0.00837016
0.00803995
0.00850701
0.00983334
0.00700068
0.00651717
0.00800037
0.00800514
0.01952100
0.00899959
0.00800085
0.00700021
0.00699162
0.00999928
0.00810647
0.00900078
0.00825787
0.00699353
0.01800013
0.00976586
0.00700068
0.00800061
0.00699234
0.01901197
0.00799942
0.00700545
0.00800037
0.00799441
0.00799751
0.00799990
0.00800133
0.00699520
0.00851583
0.02440310
0.00916100
0.00899935
0.00699472
0.01199961
0.00811243
0.00951576
0.00799966
0.00799155
0.00799847
0.01008606
0.00800347
0.00900030
0.00700593
0.00881290
0.00699973
0.00901580
0.00799847
0.00813746
0.01101685
0.01300430
0.00700116
0.00951433
0.00925899
0.00899959
0.00899291
0.00900126
0.00900102
0.00900435
0.00800109
0.00800085
0.00851488
0.00800037
0.00799918
0.00701165
0.00600052
0.00851369
0.00900006
0.00601029
0.00701070
0.00599980
0.00605679
0.00700164
0.00700760
0.00600910
0.00699902
0.00801373
0.00600982
0.00900197
0.00700688
0.00650644
0.00601220
0.00850630
0.00750899
0.00628638
0.00638819
0.00607800
0.00601077
0.00701571
0.00801039
0.00802016
0.00600004
0.00599957
0.00500250
0.00500011
0.00550175
0.00473905
0.00501013
0.00485253
0.00500202
0.00798583
0.00500011
0.00499964
0.00700116
0.00550556
0.00478721
0.00800562
0.00700760
0.00651813
0.00702500
0.00800133
0.00666380
0.00600863
0.00600028
0.00899959
0.00486279
0.00550032
0.00550985
0.00500178
0.00500989
0.00505161
0.00550342
0.00600100
0.00500083
0.00600648
0.00601363
0.00601149
0.00506353
0.00798821
0.00800872
0.00800467
0.00599623
0.00800800
0.00601053
0.00643539
0.00600886
0.00999928
0.00859380
0.00899839
0.01199770
0.01000237
0.00803471
0.00599957
0.00999236
0.00799966
0.00699997
0.00699997
0.00699973
0.00600028
0.00698686
0.00601125
0.00500846
0.00551009
0.00498581
0.00600195
0.00500131
0.00799322
0.00599933
0.00599957
0.00544953
0.00599217
0.00700283
0.00500250
0.00700045
0.00651240
0.00878000
0.01006269
0.00828695
0.00614786
0.00900674
0.00700259
0.00700903
0.01101351
0.00598907
0.00652456
0.00847340
0.00699973
0.00900078
0.00699902
0.01199961
0.00800943
0.00536489
0.00601101
0.00632524
0.00951672
0.00700283
0.00800943
0.00900126
0.00799870
0.00799942
0.00700593
0.00800586
0.00749397
