0.01700330
0.00650382
0.00624323
0.00699997
0.00699329
0.00816178
0.00799990
0.00899982
0.00799894
0.00699377
0.00700140
0.00799799
0.00700593
0.00699425
0.00799441
0.00699973
0.01000047
0.00699902
0.00600553
0.00800157
0.02300048
0.00800657
0.00800061
0.00700331
0.00800228
0.00700021
0.00599957
0.00700665
0.00799346
0.00600076
0.01200008
0.00800157
0.00700355
0.00699401
0.02050304
0.00699973
0.00799417
0.00599957
0.00699401
0.02199268
0.00699973
0.00753069
0.00700688
0.00700641
0.00800037
0.00800633
0.00699520
0.00700212
0.00799966
0.00800037
0.00832891
0.00700617
0.00700045
0.00699973
0.00600076
0.00700998
0.00799489
0.00700521
0.01899886
0.01000071
0.00700831
0.00600052
0.00799918
0.01900101
0.01050472
0.00799274
0.00705266
0.00600266
0.00599980
0.00899959
0.00600171
0.00800037
0.00800085
0.00964904
0.01106715
0.00806046
0.00799990
0.00699854
0.01438975
0.01227593
0.00750947
0.00800133
0.00900269
0.00700021
0.00900412
0.00800037
0.00700450
0.02050519
0.00900078
0.00699925
0.00900006
0.00899935
0.01906490
0.01202893
0.00907540
0.00800228
0.00900006
0.00800180
0.00800467
0.00799394
0.00799942
0.02300215
0.00878215
0.00799775
0.00799751
0.02046275
0.01199985
0.00899959
0.00900292
0.00750208
0.01300001
0.01100564
0.00900054
0.00941277
0.00899816
0.00700283
0.00900197
0.02000070
0.01010227
0.00800395
0.00899887
0.00799870
0.00700068
0.00700021
0.00753212
0.00825334
0.00900030
0.00700021
0.00706863
0.00709939
0.00600433
0.00701237
0.00650835
0.00899959
0.00600529
0.00800824
0.01000953
0.00800133
0.00724983
0.00701046
0.00652242
0.00900269
0.00700951
0.00750947
0.00600266
0.01201177
0.00902581
0.00724697
0.00800252
0.00800562
0.01100063
0.00899935
0.00739884
0.00600052
0.01001072
0.00751805
0.00580263
0.00801015
0.00976944
0.00800562
0.00500154
0.00550056
0.00499988
0.00701189
0.00599957
0.00600123
0.00851727
0.00899601
0.00800490
0.00599980
0.00900149
0.00800586
0.00899887
0.01200509
0.01101041
0.01000047
0.00599957
0.00600195
0.00700068
0.00550652
0.00600219
0.00599909
0.00500059
0.00600219
0.00600815
0.00500274
0.00650549
0.00551867
0.00712824
0.00799870
0.00499821
0.00699925
0.00601697
0.00822806
0.00799918
0.00599241
0.00600362
0.00600243
0.00703621
0.00636172
0.00625062
0.00700355
0.00800848
0.00600839
0.00700235
0.00623488
0.00600076
0.00701141
0.00502133
0.00549221
0.00511479
0.00701284
0.00600290
0.00700259
0.00599885
0.00499773
0.00500941
0.00600433
0.00800776
0.00700784
0.00499988
0.00519848
0.00763345
0.00952768
0.00609112
0.00599051
0.00600910
0.00899124
0.00899363
0.00699019
0.00800109
0.00601006
0.00815058
0.00401282
0.00606728
0.00600028
0.00701141
0.00799751
0.00791454
0.00601697
0.00700903
0.00600958
0.00601864
0.00500035
0.00799441
0.00699997
0.00799227
0.00651908
0.00551319
0.00700545
0.00699019
0.00999999
0.00500083
0.00600004
0.00603104
0.00699997
0.00600266
0.00600863
0.00799155
0.00601006
0.00706100
0.00900769
0.00900412
0.00801086
0.00800991
0.00807548
0.01052356
0.00903559
0.00551271
0.01001382
0.00952911
0.00600243
0.00900626
0.00620914
0.00523496
0.00600839
0.00608277
0.00500035
0.00711298
0.00699949
0.00699997
0.01700068
0.00900173
0.00800467
0.01051617
0.00999331
0.00799394
0.00899315
0.00899911
0.00699091
0.00628662
0.00500751
0.00499988
0.00398970
0.00600219
0.00600100
0.01001477
0.00600767
0.00600219
0.00699997
0.00550079
0.00500035
0.00500250
0.00501013
0.00721574
0.00542164
0.00499773
0.00600910
0.01134753
0.00700355
0.00699997
0.00998831
0.00599670
0.00600839
0.01012468
0.00599051
0.00719118
0.00901127
0.00950980
0.01899958
0.02900910
0.01899886
0.01024055
0.00699925
0.00800872
0.00900078
0.01500058
0.00800848
0.00902414
0.00726318
0.00952983
0.00899982
0.00899959
0.00799108
0.00899935
0.00774670
0.00800037
0.00700045
0.00700545
0.00751591
0.00699925
0.00800014
0.00800872
0.00699949
0.00699949
0.00699043
0.00699353
0.00800037
0.00801516
0.00804400
0.00801039
0.00699782
0.00799060
0.00800753
0.00800085
0.01099944
0.00699759
0.00801587
0.00609779
0.00700736
0.00900006
0.00699067
0.00899959
0.00799012
0.00631118
0.00816560
0.00500298
0.00500441
0.00500298
0.00750732
0.00526047
0.00800323
0.00504780
0.00499678
0.00600076
0.00601101
0.00900030
0.00700474
0.00799918
0.00799775
0.00752854
0.00799918
0.00899863
0.00599957
0.00531816
0.00601983
0.00551581
0.00801563
0.01099253
0.00600338
0.00601125
0.00605941
0.00700212
0.00600934
0.00499892
0.00528598
0.00799751
0.00899386
0.00800967
0.00800729
0.00901008
0.00701189
0.00642633
0.00700688
0.00715613
0.00699925
0.00599861
0.00600743
0.00600195
0.00600243
0.00601220
0.00601053
0.00600219
0.00500226
0.00851274
0.00800896
0.00700045
0.01242256
0.00899935
0.00905013
0.00700021
0.00763297
0.01001048
0.00751066
0.00601315
0.00600863
0.00599432
0.00638151
0.00899982
0.00641584
0.00700045
0.01001430
0.00900054
0.00669289
0.00599194
0.00601101
0.00600076
0.01000023
0.00603962
0.00799251
0.00901556
0.00799179
0.01201463
0.00652242
0.00703168
0.00600076
0.00701070
0.01104045
0.00503302
0.01900721
0.00800896
0.00700283
0.00903511
0.00601888
0.01000834
0.00999117
0.00799847
0.00600767
0.00674033
0.00499964
0.00600791
0.00600624
0.00632334
0.00551987
0.00700045
0.00700951
0.00804496
0.00524545
0.00799680
0.01099753
0.00700927
0.00700307
0.00645876
0.00632477
0.00552535
0.00599456
0.00717950
0.00600743
0.00799203
0.00899982
0.00699091
0.00600553
0.00922251
0.01201487
0.01152015
0.00999808
0.00699830
0.00998998
0.00700045
0.00900459
0.00800180
0.00901246
0.00751638
0.00600910
0.00600672
0.00600314
0.00700784
0.00533414
0.00904608
0.00720549
0.00585890
0.00699902
0.00601864
0.00700045
0.00750661
0.00537825
0.00600195
0.00801039
0.00700450
0.01500607
0.00700831
0.00800800
0.00699258
0.00600266
0.00598931
0.00600553
0.00499892
0.00516081
0.00451279
0.00600195
0.00532150
0.00499988
0.00600052
0.00521970
0.00899816
0.01401711
0.00899935
0.00695157
0.00900221
0.00799966
0.02000380
0.00700021
0.00900960
0.00898933
0.01099873
0.00700164
0.01009250
0.00891685
0.00870252
0.00799942
0.00750661
0.00900841
0.00800872
0.00799131
0.01899815
0.01201034
0.00800753
0.00802159
0.00849676
0.01099992
0.00900173
0.00896406
0.00899959
0.00699186
0.00699949
0.01000166
0.00868797
0.00900102
0.00799227
0.00799084
0.00709343
0.00939345
0.00800228
0.00800085
0.01950336
0.01300001
0.00698519
0.00799942
0.01100016
0.00800490
0.00799942
0.00801682
0.00827074
0.00700784
0.00598979
0.00632548
0.00700021
0.00999546
0.00799227
0.00799966
0.00800037
0.01000166
0.00752735
0.00900650
0.00899982
0.00899172
0.00899982
0.01000071
0.00999141
0.00701809
0.00600839
0.00951958
0.00900698
0.01100039
0.00999188
0.00499177
0.00799942
0.00600076
0.00616789
0.00599980
0.00529265
0.00600028
0.00701022
0.00900912
0.00701785
0.00700140
0.00599146
0.00699806
0.00799942
0.00600266
0.00800419
0.01203799
0.01099920
0.00899935
0.00799918
0.01000643
0.00798869
0.01000571
0.00700140
0.00975561
0.00700235
0.01000786
0.00999713
0.00900197
0.00700116
0.00900865
0.01005769
0.00701213
0.00800776
0.00700665
0.00900865
0.00800681
0.00900817
0.01999211
0.00600815
0.00701809
0.00701141
0.00652218
0.00639677
0.00800276
0.00746799
0.00599623
0.00899792
0.00799966
0.01000333
0.00699925
0.00900006
0.00899124
0.00700903
0.01000571
0.00650597
0.00850487
0.00799942
0.01099968
0.00800037
0.00699997
0.00800014
0.02199960
0.00900269
0.00750899
0.00699997
0.01099992
0.01099992
0.00800085
0.00800538
0.00899529
0.00700045
0.00950432
0.00899959
0.00799966
0.00799966
0.00699997
0.00800014
0.01000595
0.00700212
0.00699830
0.01699972
0.00900006
0.00800037
0.00800037
0.00699949
0.00800014
0.00800204
0.00950551
0.00799966
0.00900054
0.00899982
0.00700021
0.00799966
0.00800085
0.00900126
0.00799966
0.01000023
0.00800538
0.00799370
0.00799894
0.02100253
0.00800085
0.00779843
0.00850296
0.00799942
0.01100039
0.00800467
0.00900483
0.00799942
0.00900173
0.00750542
0.00899911
0.00800490
0.00799966
0.02299857
0.00799966
0.00899911
0.00799537
0.00850320
0.00800085
0.00800180
0.00899863
0.00800014
0.01199961
0.00781751
0.00850296
0.00900984
0.00800014
0.01800013
0.01000071
0.00850296
0.00799990
0.00900602
0.00850391
0.00800014
0.00800538
0.00799990
0.00799870
0.00899959
0.01100063
0.00800204
0.00948477
0.00800014
0.00999999
0.00800037
0.00800037
0.00899959
0.00800657
0.01000190
0.00950432
0.00800085
0.00799417
0.00799870
0.01399946
0.00900006
0.01000094
0.00801063
0.00826907
0.00900078
0.00900078
0.00899839
0.00899959
0.01200008
0.00999975
0.00808001
0.01600003
0.01100087
0.00800133
0.00899458
0.00900388
0.00725317
0.00700140
0.00898910
0.00700164
0.00700784
0.00901461
0.00599003
0.01000047
0.00900269
0.00900888
0.00800967
0.00911164
0.00721788
0.00900841
0.00753856
0.00750589
0.00999928
0.01000810
0.00700927
0.00699472
0.01802921
0.00981975
0.00742292
0.00600004
0.00808716
0.00645423
0.00700355
0.00798869
0.01300979
0.00900507
0.00800133
0.00703335
0.00801253
0.00699854
0.00699997
0.00699902
0.00701332
0.00705433
0.00601888
0.00700951
0.00611281
0.00651884
0.00601268
0.00701022
0.00800848
0.01101184
0.01099801
0.00700235
0.00700855
0.00600004
0.00600219
0.01002240
0.00600195
0.00600171
0.00731516
0.00642586
0.00500202
0.00600934
0.00800800
0.00599909
0.00899315
0.00599885
0.00601101
0.00801635
0.00650740
0.00800776
0.00699735
0.00651479
0.00700140
0.00551534
0.00524402
0.00754213
0.00500154
0.00556326
0.00600481
0.00601721
0.00600362
0.00550485
0.00600767
0.00600243
0.00500846
0.00601077
0.00529861
0.00461841
0.00600004
0.00600338
0.00551391
0.00600052
0.00601006
0.00600123
0.00653529
0.00800824
0.00899315
0.00698733
0.01100492
0.00723982
0.00600052
0.00499105
0.00597954
0.00500369
0.00500250
0.00550914
0.00600648
0.00600243
0.00512624
0.00600076
0.00800896
0.00799894
0.00600076
0.00551629
0.01100326
0.00700665
0.01000047
0.00699306
0.00800753
0.00625873
0.00600767
0.00820255
0.01101756
0.01019478
0.00500822
0.00884819
0.00630283
0.00600719
0.00599456
0.00700092
0.01200056
0.00799227
0.00800061
0.00600600
0.00700259
0.00608683
0.00600266
0.00899982
0.00799179
0.00999808
0.01400876
0.00600815
0.00600696
0.00801229
0.00951457
0.00500178
0.00499868
0.01000881
0.00646186
0.00600553
0.00613236
0.00600004
0.00900769
0.00599313
0.00601244
0.00600290
0.00652623
0.00500822
0.00600290
0.00599837
0.00604224
0.00800300
0.01251364
0.00650382
0.00905871
0.00850821
0.00599837
0.00799990
0.00999999
0.00800085
0.00800014
0.00699925
0.02150822
0.00850534
0.00700855
0.00761580
0.00598788
0.00999999
0.00999975
0.00700092
0.00700331
0.00851679
0.00700045
0.00999999
0.00800133
0.00599551
0.00699925
0.00699925
0.01100230
0.00800037
0.00700045
0.00800014
0.00599957
0.01200008
0.01199985
0.00800037
0.00800085
0.00699520
0.02050257
0.00900030
0.00899982
0.00699472
0.00799966
0.01100016
0.00599980
0.00650358
0.00700045
0.00899982
0.00600076
0.00799990
0.00700021
0.00600147
0.00699973
0.00750494
0.00699997
0.00699878
0.00800109
0.01999974
0.00700045
0.00799894
0.00699949
0.00739789
0.00799990
0.00800014
0.00699973
0.00699973
0.00700068
0.00800037
0.00700045
0.00617909
0.00699902
0.00799870
0.00799942
0.00900030
0.00699997
0.00899959
0.00699997
0.00750566
0.00699973
0.00700140
0.00699902
0.00700021
0.00700307
0.00599742
0.01000834
0.00502253
0.00699878
0.02152133
0.00699973
0.00700045
0.00699806
0.00799584
0.00799394
0.00900483
0.00799227
0.00753379
0.00600457
0.00506759
0.00500035
0.00500989
0.00500011
0.00799942
0.00500035
0.00550795
0.00500011
0.00999951
0.00725365
0.00952148
0.00700879
0.00500035
0.00500751
0.00600219
0.00800371
0.00550771
0.00700068
0.00600600
0.00601006
0.00632763
0.00599384
0.00752926
0.00528812
0.00602412
0.00500154
0.00553608
0.00600839
0.00650358
0.00600004
0.00699973
0.00902486
0.00701594
0.00800300
0.00662351
0.00700307
0.00750661
0.00600863
0.00500178
0.00600243
0.00600958
0.00644994
0.00500226
0.00600767
0.00700855
0.00600958
0.00464630
0.00500846
0.00600290
0.00651836
0.00801206
0.00450230
0.00701118
0.00700617
0.00650954
0.00651503
0.00500131
0.00815582
0.00552583
0.00699925
0.00899982
0.00701046
0.00700498
0.00599957
0.00609970
0.00500059
0.00800705
0.00800681
0.00687242
0.00700665
0.00599933
0.00799894
0.00900650
0.01200843
0.00600076
0.00599909
0.00600553
0.00700378
0.00951719
0.00699162
0.00599980
0.00700235
0.00800610
0.00699973
0.00800037
0.00730085
0.00799870
0.01055264
0.00901031
0.01100421
0.00600076
0.00700712
0.00627446
0.00711989
0.00927567
0.00999737
0.00900126
0.00663280
0.00714850
0.00700212
0.01000118
0.00748610
0.00700569
0.00798917
0.00600886
0.00599718
0.00599599
0.00666690
0.00601816
0.00712705
0.00499892
0.00600362
0.00684857
0.00650406
0.00500798
0.00600791
0.00600338
0.00700331
0.00700045
0.00599813
0.00713563
0.00699186
0.00799155
0.00799608
0.00700665
0.00700116
0.00798392
0.00673485
0.00699735
0.00650454
0.00599742
0.00651312
0.00500250
0.00600171
0.00500059
0.00500393
0.00648665
0.00601077
0.00528336
0.00550556
0.00500059
0.00601816
0.00629830
0.00500274
0.00500894
0.00500345
0.00500464
0.00636911
0.00600052
0.00700855
0.00600386
0.00500584
0.00601053
0.00701427
0.00699925
0.00714517
0.01200676
0.00638986
0.00701499
0.00700951
0.00800705
0.00899553
0.00701046
0.00824022
0.00701022
0.00743246
0.00707746
0.00900745
0.00700545
0.00596571
0.00700736
0.01001096
0.00599527
0.00699830
0.00950789
0.00875092
0.00700402
0.00600410
0.00799894
0.00900078
0.01203799
0.00899982
0.00952935
0.00899959
0.00717044
0.00600052
0.00619483
0.00608778
0.00500202
0.00599194
0.00511384
0.00645304
0.00804996
0.00857735
0.00799322
0.00701594
0.00735855
0.00600290
0.00499964
0.00600863
0.00599909
0.00544548
0.00600290
0.00892043
0.00796437
0.00800133
0.00800967
0.01052141
0.00900126
0.00700474
0.00854397
0.00903392
0.00699735
0.00603080
0.00599170
0.00700068
0.00813627
0.01000118
0.00700951
0.00526786
0.00600529
0.00547266
0.00500107
0.00899100
0.00600195
0.01000643
0.00700593
0.00600338
0.00591850
0.00791740
0.00900722
0.00699401
0.00699997
0.00866365
0.00599885
0.01299930
0.00800633
0.00600052
0.00700378
0.00800681
0.00599933
0.00633287
0.00499892
0.00721550
0.00600076
0.00800705
0.00699806
0.00701571
0.00700068
0.00702262
0.00799870
0.00743294
0.00601053
0.00852752
0.00599217
0.00499964
0.00599980
0.00500298
0.00700736
0.00600243
0.00600839
0.00551653
0.00601196
0.00601006
0.00500822
0.00499964
0.00599980
0.00500631
0.00501704
0.00499964
0.00600219
0.00533175
0.00499916
0.00901532
0.00600863
0.00605655
0.00550675
0.00704026
0.00700235
0.00926781
0.00698256
0.00700188
0.00804925
0.00500083
0.00699711
0.00800085
0.00512791
0.00399065
0.00602174
0.00601149
0.00500703
0.00500369
0.00900030
0.00500011
0.00698709
0.00799251
0.00499725
0.00701022
0.00799084
0.00600863
0.00601172
0.00700378
0.00735736
0.00500965
0.00702143
0.00799179
0.00614858
0.00600243
0.01099277
0.00632119
0.00600696
0.00703359
0.00600243
0.00539780
0.00517154
0.00599527
0.00563550
0.00650764
0.00499940
0.00500250
0.00500154
0.00599957
0.00599980
0.00500011
0.00500059
0.00500011
0.00601292
0.00500250
0.00503278
0.00600863
0.00540972
0.00600386
0.00599980
0.00600171
0.00500202
0.00465155
0.00600767
0.00723457
0.00500202
0.00702381
0.00598860
0.00604343
0.00600195
0.00499988
0.00600863
0.00499964
0.00600123
0.00546503
0.00519371
0.00501370
0.00599957
0.00701046
0.01201677
0.00951028
0.00699234
0.00847554
0.00750065
0.00601149
0.00900650
0.00600815
0.00999784
0.00900245
0.00699282
0.00900006
0.00601029
0.00647044
0.00599694
0.00799894
0.00600362
0.00511646
0.00801110
0.00611186
0.00602579
0.00852537
0.00763822
0.00551033
0.00899196
0.00634384
0.00601196
0.00500059
0.00600004
0.00500488
0.01049995
0.00822592
0.00600791
0.00953555
0.00601149
0.00600791
0.00499296
0.00500917
0.00824285
0.00600863
0.00604606
0.00602198
0.00500226
0.00490260
0.00599313
0.00600147
0.00625968
0.00600362
0.00700378
0.00600147
0.00883484
0.00599408
0.00800657
0.01399159
0.00600529
0.00499988
0.00780869
0.00599980
0.00650764
0.00499916
0.00600815
0.00600362
0.00899959
0.00901008
0.00600886
0.00601077
0.00702357
0.00649786
0.00546741
0.00500226
0.00917363
0.00702620
0.01000643
0.00699925
0.00499749
0.00622129
0.00799918
0.00900054
0.00700545
0.00523615
0.00743866
0.00699902
0.00501132
0.00511670
0.00600314
0.00699902
0.00700140
0.01001477
0.00851274
0.01599741
0.00499988
0.00599980
0.00700021
0.00700021
0.00599694
0.00800562
0.00600028
0.00700355
0.00751829
0.00600576
0.00999331
0.00599194
0.00600696
0.00600266
0.00600457
0.00600314
0.00626516
0.00601077
0.01200986
0.00550938
0.00700831
0.00500798
0.00700021
0.00742865
0.00547624
0.00498962
0.00700426
0.00599980
0.01000190
0.01149368
0.01100016
0.01300168
0.00700736
0.00799990
0.00900030
0.00700092
0.00699353
0.01950359
0.00900078
0.00699949
0.00699997
0.00600052
0.00599194
0.02186084
0.00608730
0.00654674
0.00700140
0.00599122
0.00999069
0.00700068
0.00709462
0.00799966
0.00699186
0.01950336
0.01004124
0.00690341
0.00699902
0.00760078
0.00699186
0.01000118
0.00700879
0.00599957
0.00652075
0.00799990
0.00800228
0.00700068
0.00700617
0.00699282
0.00699997
0.01250505
0.00800729
0.00699997
0.00699234
0.01900077
0.00712824
0.00901103
0.00700045
0.00699162
0.00750685
0.00700116
0.00700855
0.00799966
0.00699902
0.00899959
0.00800347
0.00687289
0.00716877
0.00699139
0.01999927
0.01100135
0.00695181
0.00699830
0.00799990
0.02350450
0.00900769
0.00699115
0.00698972
0.02100396
0.01099753
0.00702167
0.00799227
0.00800538
0.02699089
0.00690985
0.00800800
0.00599241
0.01199985
0.00700021
0.00700092
0.00799942
0.00699139
0.01900053
0.00699949
0.00592089
0.00699234
0.00799203
0.00750494
0.01099896
0.00799966
0.00799179
0.00699019
0.01000190
0.01072693
0.00700974
0.00900483
0.00699210
0.02000189
0.01200294
0.00792170
0.00799084
0.01950240
0.01300001
0.00799441
0.00800037
0.00699282
0.00922823
0.00699997
0.00902224
0.00800037
0.00852656
0.00899863
0.01100039
0.00699973
0.00800014
0.00899243
0.02106261
0.00903440
0.00900865
0.00799203
0.01799965
0.00999999
0.00800920
0.00901294
0.00699139
0.00926113
0.00706267
0.00898671
0.00899220
0.00800014
0.01099992
0.01100373
0.00700045
0.00801039
0.00898957
0.02099204
0.01001024
0.00800133
0.00799155
0.00800085
0.01300073
0.00798702
0.00800800
0.00799131
0.01499987
0.00899839
0.00802350
0.00800991
0.00852013
0.01399946
0.00911283
0.00891137
0.00800776
0.00799060
0.02699232
0.00799584
0.00800681
0.00799251
0.00800014
0.00899935
0.00800896
0.00900054
0.00900030
0.01100039
0.00800848
0.00800061
0.00799632
0.00899982
0.00799870
0.00809336
0.00901461
0.00899911
0.00901008
0.00899982
0.00699878
0.00900602
0.00799918
0.00784087
0.00952721
0.01000071
0.00799990
0.00799918
0.00800133
0.01000166
0.00898886
0.00772238
0.00900483
0.00799155
0.00550294
0.00600338
0.00700831
0.00901437
0.00700068
0.00799966
0.00700331
0.00677133
0.00600195
0.00723791
0.00671983
0.00602174
0.00843239
0.00600386
0.01201820
0.00899029
0.01000571
0.00550270
0.00860715
0.00500154
0.00800681
0.00700092
0.00651622
0.00603461
0.00601602
0.00999522
0.00700068
0.00900769
0.00720882
0.00700068
0.00802374
0.00700283
0.00999975
0.00953865
0.00600219
0.00601053
0.00902629
0.00599909
0.00499129
0.00700378
0.00801110
0.00650764
0.00901341
0.00939798
0.00945950
0.01001120
0.00700688
0.00945830
0.00747299
0.00800371
0.01105380
0.00793242
0.00853133
0.00900674
0.00999665
0.00799942
0.00701237
0.00499129
0.00701070
0.00600362
0.00500703
0.00702333
0.00600863
0.00506854
0.01000071
0.00800729
0.00998974
0.00899982
0.00799298
0.00700188
0.00600767
0.00800252
0.01150250
0.02700043
0.00700021
0.00799942
0.00700116
0.01031137
0.00850344
0.00700021
0.00900054
0.00799918
0.01199961
0.00800014
0.00950670
0.00800681
0.01100206
0.00750828
0.00799370
0.00799966
0.02010918
0.01200247
0.00850415
0.00799441
0.02100015
0.01100016
0.00700045
0.00899863
0.00699472
0.00699997
0.01000094
0.00700879
0.00900745
0.00800014
0.00800037
0.00901437
0.00699973
0.00800014
0.01900935
0.01201057
0.00750399
0.00900054
0.00799942
0.02000260
0.00800061
0.00699902
0.00800014
0.02199984
0.01200056
0.00799990
0.00800943
0.01951456
0.00800014
0.00800014
0.00799441
0.00800014
0.00900054
0.01100278
0.00750399
0.00799942
0.00799966
0.00900030
0.01000023
0.00699973
0.00899839
0.00900078
0.00699997
0.00800037
0.00699902
0.00799990
0.00899982
0.00900030
0.00799990
0.01100159
0.00800610
0.00799990
0.00699973
0.00900078
0.00900102
0.00799918
0.00800228
0.01931667
0.00850368
0.00900483
0.00799966
0.00799823
0.01300073
0.00699353
0.00702477
0.00799561
0.00750399
0.00800014
0.00799966
0.00800133
0.00799990
0.01099873
0.01300240
0.00787759
0.00799513
0.00900006
0.00800085
0.00900006
0.00899887
0.00999999
0.01199985
0.00900078
0.00900030
0.00799584
0.00900126
0.01287341
0.01100063
0.00800347
0.00799561
0.00899982
0.01299977
0.00800014
0.00800061
0.00899410
0.00799227
0.01000047
0.01150441
0.00800014
0.00900555
0.00800014
0.01499963
0.01000094
0.00799966
0.00799990
0.00900054
0.00800014
0.01199985
0.00900030
0.00900078
0.01099896
0.00800133
0.00706530
0.00899363
0.00999880
0.00900006
0.00999975
0.00799990
0.00899935
0.02249813
0.00900769
0.00799990
0.00899506
0.00800037
0.01100016
0.00900126
0.00700521
0.00799966
0.02700043
0.00799966
0.00899935
0.00899196
0.01089573
0.00799942
0.01000595
0.00799537
0.00800014
0.00900006
0.00900126
0.00950694
0.00800109
0.00800014
0.00899911
0.00900102
0.01200223
0.00852013
0.00776744
