0.01400137
0.01199961
0.01000023
0.00900102
0.01100016
0.01000214
0.00996542
0.01000047
0.00999975
0.00999975
0.00900507
0.01000071
0.00919867
0.00949240
0.00855398
0.00999951
0.00947165
0.00751233
0.00630093
0.00700974
0.01004839
0.01099157
0.00899172
0.00900006
0.01000714
0.00975299
0.00831413
0.01051188
0.00800872
0.00724554
0.01100302
0.01100349
0.01000953
0.00751328
0.00777459
0.00900984
0.00811410
0.00699997
0.00800347
0.00831676
0.01100159
0.01119423
0.00999951
0.01100016
0.00750160
0.00900054
0.00908875
0.00735664
0.00852680
0.00699925
0.00800800
0.01099515
0.00817084
0.00814748
0.00913501
0.01000261
0.00951433
0.00900841
0.01110911
0.00769162
0.02100921
0.00901866
0.00796366
0.01099920
0.00901437
0.01001453
0.01099253
0.00999999
0.00899696
0.00900006
0.01399231
0.01100826
0.00856519
0.00879836
0.01001120
0.01017118
0.00906157
0.01059365
0.00999999
0.00999856
0.00800443
0.00851393
0.01041794
0.00999022
0.01199961
0.01102686
0.01199460
0.01200056
0.01100802
0.01099849
0.01000595
0.01152158
0.01000023
0.01100826
0.01199126
0.00700164
0.00800276
0.00900698
0.00900078
0.01200342
0.01099896
0.00750947
0.01013422
0.01400709
0.01199937
0.01099682
0.01299739
0.00833845
0.00923610
0.00779176
0.00833082
0.00800610
0.01300216
0.00898767
0.00898862
0.01000690
0.00903058
0.00816703
0.01099944
0.01050687
0.00900006
0.00899553
0.00999188
0.01201081
0.01201177
0.01099753
0.01204062
0.01200032
0.01043653
0.01000714
0.01400018
0.01300645
0.00900531
0.00798845
0.01300311
0.01300788
0.01299286
0.01200700
0.01154017
0.00999284
0.01098847
0.01097560
0.00968003
0.00899792
0.00896287
0.01199913
0.02499914
0.00999808
0.01050544
0.02200007
0.01000190
0.01000094
0.01000094
0.01259112
0.01099992
0.00999951
0.01099992
0.01099944
0.00899982
0.00900006
0.01200843
0.01000071
0.01100135
0.00963116
0.01142144
0.01100111
0.01100802
0.01200891
0.02100301
0.01099253
0.01100826
0.00999975
0.00999260
0.01100445
0.00951719
0.01204038
0.00999928
0.02299857
0.01102757
0.01100779
0.02000141
0.01077271
0.01099944
0.02050304
0.01002860
0.01499987
0.01300025
0.01000166
0.01100039
0.01100874
0.01000214
0.00999165
0.01100039
0.02200294
0.01008940
0.01200318
0.01001143
0.01200843
0.01102591
0.00928569
0.00806808
0.01000404
0.01001358
0.01200175
0.01301408
0.01140189
0.00948310
0.01300669
0.01301026
0.01399922
0.01349473
0.01100802
0.01299000
0.00999999
0.01350141
0.01168728
0.01499104
0.01100349
0.01002383
0.01003075
0.01044559
0.01188707
0.01200891
0.01400256
0.01099992
0.01248670
0.01140618
0.01100349
0.01105762
0.01187086
0.01500750
0.01000524
0.01453424
0.01400089
0.01199913
0.01100183
0.01292562
0.01099992
0.01499915
0.01600075
0.01242661
0.01299977
0.01100016
0.01300049
0.03050590
0.01299405
0.01100016
0.01600742
0.01300049
0.02600050
0.01300025
0.02600002
0.01550579
0.01299429
0.01399994
0.01300073
0.01201177
0.01250339
0.01500654
0.01299930
0.02382255
0.01199985
0.01300001
0.01700020
0.01299977
0.01400113
0.01450419
0.01300120
0.02199984
0.01499987
0.01200104
0.02600050
0.01202393
0.02500010
0.01550364
0.01200056
0.01499963
0.01220369
0.01900196
0.01450682
0.01299906
0.01200724
0.00971127
0.01301193
0.01350260
0.00971937
0.00999260
0.01199603
0.00900054
0.01399112
0.01201248
0.00968409
0.01041389
0.01400185
0.01076627
0.01401281
0.01100993
0.01200652
0.01299953
0.01187873
0.00999928
0.01001883
0.01201034
0.01151419
0.01300836
0.01158023
0.01114178
0.01057506
0.01000071
0.01299787
0.01218510
0.01202297
0.01165175
0.01053524
0.01093507
0.01000047
0.00999928
0.01035404
0.01500940
0.01052165
0.01599240
0.01700044
0.01298022
0.01502490
0.01200867
0.01600718
0.01463890
0.01599979
0.01751828
0.01200247
0.01241922
0.01101995
0.01101017
0.01201844
0.01450801
0.01414418
0.01700878
0.01127553
0.01136589
0.01353931
0.01299047
0.01100993
0.01209497
0.01699495
0.01324701
0.01199937
0.01099920
0.01099682
0.01201439
0.01355147
0.01533484
0.01599979
0.00954485
0.01201177
0.01301622
0.01437640
0.01000047
0.01400876
0.01400733
0.01250386
0.01999950
0.01199985
0.01250172
0.02000117
0.01199961
0.01300073
0.02600002
0.01200151
0.01250315
0.01300097
0.01099420
0.02200103
0.01250315
0.01200008
0.02499390
0.01091647
0.01100135
0.01400042
0.01200032
0.01150274
0.01300573
0.01100016
0.00999999
0.01299953
0.01199961
0.01100039
0.01000071
0.01099491
0.02300000
0.01199937
0.01222277
0.02900076
0.01199961
0.02500153
0.01005459
0.00999904
0.01099920
0.01200128
0.00999999
0.01099968
0.01000142
0.01100135
0.01199985
0.01300240
0.01151562
0.01100111
0.00942016
0.01000118
0.01301074
0.01268172
0.01114416
0.01099920
0.01000285
0.01119876
0.01203108
0.01099992
0.01200104
0.01200128
0.01100922
0.01099992
0.01299930
0.01208997
0.01099277
0.00950408
0.01200104
0.01152396
0.01394057
0.01318383
0.01299310
0.01121712
0.01600862
0.01901436
0.01374888
0.01402259
0.01199913
0.01423168
0.01335621
0.00893211
0.01100206
0.00900030
0.01200223
0.01500058
0.01500487
0.01400638
0.01245427
0.01100063
0.01400042
0.01552629
0.01000309
0.01700711
0.01507974
0.01144099
0.00950217
0.01001000
0.01300120
0.01100898
0.01500678
0.01343179
0.01100826
0.01002049
0.01419783
0.01322412
0.01103783
0.01134610
0.01199269
0.01000047
0.01100016
0.01200151
0.01150703
0.01052761
0.01050353
0.01300025
0.01100111
0.00999379
0.01301050
0.01100016
0.02321219
0.01059771
0.01099992
0.02302480
0.01400232
0.01100039
0.02300072
0.01101065
0.01199126
0.00999904
0.01000047
0.01091290
0.01299143
0.01090884
0.01200867
0.01000118
0.01299977
0.02100015
0.01200986
0.01075912
0.01054120
0.00900126
0.01100636
0.01199126
0.02600360
0.01051927
0.01200867
0.01200604
0.01099110
0.00899196
0.01258993
0.00919414
0.01010418
0.01099992
0.00950599
0.01171565
0.01000309
0.01300359
0.01500034
0.01046324
0.01000094
0.01000857
0.01502991
0.01213050
0.01399946
0.01344466
0.01108932
0.01051283
0.01099324
0.01299095
0.01199865
0.01318192
0.01209712
0.01199865
0.01099968
0.01299953
0.01299357
0.01800013
0.01100206
0.01099062
0.02399254
0.01053071
0.01099968
0.01300025
0.01100039
0.01299906
0.01300430
0.01299930
0.01099968
0.01200151
0.01150846
0.01299977
0.01199985
0.01200008
0.01299810
0.01850343
0.01199937
0.01399994
0.01199937
0.01200247
0.01150346
0.01199985
0.01199985
0.01150131
0.01752114
0.01099992
0.02000046
0.01100636
0.01099920
0.01650405
0.01300097
0.01200652
0.01200032
0.01299930
0.01099992
0.01200056
0.01095247
0.01091671
0.01199174
0.01068330
0.01153040
0.01145530
0.01217818
0.01047087
0.01200032
0.01102304
0.01111841
0.01046157
0.01028919
0.00959134
0.01100087
0.01000214
0.00916576
0.00900435
0.01101089
0.01021647
0.01100135
0.00899768
0.00700831
0.00799417
0.00947666
0.00850415
0.01300645
0.01300716
0.01000047
0.01000929
0.00952983
0.00999951
0.00999880
0.01013875
0.00899959
0.01100826
0.01049495
0.01042747
0.00900650
0.01201391
0.01033258
0.01032710
0.01051521
0.00848007
0.01100922
0.01301026
0.01100659
0.01100039
0.01118922
0.00899768
0.01200223
0.01100755
0.01099157
0.01101017
0.01205325
0.01300836
0.01100659
0.01101613
0.01000738
0.01000619
0.01018381
0.01100039
0.00899744
0.00800800
0.01100731
0.01000047
0.01144385
0.01199985
0.01442218
0.01000237
0.01000643
0.01405954
0.00991726
0.01200056
0.01000047
0.01000857
0.00999880
0.01305532
0.01091027
0.02250361
0.01099944
0.00999999
0.00999904
0.00999832
0.00999880
0.00999117
0.01199889
0.00999856
0.01298952
0.01150513
0.01090169
0.02808595
0.00996709
0.00999975
0.00999951
0.01300764
0.01100373
0.01550817
0.01250243
0.01000738
0.00900006
0.01200032
0.00990748
0.00999546
0.01507401
0.01000810
0.02299976
0.01100850
0.01051521
0.01199961
0.01409316
0.01100945
0.00999928
0.01442361
0.00888968
0.02300215
0.01300859
0.01199889
0.01100039
0.01091337
0.01099944
0.01801085
0.01300097
0.01900220
0.01200819
0.01300120
0.01300049
0.01300263
0.01299095
0.01601076
0.01350737
0.02900028
0.01399851
0.01700115
0.01850677
0.01499009
0.01400089
0.01299071
0.02449965
0.01600838
0.01300240
0.01501513
0.01300740
0.01599979
0.01599836
0.01300025
0.01363206
0.01100755
0.01799178
0.01699686
0.01301336
0.01289392
0.01399994
0.01099634
0.01300001
0.01200104
0.01053524
0.01000071
0.01461267
0.01302171
0.01300740
0.01435089
0.01399088
0.01399899
0.01100850
0.01107740
0.01302838
0.01454067
0.01299906
0.01200008
0.01300812
0.01056457
0.01028800
0.01198936
0.01000047
0.01399183
0.01355839
0.01200843
0.01301694
0.01455331
0.01399922
0.01150107
0.01000047
0.01300859
0.01199675
0.01200342
0.01699018
0.01601148
0.01298761
0.01554418
0.01400018
0.01099825
0.01200318
0.01207018
0.01070952
0.01103902
0.01200008
0.01599646
0.01099968
0.01499128
0.01700211
0.01800084
0.01400208
0.01400781
0.01400042
0.01601148
0.01200056
0.01109838
0.00963926
0.00903177
0.01100397
0.00894833
0.01113439
0.01299930
0.01032066
0.01043916
0.00900030
0.01014066
0.00951433
0.00999212
0.00900817
0.00899220
0.01001716
0.01099157
0.01001096
0.01004934
0.00900006
0.00904346
0.01100874
0.01299930
0.01100302
0.00949097
0.01300049
0.01100874
0.00940847
0.01212835
0.01252556
0.01100087
0.01319838
0.01199007
0.01101518
0.01201415
0.01299381
0.01200032
0.01345420
0.01404810
0.01419544
0.01400638
0.01275134
0.01404309
0.01277971
0.01050377
0.01102233
0.01031423
0.01000929
0.00993752
0.01129723
0.01005077
0.00901461
0.01300120
0.01399040
0.00899124
0.00999904
0.01100206
0.01139641
0.00999904
0.01001215
0.01001620
0.01284266
0.01555395
0.01304102
0.01486921
0.01509309
0.01195645
0.01200151
0.01606035
0.01299882
0.02407408
0.01223183
0.02699161
0.01693439
0.01300502
0.01350260
0.01647425
0.01399469
0.01504827
0.01223087
0.02236772
0.01381731
0.01299143
0.01759648
0.01300073
0.03100038
0.01401019
0.01250434
0.01308298
0.01299357
0.01200652
0.01312518
0.01198673
0.01798582
0.01401806
0.01344824
0.01199985
0.01400828
0.00999165
0.01068211
0.01750326
0.01300240
0.01199222
0.01197433
0.01300216
0.01099181
0.00900102
0.01400995
0.01643825
0.01100492
0.01146054
0.01299047
0.01337695
0.01122069
0.01800752
0.01349211
0.01400924
0.01317453
0.01601028
0.01293755
0.01199937
0.01399136
0.01799011
0.01599073
0.01300931
0.01299286
0.01700664
0.01300025
0.01500845
0.01299906
0.01521206
0.02799869
0.01300311
0.01300097
0.01199961
0.01199460
0.01163292
0.02150178
0.01200008
0.01300836
0.01099944
0.01200080
0.01151466
0.02199912
0.01700020
0.01198888
0.02609324
0.01299906
0.01199985
0.01401210
0.01200247
0.01099968
0.01400089
0.01199484
0.01100016
0.01150465
0.01300526
0.01999998
0.01200914
0.01099396
0.02550411
0.01199913
0.01199126
0.01300287
0.01242733
0.01199961
0.01309371
0.01200652
0.01100063
0.01209927
0.01200747
0.01099825
0.01195478
0.01210856
0.02108312
0.01500273
0.01298690
0.01400113
0.01251888
0.01299953
0.02508569
0.01319957
0.01200128
0.01302648
0.02299833
0.01500201
0.01302266
0.01153827
0.01200867
0.00999904
0.01300883
0.01601601
0.01601481
0.01500916
0.01301003
0.01534772
0.01200366
0.01397371
0.01101136
0.01213765
0.01399875
0.01203489
0.01227522
0.01202154
0.01300788
0.01099968
0.01301050
0.01300955
0.01253128
0.01496291
0.01199865
0.01294899
0.01399779
0.01560807
0.02299905
0.01400256
0.01402378
0.01250434
0.01199150
0.01500034
0.01201630
0.01300120
0.01199841
0.01000142
0.01622558
0.01099992
0.01403999
0.01170039
0.00942850
0.01200891
0.01219296
0.01304030
0.01550555
0.01200962
0.01753044
0.01100087
0.01500082
0.01601005
0.01015329
0.01150417
0.01300788
0.01399946
0.01699996
0.01800585
0.01402879
0.01698995
0.01299167
0.01100016
0.01301217
0.01717329
0.01099944
0.01399994
0.01098895
0.01700783
0.01853156
0.01500010
0.01500750
0.01499987
0.01351666
0.01201081
0.01501918
0.01200008
0.01100278
0.01526833
0.01516604
0.01401043
0.02051353
0.01601458
0.01353693
0.01399851
0.01500535
0.01801085
0.01553106
0.01400685
0.01100588
0.01324272
0.01300073
0.01099825
0.01000810
0.01200128
0.01199985
0.01350522
0.01400304
0.01552367
0.01500034
0.01600981
0.01347828
0.01200199
0.01799965
0.01200008
0.01300049
0.01300025
0.01600194
0.01399922
0.02299953
0.01400018
0.02449155
0.01401567
0.01649547
0.01749563
0.01290441
0.01200056
0.01399994
0.02569461
0.01500177
0.01399493
0.02874756
0.01450777
0.01318455
0.01365376
0.01299691
0.02885652
0.01300550
0.01322556
0.01300073
0.01412392
0.01250672
0.01345611
0.01944494
0.01608467
0.01450515
0.01400399
0.01399970
0.01113009
0.02412176
0.01668239
0.01289320
0.01399970
0.01399255
0.01100826
0.01450491
0.01301479
0.01199961
0.01300311
0.01303601
0.01300287
0.01199055
0.01200080
0.01136494
0.01023412
0.01400805
0.01350617
0.01409125
0.01130176
0.01200986
0.00950670
0.00900841
0.01203179
0.01001096
0.01292992
0.01033354
0.01000404
0.00872302
0.01101756
0.01200008
0.01400208
0.01299953
0.01200008
0.01297569
0.01399994
0.02199888
0.01500273
0.01252913
0.01200032
0.01300049
0.02700114
0.01659656
0.01299191
0.01200056
0.01391196
0.02550125
0.01200938
0.01300335
0.02669764
0.01250601
0.02498984
0.01200008
0.01299953
0.02750444
0.01299906
0.02399898
0.01300120
0.01252794
0.02000022
0.01200080
0.01300001
0.01300001
0.01199198
0.02399993
0.01300001
0.01300097
0.01250148
0.01799941
0.01299906
0.02900267
0.01253009
0.02399731
0.01300049
0.01400018
0.01521015
0.01200151
0.02299976
0.01400042
0.01352906
0.01300073
0.01299930
0.02099967
0.01253033
0.01300216
0.01400089
0.01470804
0.01554561
0.01500368
0.01699758
0.01703930
0.01725054
0.01253200
0.01600003
0.01200008
0.01199985
0.00999498
0.01400137
0.01601100
0.01128054
0.02000022
0.01699901
0.01551318
0.01700068
0.01599002
0.01499915
0.01101089
0.01300240
0.01422501
0.01599741
0.01800847
0.01599932
0.01436853
0.01423144
0.01300073
0.01748157
0.01601911
0.01707411
0.01599908
0.01578140
0.01600170
0.01700902
0.01618028
0.01699781
0.01494288
0.01470804
0.02237558
0.01800919
0.02000284
0.01538563
0.01952577
0.01700664
0.01600623
0.01553202
0.02253604
0.02000713
0.01717114
0.01852107
0.01799130
0.02800035
0.02000880
0.01851678
0.02100182
0.01698995
0.02150416
0.01799941
0.01900935
0.01650500
0.01699972
0.01650286
0.01399994
0.01652312
0.01799393
0.01950884
0.01499200
0.01698828
0.01632690
0.01700091
0.01900601
0.02450824
0.02000570
0.02999616
0.02050447
0.02738357
0.01800489
0.02150154
0.02700591
0.02427602
0.01951027
0.01799345
0.02052832
0.02099657
0.02200413
0.01942420
0.02600336
0.02706051
0.01840448
0.02900028
0.02078462
0.01699376
0.02104473
0.01851654
0.02000046
0.01899981
0.01996207
0.03000045
0.02000451
0.02807212
0.02100515
0.01799440
0.01700044
0.01652431
0.03140736
0.01799035
0.03050613
0.01701093
0.02499914
0.02700090
0.01999950
0.01910210
0.02330756
0.01927781
0.01900029
0.01903820
0.01498818
0.01604724
0.03008866
0.01900005
0.02101398
0.02052712
0.02100825
0.01800942
0.01955771
0.01900840
0.01851392
0.01509118
0.01601577
0.01495576
0.01401830
0.01209021
0.01400232
0.01501966
0.01250505
0.01128173
0.01400876
0.01241851
0.01968002
0.01501250
0.01600051
0.01490283
0.01400495
0.01453376
0.01323915
0.01145935
0.01600075
0.01311755
0.01600194
0.01698995
0.01499581
0.01659012
0.01501203
0.01699877
0.01678801
0.01506901
0.01600266
0.01302171
0.01501083
0.01402807
0.01536751
0.01586676
0.02020788
0.01694107
0.01500893
0.01850224
0.01204109
0.01500082
0.01900363
0.01400852
0.01599956
0.01500154
0.01460052
0.02950716
0.01400065
0.01499319
0.01599956
0.01400495
0.02799416
0.01399446
0.01799965
0.01446462
0.01464653
0.02875543
0.01502085
0.02165961
0.01799965
0.02133107
0.01651192
0.01409459
0.01499939
0.01500010
0.01600409
0.01511407
0.02100039
0.01600528
0.01599789
0.01399493
0.01500559
0.01349473
0.01398873
0.01407671
0.01399899
0.01399875
0.01400805
0.01500058
0.01419544
0.01400256
0.01300049
0.01599765
0.01401734
0.01653481
0.01600933
0.01700854
0.01600647
0.01552081
0.01799154
0.01699996
0.01900649
0.01603174
0.01599956
0.01456833
0.01499915
0.01600885
0.01553583
0.01400709
0.01500034
0.01599169
0.01650357
0.01600146
0.01800084
0.01601315
0.01601434
0.01499963
0.01499653
0.01500082
0.01701021
0.01551652
0.01700258
0.01600003
0.01500034
0.01646209
0.01699829
0.01701665
0.01562858
0.02650356
0.01599979
0.03299093
0.01451540
0.03500032
0.01600003
0.01849890
0.01600432
0.03399968
0.01900220
0.01599312
0.01809192
0.01800871
0.02047205
0.02200031
0.01900053
0.02112508
0.01999450
0.02000618
0.02400160
0.01899934
0.01999497
0.03250384
0.01900029
0.02099991
0.02150226
0.02000022
0.01900911
0.02149987
0.02825785
0.03650618
0.01900506
0.03599405
0.01800203
0.01899910
0.01899886
0.03550601
0.02000380
0.02000093
0.02300191
0.02050924
0.01900005
0.02101064
0.01750326
0.01799893
0.01999378
0.02750421
0.01899981
0.04500246
0.02050686
0.01900005
0.01900029
0.02000141
0.02152848
0.01646447
0.01646495
0.01642942
0.01483297
0.01447082
0.01517105
0.01699972
0.02200079
0.01499152
0.01403522
0.01411104
0.01299071
0.01145053
0.01499963
0.01300168
0.01201200
0.01101017
0.00874710
0.01253414
0.01000762
0.01401019
0.01100898
0.00900149
0.01000237
0.01200819
0.01099992
0.01047564
0.01101017
0.00889778
0.01200914
0.01101041
0.01072669
0.01008964
0.01099944
0.00999951
0.00999880
0.01151562
0.01100445
0.00916457
0.01000857
0.01000810
0.01001263
0.00901604
0.01251602
0.00949049
0.00797033
0.00900221
0.01001072
0.01121950
0.01005769
0.01300240
0.01500058
0.01599169
0.01100111
0.00947905
0.01300025
0.00901127
0.01000094
0.01104236
0.00799990
0.00900126
0.00848103
0.00808144
0.00901008
0.00901818
0.00907159
0.01400089
0.01200867
0.00899839
0.01219058
0.00998878
0.00799084
0.01049733
0.01274776
0.00951552
0.00900030
0.01016688
0.01399684
0.01000476
0.00800157
0.01020408
0.00999999
0.00944448
0.00950122
0.01200867
0.00999928
0.01300168
0.00901318
0.01400137
0.01046610
0.01600981
0.01200509
0.01200032
0.01200819
0.01125550
0.01100278
0.01236367
0.01200891
0.01565862
0.01002884
0.01002097
0.00900412
0.01100302
0.01021600
0.01100779
0.01242948
0.01251793
0.01129341
0.01185346
0.01799917
0.01150370
0.01099968
0.01526284
0.01099968
0.02300143
0.01151299
0.00999951
0.00999880
0.01098704
0.01299858
0.01950216
0.01100087
0.01200795
0.02100182
0.01100683
0.01099777
0.01100302
0.01150608
0.01099896
0.01250696
0.01299953
0.02499962
0.01100016
0.02151680
0.01001143
0.01200032
0.01100707
0.00799990
0.01201272
0.01100755
0.01300097
0.03300834
0.01200056
0.01350975
0.01200008
0.01399970
0.00999928
0.00901437
0.00901055
0.01300859
0.00999951
0.01500273
0.01299882
0.01243830
0.01324987
0.00899982
0.00999784
0.01626062
0.01200318
0.01200771
0.01709318
0.01309490
0.01122618
0.01400495
0.01175022
0.01631069
0.01499963
0.01300764
0.01299882
0.01260448
0.01550508
0.01800203
0.01298785
0.02350473
0.01100373
0.01200199
0.02528048
0.01099968
0.01150131
0.01599908
0.01200032
0.01199961
0.01299977
0.01551008
0.01300097
0.01500010
0.01200080
0.01201081
0.02150297
0.01500058
0.01299930
0.01099992
0.01400280
0.01200342
0.01399994
0.01400256
0.01300025
0.02950215
0.01300406
0.01399899
0.01500249
0.01350451
0.01499987
0.01600051
0.01201630
0.02850509
0.01300097
0.01150203
0.01800156
0.01300168
0.02649617
0.01300526
0.01200032
0.01200294
0.01352882
0.02299976
0.01200581
0.01400018
0.02150488
0.01300049
0.01300144
0.01550436
0.01300192
0.01199961
0.01700068
0.01300025
0.01400185
0.01350474
0.01199293
0.01699948
0.01399946
0.01400137
0.01200032
0.01199794
0.01199937
0.01300263
0.02102709
0.01200008
0.01300454
0.01099944
0.01300001
0.01200175
0.01399350
0.01200104
0.01199007
0.01250768
0.01399827
0.01399899
0.01305366
0.01401258
0.01207495
0.01110530
0.01007938
0.00950241
0.01200175
0.01199365
0.01922512
0.01200032
0.01200032
0.00950527
0.01200843
0.01350307
0.01199961
0.01400065
0.00956798
0.01101065
0.00900197
0.01020384
0.01323223
0.01199937
0.01000166
0.00974131
0.00947404
0.00851774
0.01051521
0.01100278
0.00898671
0.00799823
0.00900126
0.00950694
0.01099038
0.01027632
0.00900865
0.01001072
0.00998974
0.00800180
0.00802302
0.01199150
0.00900459
0.01100707
0.00900769
0.00912619
0.01210999
0.01300621
0.01250744
0.01451230
0.01142836
0.01031685
0.01599097
0.01351786
0.01199150
0.01300764
0.01399803
0.01000214
0.01151752
0.01199174
0.01101136
0.01001024
0.01048255
0.01101398
0.01050711
0.01098752
0.01200008
0.01200795
0.01500869
0.01200199
0.01400161
0.01499844
0.01300573
0.01300621
0.01001024
0.01150656
0.01600909
0.01240206
0.01400113
0.01199508
0.00950861
0.01500702
0.01301098
0.01551914
0.01300144
0.00820231
0.00910592
0.01045561
0.01999927
0.01500034
0.01500249
0.02600074
0.01100039
0.01299953
0.01500201
0.01400042
0.02600169
0.01299405
0.01200271
0.01999950
0.01300073
0.01200008
0.01250196
0.01299882
0.01700544
0.01299286
0.01300454
0.01600361
0.01399922
0.01200008
0.01427174
0.01300168
0.01300025
0.01299953
0.01299882
0.01299930
0.01400495
0.01301551
0.02399969
0.01399922
0.02850437
0.01299977
0.01100540
0.01200485
0.01300454
0.00999141
0.01200008
0.01400208
0.01301742
0.01299906
0.01150489
0.01288462
0.01399803
0.00928712
0.00900173
0.01000762
0.01000309
0.01150990
0.01113248
0.01100087
0.01099277
0.00988793
0.01100039
0.01000047
0.01000381
0.01299977
0.01000690
0.01001406
0.01500392
0.01452899
0.01442790
0.01206803
0.01208854
0.01500845
0.01100039
0.01398969
0.01299238
0.01000953
0.01239657
0.01300478
0.00950098
0.01000476
0.01600051
0.01599121
0.01180267
0.01151872
0.01553750
0.01500869
0.01399207
0.01299119
0.01252222
0.01300621
0.01600695
0.01300073
0.01200008
0.01052141
0.01400018
0.01100039
0.01103354
0.01029015
0.01101232
0.00850677
0.00950527
0.00900221
0.01501846
0.00869942
0.01302195
0.01252127
0.01200795
0.01400781
0.01099253
0.00932860
0.01000905
0.01100254
0.01100993
0.01614308
0.00901270
0.01100254
0.01201177
0.01200414
0.01799250
0.01700306
0.01000094
0.01500297
0.01201081
0.01304936
0.01126146
0.01201344
0.01123476
0.01451492
0.01500320
0.01501036
0.01288152
0.01500773
0.01638269
0.01400137
0.01400805
0.01300001
0.01199961
0.01681495
0.01524973
0.01799941
0.01125932
0.01701880
0.01750565
0.01300287
0.01001191
0.01746058
0.01999187
0.01601100
0.01701021
0.01900077
0.01351452
0.01400161
0.01486897
0.01499987
0.01552773
0.02499104
0.01500773
0.01599979
0.01851344
0.01500106
0.01900482
0.01599598
0.02200007
0.01699996
0.01399994
0.01800752
0.01699710
0.01900053
0.01464367
0.02650571
0.01500583
0.01499963
0.01899981
0.01511168
0.01999974
0.01600027
0.01809072
0.02699900
0.01800442
