0.00402308
0.01054001
0.01099849
0.01199174
0.02200055
0.01293397
0.01400948
0.01353145
0.01299143
0.01300001
0.01099157
0.01451492
0.01500607
0.01099038
0.00900841
0.01001143
0.01310325
0.01299143
0.01000404
0.01351786
0.00999975
0.01299262
0.00950837
0.01099944
0.01199985
0.01001477
0.01015115
0.00951958
0.01011825
0.01200128
0.00899911
0.01043630
0.01239562
0.00799870
0.00799823
0.01100039
0.00900722
0.00913310
0.00966167
0.01099014
0.00949430
0.00849843
0.00899959
0.00699925
0.00750470
0.00750399
0.00900912
0.00801826
0.00800133
0.00746775
0.00901341
0.01050758
0.01029038
0.01300025
0.00940347
0.00938320
0.00899053
0.00801468
0.01213169
0.01100564
0.00898862
0.00800776
0.00945640
0.01199937
0.00799918
0.00799036
0.00798464
0.01200080
0.01127052
0.00801015
0.00799608
0.01000023
0.00945473
0.01652193
0.01000786
0.00823474
0.01000071
0.00844884
0.00999951
0.00782657
0.00900030
0.00870228
0.00918746
0.01098919
0.02399945
0.01495695
0.01551986
0.01599860
0.01100183
0.01105118
0.01199961
0.02750587
0.01200581
0.00999475
0.01100016
0.01300049
0.00999379
0.00900269
0.01850510
0.01299977
0.00900459
0.00899434
0.00999999
0.01100183
0.01350904
0.01299977
0.01099825
0.00999475
0.01299238
0.01000929
0.01000261
0.01199913
0.00949430
0.01158571
0.01200485
0.00899935
0.00799918
0.00752878
0.00699973
0.01000810
0.00765443
0.00700140
0.00799942
0.01100016
0.01101017
0.01850438
0.01000094
0.01199913
0.00899982
0.00899124
0.00999904
0.00899935
0.00767946
0.00812197
0.00725365
0.00900030
0.01100755
0.01500106
0.01101351
0.00850844
0.00700116
0.00799417
0.01100874
0.01200819
0.01099896
0.00916648
0.00800276
0.00704026
0.01005387
0.00899935
0.01100683
0.01100540
0.00900149
0.01200104
0.00899553
0.01351833
0.01200891
0.01300478
0.01499057
0.00950885
0.01100373
0.01041889
0.01100659
0.01000142
0.00898910
0.00700021
0.00851560
0.00788498
0.00952864
0.01253223
0.02899981
0.01099944
0.00899959
0.02200079
0.00850415
0.00897694
0.00999522
0.01299930
0.01400113
0.01200080
0.01100039
0.01399946
0.01400065
0.01200008
0.01099992
0.01600695
0.01100111
0.01099396
0.01300001
0.01099920
0.00999546
0.02650428
0.01199865
0.01200032
0.02399993
0.01100159
0.01224422
0.01200008
0.01100039
0.01199460
0.01299977
0.01350451
0.01200008
0.01299572
0.01900864
0.01400185
0.01150393
0.01799989
0.01200008
0.01099968
0.01300168
0.01350784
0.01399446
0.01572704
0.01200080
0.01199698
0.01499987
0.01200008
0.01099968
0.01100087
0.01200938
0.01151538
0.01099992
0.01500821
0.01099277
0.01299858
0.01250410
0.01300406
0.01199961
0.01500034
0.01300120
0.01351142
0.01499963
0.01300073
0.01349783
0.01400280
0.01252747
0.01799774
0.01199985
0.01200080
0.01200104
0.02250338
0.01900005
0.01399946
0.01599956
0.01600003
0.01300097
0.02410054
0.01501369
0.02900076
0.01200128
0.01250672
0.01400042
0.01300073
0.01600552
0.01443458
0.01465392
0.01311135
0.00998235
0.01201487
0.01000381
0.01091504
0.01482344
0.01845336
0.01743007
0.01691866
0.01503730
0.01651406
0.01666427
0.01313376
0.01292872
0.01293921
0.01109314
0.01207185
0.01100230
0.01588273
0.01806045
0.01403737
0.01599789
0.01301289
0.01400948
0.01320815
0.01799393
0.01702166
0.01455045
0.01300001
0.01023531
0.01100683
0.01699114
0.01499033
0.01200891
0.01100111
0.01147962
0.01100183
0.01219511
0.01037955
0.01105785
0.01052785
0.01600051
0.01900697
0.01309562
0.01500654
0.01051736
0.01249981
0.01253366
0.01613617
0.01800013
0.01808476
0.01699543
0.01500130
0.01304150
0.01600075
0.01729655
0.01541042
0.01399708
0.01499867
0.01400828
0.01300812
0.01350474
0.01600051
0.01502514
0.01589489
0.01799297
0.01702571
0.01699376
0.01700735
0.01600742
0.01500988
0.01804948
0.01820612
0.01465893
0.01300812
0.02001286
0.02000046
0.01744795
0.01353598
0.01398921
0.01701021
0.01901007
0.01600266
0.03682828
0.01351023
0.01499963
0.01400113
0.01300001
0.01500130
0.01800919
0.01500010
0.01299930
0.01799989
0.01504493
0.02500153
0.01298237
0.01299953
0.02600193
0.01399851
0.01499462
0.01400018
0.01499987
0.02450371
0.01299977
0.01299548
0.01299953
0.01900029
0.01500177
