0.02099395
0.01100540
0.01000500
0.02200031
0.00999951
0.00999951
0.00899482
0.02250314
0.01000333
0.00999999
0.00999975
0.01500034
0.01000500
0.01199460
0.01200032
0.01099491
0.01099300
0.02550650
0.00999975
0.00999546
0.01099992
0.01300120
0.01000094
0.01099968
0.01254106
0.01100016
0.01300049
0.00999975
0.01099873
0.01100039
0.01099372
0.01099062
0.01198888
0.01099467
0.01100111
0.01053596
0.00961018
0.01100087
0.00965214
0.01199961
0.00999975
0.01000047
0.01200008
0.01099920
0.01299310
0.01123977
0.01199889
0.00924397
0.00873017
0.01106000
0.00887084
0.00900030
0.00899959
0.00841236
0.00800061
0.01100183
0.01850271
0.01100016
0.01300025
0.01099968
0.01099944
0.00900602
0.01350999
0.01300192
0.01199174
0.01000357
0.01179242
0.01000118
0.01015759
0.00919747
0.01400828
0.00935149
0.00929666
0.01000881
0.01252460
0.01199460
0.01100039
0.00899911
0.00749660
0.01100755
0.00899506
0.00950456
0.00949097
0.00800228
0.00800586
0.00800061
0.00864363
0.01300025
0.01000309
0.01355505
0.01099896
0.00721836
0.00900102
0.00900126
0.01000333
0.00911283
0.00700307
0.00800824
0.00899982
0.00844073
0.00900054
0.00800276
0.00900984
0.01100039
0.01000094
0.00698948
0.00753379
0.00900722
0.00701833
0.00700855
0.00868583
0.00800014
0.00799251
0.01249075
0.01153541
0.00999999
0.00998449
0.01000714
0.01300573
0.01000309
0.01201248
0.00952482
0.00885844
0.00852180
0.00700283
0.01000857
0.01101065
0.00854993
0.00700283
0.01100802
0.00999713
0.01019168
0.00999165
0.00699949
0.00809312
0.00599909
0.00900006
0.00799227
0.00599313
0.00900030
0.00799942
0.00755215
0.00699997
0.00899148
0.00701261
0.00900435
0.01500058
0.00850725
0.01099110
0.00899935
0.00800061
0.01000881
0.00899029
0.00901103
0.00699162
0.00657845
0.00799918
0.00748134
0.00600243
0.00903368
0.00900817
0.00701046
0.00801134
0.00904226
0.00905347
0.00700879
0.01099920
0.00899982
0.00899124
0.00899386
0.01500106
0.00729346
0.00599957
0.00600028
0.00938988
0.01032305
0.00805187
0.00800371
0.01000071
0.00799966
0.00854135
0.01000905
0.00798845
0.00999260
0.00801134
0.00600171
0.00900054
0.00701141
0.00800872
0.00700879
0.00701046
0.00814962
0.00806284
0.00800729
0.00752091
0.00600028
0.00610447
0.00638342
0.00642419
0.00953579
0.00999975
0.00700021
0.00699973
0.01000023
0.00999093
0.01099992
0.00800991
0.00692368
0.00649500
0.00745821
0.00600028
0.00800037
0.00600100
0.00800014
0.00599790
0.00733876
0.00700045
0.00951076
0.00899959
0.00900126
0.00799942
0.00900745
0.00800061
0.00900006
0.00899315
0.01000762
0.00941753
0.00800705
0.00998497
0.00784230
0.00717783
0.00715947
0.00752282
0.00801516
0.00800347
0.00700188
0.00700808
0.00828314
0.00800014
0.00900722
0.01100326
0.00847626
0.00699830
0.00731015
0.00800848
0.00713110
0.00900745
0.00600076
0.00598836
0.00615239
0.00719428
0.00750875
0.00999975
0.00699973
0.00657225
0.00799918
0.00701213
0.00700331
0.00599957
0.00599813
0.00809455
0.00700498
0.00600100
0.00899887
0.00700855
0.01114345
0.00900364
0.00870872
0.00684643
0.00800037
0.00798202
0.00704217
0.00699329
0.00600028
0.00800085
0.00790930
0.00821280
0.01101208
0.01201582
0.01101446
0.01099920
0.01600623
0.01099920
0.00849581
0.00899172
0.00800848
0.00800014
0.00899434
0.00800133
0.00900006
0.00800323
0.00933003
0.00800061
0.00899959
0.00799894
0.00999284
0.00709891
0.00699997
0.00699925
0.00950718
0.00699139
0.00700998
0.00601101
0.01205254
0.00999713
0.00800681
0.00872421
0.00798178
0.00799799
0.00901556
0.00900030
0.00697160
0.00998974
0.01035666
0.01152158
0.01199245
0.00999880
0.01300597
0.01291442
0.01299953
0.00800252
0.01245308
0.01300478
0.01300025
0.01500082
0.00900960
0.01110005
0.01278639
0.01132536
0.01494384
0.01299596
0.01399922
0.01400232
0.01151800
0.01100087
0.01099968
0.01399159
0.01399946
0.00833106
0.01100016
0.00900936
0.01005673
0.00900030
0.01099348
0.01099896
0.00847411
0.01030302
0.01050401
0.01099348
0.01150417
0.01099944
0.00848866
0.00900006
0.00900221
0.00816154
0.00799966
0.00800705
0.00800681
0.00900054
0.01000023
0.01000237
0.00852227
0.01100016
0.00900102
0.00799584
0.00799370
