0.01100087
0.01599836
0.03250527
0.01599813
0.01799536
0.01900053
0.01651239
0.03199983
0.01699972
0.02599669
0.01651406
0.01599932
0.01499987
0.01999974
0.01600027
0.02749562
0.01799989
0.02299500
0.01599622
0.01550317
0.01799965
0.02000046
0.01599431
0.02750707
0.01699924
0.01699448
0.01500010
0.01650596
0.01800013
0.02099919
0.01578617
0.02849722
0.01599836
0.01599979
0.01500058
0.01499963
0.01852155
0.01699257
0.01430631
0.01338196
0.01901889
0.01900578
0.01850605
0.01768160
0.01300883
0.01415610
0.01799130
0.01501060
0.01599073
0.02000213
0.01846170
0.01699853
0.01701403
0.01800060
0.01193142
0.01251721
0.01800179
0.01300025
0.01400471
0.01900029
0.01251483
0.01252913
0.01499200
0.01099968
0.01150250
0.01200175
0.01508689
0.01346660
0.01199985
0.01799893
0.01901484
0.01218033
0.01097107
0.01552725
0.01699138
0.01099920
0.01101041
0.01200891
0.01204658
0.01031113
0.01000214
0.01307559
0.01799440
0.01729131
0.01801133
0.01453447
0.01599956
0.01499772
0.01500010
0.01333165
0.01026106
0.01399207
0.01599979
0.01201582
0.01300120
0.01502824
0.01552677
0.01399112
0.01725268
0.01700616
0.01801538
0.01378584
0.01799536
0.01699853
0.01300097
0.01291323
0.01553440
0.02700067
0.01699185
0.02400112
0.01950598
0.01399279
0.02099991
0.01400399
0.01401401
0.01750231
0.01900697
0.01299071
0.02899957
0.01344275
0.01500225
0.01300001
0.01400065
0.01399207
0.01299739
0.01392365
0.02499127
0.01608348
0.01349592
0.02499914
0.01300025
0.02981186
0.01400924
0.01452446
0.01400495
0.01099992
0.01599026
0.01700354
0.01549554
0.01599407
0.01500034
0.01300883
0.01227450
0.02051020
0.01401353
0.01750493
0.01436615
0.01402283
0.01210308
0.01199889
0.01100063
0.01400042
0.01234984
0.01400614
0.01796532
0.01498985
0.01100278
0.01199961
0.01000166
0.01500106
0.01650643
0.01315856
0.01199269
0.01179051
0.01000071
0.01400876
0.01305151
0.01354551
0.01399493
0.01101470
0.01101756
0.01300836
0.00950670
0.00875020
0.00999999
0.00987267
0.01000738
0.01311350
0.01400852
0.01250744
0.03000045
0.01091123
0.01099133
0.01445127
0.01286960
0.01099634
0.01299977
0.01209116
0.01090980
0.01056433
0.01400018
0.01100850
0.01099181
0.01900005
0.01100302
0.01213479
0.02499104
0.01309872
0.01090574
0.02449584
0.01300263
0.01099825
0.00956607
0.01299953
0.01300073
0.01100826
0.00999403
0.01099992
0.01200056
0.02499986
0.01300335
0.01134586
0.00999665
0.00999975
0.01000047
0.00898576
0.00899982
0.00899196
0.02470541
0.01100731
0.01200128
0.01272559
0.01100016
0.01099896
0.01099896
0.00999904
0.01132512
0.00900126
0.00800014
0.00862288
0.00899744
0.01450682
0.00999999
0.01100135
0.01000834
0.01199698
0.01101398
0.01000690
0.01200175
0.00899863
0.00780535
0.00803781
0.00899816
0.01002550
0.01200247
0.01051021
0.00921154
0.00900769
0.00900006
0.01004410
0.00899029
0.00900316
0.00751829
0.00900531
0.00966859
0.01200795
0.00800633
0.00799966
0.00940990
0.00800014
0.00799942
0.01000094
0.01199174
0.00877380
0.00701451
0.01000094
0.00999832
0.01300073
0.00899959
0.00800252
0.01032043
0.01200008
0.01100039
0.00900865
0.00900507
0.01799917
0.01296735
0.00899124
0.00999975
0.01100135
0.01250458
0.01100159
0.00899959
0.00899982
0.00900054
0.00900507
0.01000118
0.02051926
0.00899982
0.00999832
0.00799370
0.01199913
0.00800323
0.00950289
0.00900030
0.00899839
0.00900054
0.00800490
0.00899696
0.00800180
0.01100016
0.00800037
0.00999999
0.01500010
0.00900054
0.00900102
0.00951934
0.00899816
0.01300025
0.00899959
0.00999999
0.02000165
0.01150513
0.00900030
0.00799990
0.02699947
0.00900555
0.00901079
0.01151323
0.00800037
0.00900173
0.00999928
0.00899959
0.01200271
0.00852394
0.00900006
0.01900029
0.01599979
0.00901318
0.00999641
0.01000023
0.00801015
0.00799990
0.00857067
0.01200032
0.00900245
0.00951290
0.02099991
0.00899959
0.00899482
0.00899982
0.01800013
0.00950861
0.00799632
0.00900006
0.02100015
0.01099992
0.00899673
0.01050210
0.01100063
0.00899482
