0.01099420
0.02099824
0.01500177
0.01600027
0.02900028
0.01500058
0.01500130
0.01600027
0.01600003
0.02099991
0.01800132
0.02850485
0.01599932
0.01599002
0.01200676
0.01200342
0.02143192
0.03203940
0.02699757
0.02020478
0.02400923
0.02199101
0.02000141
0.01952839
0.01900816
0.01899028
0.02000999
0.01949668
0.02303219
0.02199960
0.01101923
0.01700997
0.01699948
0.01900005
0.01905417
0.01120710
0.01302552
0.01812339
0.01338172
0.01600218
0.01906252
0.01852369
0.01448917
0.01399374
0.01505899
0.01599979
0.01427698
0.01401305
0.01800013
0.01500750
0.01699829
0.01100969
0.01109505
0.01700711
0.01499820
0.01500297
0.02550983
0.01910663
0.01599145
0.01399922
0.01300097
0.01200151
0.01350474
0.01506686
0.01499963
0.01399851
0.01450396
0.01400065
0.02199936
0.01400185
0.01399994
0.02350235
0.01700521
0.01399994
0.01299977
0.01500320
0.01351690
0.02500248
0.01599956
0.01499963
0.02750564
0.01300073
0.01499367
0.01499939
0.01099515
0.01200128
0.01450372
0.01400042
0.01299500
0.02599978
0.01850605
0.01399922
0.03000021
0.01299906
0.01600218
0.01400208
0.01300716
0.02399945
0.01400280
0.01350307
0.02499962
0.02100039
0.01399970
0.01600122
0.01350617
0.01499987
0.02599478
0.01700091
0.01400256
0.01200128
0.01189899
0.01399970
0.02599502
0.01300025
0.01199985
0.01200032
0.01100087
0.01200151
0.01400614
0.01200056
0.01299930
0.01399922
0.01400185
0.01453137
0.01299691
0.01700044
0.02099991
0.01400304
0.01550865
0.01499891
0.01400399
0.01310444
0.01400352
0.01550984
0.02399945
0.01700258
0.01499939
0.01751709
0.01514649
0.01777649
0.01554179
0.01382995
0.01601529
0.01844549
0.01651812
0.01500726
0.01361799
0.01202321
0.01652956
0.01200843
0.01299882
0.01571131
0.01163793
0.01602149
0.01504278
0.01326323
0.01200962
0.01200771
0.01399970
0.01200986
0.01101446
0.00993657
0.01004148
0.01064658
0.01049829
0.01000071
0.01999927
0.01099920
0.00931168
0.01200056
0.01699901
0.01000571
0.01348901
0.01201296
0.01552987
0.01106620
0.00999212
0.01200771
0.01500010
0.01500463
0.01452065
0.01700068
0.01399970
0.01899934
0.01458192
0.01211405
0.01345778
0.01127243
0.01508784
0.01236892
0.01399064
0.01151156
0.01299977
0.01400757
0.01599693
0.01199174
0.01500130
0.01399994
0.01399136
0.01199961
0.01300001
0.01200247
0.01311159
0.01400042
0.01599979
0.01299953
0.01850462
0.01399779
0.01300001
0.01800632
0.01300955
0.01350284
0.01600003
0.01399994
0.01300001
0.01900291
0.01450396
0.01350260
0.01600027
0.01400685
0.01300025
0.01450348
0.01399755
0.01399827
0.01800609
0.01500654
0.01900005
0.01500010
0.01399922
0.02599931
0.01850319
0.01413107
0.01499939
0.01600027
0.01299763
0.01350117
0.01500082
0.01299977
0.01549840
0.01400375
0.01251626
0.02799940
0.01800084
0.01299548
0.02950478
0.01399994
0.02999997
0.01300049
0.01400876
0.02826023
0.01500630
0.01500010
0.02800179
0.01219010
0.01399946
0.01399970
0.01400042
0.01400399
0.01299763
0.01700211
0.01199961
0.01299882
0.02900314
0.01351500
0.01832318
0.01647091
0.01500654
0.01299882
0.01450419
0.01499462
0.01299930
0.01600051
0.01500106
0.03151369
0.01400065
0.01300120
0.02600098
0.02050519
0.02900004
0.01400042
0.01400208
0.01274610
0.01247621
0.01042295
0.01300740
0.01500034
0.01416683
0.01325607
0.01650190
0.01599312
0.01600003
0.01399946
0.01200008
0.01200151
0.01698995
0.01900053
0.01499104
0.01500654
0.01300764
0.01400256
0.01700306
0.01598907
0.01199961
0.01400065
0.01453066
0.01500010
0.01237392
0.01500154
0.01600409
0.01268077
0.01108861
0.01100159
0.01200604
0.01099896
0.01400805
0.01000166
0.01052976
0.01030135
0.01050591
0.01266146
0.01471329
0.01301384
0.01200390
0.01452494
0.01400852
0.01349735
0.01400900
0.01332545
0.01202369
0.01500893
0.01205349
0.01338601
0.01302195
0.01200247
0.01100874
0.01001143
0.01451707
0.01599288
0.01699829
0.01201701
0.01600671
0.01400495
0.02900314
0.01327872
0.01299930
0.01350093
0.01199985
0.01399922
0.01350355
0.01700592
0.01200032
0.01299930
0.01400018
0.01399469
0.01299453
0.01600218
0.01099992
0.01200032
0.01699948
0.01700091
0.01400375
0.01550269
0.01399994
0.01400113
0.01299882
0.01300287
0.01324964
0.01399970
0.01800489
0.01200008
0.01300168
0.01250577
0.01410460
0.01300001
0.01648426
0.01199985
0.01538801
0.02100015
0.01200867
0.01299453
0.02500200
0.01549721
0.01399922
0.02500033
0.01299906
0.01301503
0.01226592
0.01399994
0.01299238
0.02600026
0.01400995
0.01350570
0.02300024
0.01199985
0.01099968
0.01199985
0.01400208
0.01199460
0.01200008
0.01800013
0.01600051
0.01250052
0.01200008
0.01399994
0.01199937
0.01300073
0.01450467
0.01299334
0.02799988
0.01700091
0.01200104
0.02350211
0.01700139
0.01299930
0.01400065
0.01200747
0.01149774
0.00899982
0.01100969
0.01300311
0.01028514
0.01307011
0.01213145
0.01351118
0.01100159
0.01107407
0.01500106
0.01049638
0.00998926
0.01401782
0.00951672
0.01400018
0.01099992
0.02099967
0.01099968
0.01400661
0.01300168
0.01200032
0.01300430
0.01200032
0.00924158
0.01200414
0.01050282
0.00760913
0.00899982
0.00999761
0.01102853
0.01200056
0.01050353
0.00908303
0.01051116
0.01099992
0.01026940
0.00947714
0.01001573
0.00957441
0.01050448
0.01100183
0.00925398
0.00900054
0.01200938
0.01000905
0.01132607
0.01199675
0.00900221
0.01201510
0.01552248
0.00899076
0.01399255
0.01400685
0.01400828
0.01601243
0.01515484
