0.00699782
0.01500463
0.01700711
0.01853943
0.01399970
0.01599908
0.01700711
0.01601553
0.01505876
0.01499939
0.01700020
0.01800036
0.01599360
0.01808977
0.01723862
0.01699996
0.01599264
0.01846576
0.01900625
0.01700020
0.01400018
0.01999927
0.01444125
0.01394105
0.01199889
0.01300073
0.01500845
0.01399589
0.01250267
0.01700163
0.01389217
0.02699137
0.01309133
0.01445317
0.01399112
0.01100016
0.01391673
0.01400042
0.02300191
0.01310015
0.01299810
0.01399159
0.01910281
0.01401210
0.01453638
0.01600003
0.01400185
0.01488996
0.01299143
0.02100229
0.01309085
0.01300049
0.01398945
0.01200080
0.01200819
0.01300669
0.01250243
0.01809359
0.01190042
0.01899886
0.01500154
0.01349783
0.01700044
0.01300502
0.01399875
0.01300097
0.01200128
0.01353025
0.01215363
0.02899170
0.01600623
0.01290846
0.01407719
0.01299930
0.01299977
0.01300883
0.01000071
0.01500034
0.02051616
0.01400042
0.01399970
0.01399922
0.01300025
0.01500273
0.01324058
0.01299381
0.01499987
0.01600194
0.01500869
0.01266003
0.01500630
0.01499963
0.01299167
0.01215792
0.01301599
0.01352906
0.01300120
0.01604033
0.01400828
0.01500082
0.01499391
0.01750398
0.01700020
0.01398897
0.01699972
0.01402783
0.01547289
0.01399493
0.01500106
0.01200485
0.01399469
0.01500154
0.01450539
0.01399970
0.01399541
0.01800084
0.01400518
0.01449704
0.01199937
0.01500034
0.01399517
0.02699471
0.01910162
0.01350713
0.02172995
0.01300526
0.01500320
0.01750350
0.01495886
0.01499963
0.02899528
0.01801634
0.01451159
0.02199984
0.01600528
0.01500082
0.01600194
0.01551008
0.01400089
0.01499510
0.02000141
0.01519966
0.01450372
0.01800013
0.01300430
0.01299500
0.01399970
0.01400590
0.01599407
0.02499485
0.01500607
0.01499939
0.01400208
0.01600051
0.01600504
0.01399446
0.01500082
0.01600695
0.01400137
0.01300025
0.01300001
0.01399899
0.02511740
0.01706219
0.01400089
0.02600050
0.01600051
0.01300550
0.02249980
0.01300454
0.01299930
0.01300025
0.01300240
0.01251435
0.01345325
0.01300001
0.01200056
0.01200032
0.01200032
0.01352096
0.01099157
0.01900005
0.01499701
0.02611041
0.01651073
0.01300025
0.01299977
0.01400304
0.01299787
0.01301479
0.01250482
0.01399899
0.01499128
0.01500797
0.01399207
0.01701570
0.01435018
0.01599145
0.01550436
0.01599908
0.01950312
0.01299787
0.01399946
0.01299977
0.01200080
0.01308823
0.01350307
0.01208782
0.01200032
0.01400733
0.01099992
0.01100922
0.01200724
0.00977039
0.01035547
0.00899267
0.01000810
0.01299953
0.01299977
0.01304746
0.01203680
0.01415873
0.01299572
0.01299953
0.01200056
0.01201344
0.01304913
0.01723051
0.01200652
0.01300716
0.01499987
0.01609397
0.01653624
0.01499319
0.01601481
0.02201343
0.01552987
0.01606011
0.01399422
0.01407051
0.01500201
0.01649976
0.02968550
0.01499987
0.01397538
0.01400089
0.01350474
0.01300025
0.02499104
0.01196671
0.01401448
0.01351333
0.01100063
0.01600075
0.01400018
0.01299882
0.01200080
0.01100564
0.01351523
0.01199508
0.01500201
0.01200318
0.01299691
0.02550387
0.01199865
0.01399517
0.02800059
0.01200676
0.01351619
0.01399994
0.01200032
0.01400447
0.01300645
0.01854849
0.01299977
0.01199460
0.02100086
0.01400304
0.01399446
0.01299977
0.01500535
0.01400042
0.02455044
0.01940012
0.01415491
0.01499987
0.01200080
0.01300192
0.01399517
0.02849936
0.01282382
0.01399517
0.02500010
0.01301503
0.01252317
0.01199985
0.01200080
0.01500463
0.01303935
0.02550030
0.01283741
0.01299477
0.02563548
0.01300478
0.01400542
0.02799487
0.01301408
0.01260471
0.01299953
0.01600194
0.01399899
0.01699424
0.01600075
0.01499748
0.01554227
0.01650405
0.01400447
0.01499391
0.01699471
0.01801372
0.01552105
0.02899957
0.01300430
0.01399517
0.01899648
0.01494408
0.01499534
0.01799965
0.01900482
0.01300907
0.01489711
0.01500273
0.01599979
0.01499963
0.01601529
0.01652193
0.01190281
0.01900196
0.02546048
0.01962018
0.01700473
0.01762843
0.01498985
0.01505518
0.01509047
0.01400733
0.01600146
0.01507688
0.01400399
0.01693988
0.01552081
0.01500082
0.01800013
0.01899576
0.01762795
0.01514101
0.01549006
0.01200080
0.01299834
0.01200104
0.00999784
0.01900220
0.01799726
0.01600313
0.01701570
0.01553106
0.01700759
0.01500082
0.01500010
0.01500034
0.01423430
0.01599908
0.01600003
0.01499963
0.01499963
0.01201653
0.01517200
0.01600766
0.01499987
0.01399922
0.01401496
0.01553702
0.01599932
0.01600599
0.01500034
0.01500082
0.01552105
0.01585817
0.01599932
0.01299906
0.01400757
0.01402330
0.01653457
0.01499915
0.01504302
0.01600051
0.01515007
0.01753688
0.01499104
0.01500106
0.01500392
0.01499963
0.01200104
0.01499915
0.01499891
0.01399779
0.01593018
0.01459932
0.01347399
0.01500010
0.01400137
0.01271462
0.01399827
0.01599741
0.01450253
0.01400566
0.01600051
0.01700044
0.01502371
0.01529360
0.01514292
0.01599908
0.01600695
0.01399922
0.01400685
0.01552963
0.01400280
0.01500082
0.01400113
0.01501441
0.01650810
0.01499987
0.01600814
0.01599336
0.01499987
0.01199079
0.01499319
0.01599932
0.01600099
0.01400876
0.01200962
0.01550317
0.01328611
0.01599836
0.01621938
0.01499987
0.01452565
0.01600146
0.01800013
0.01514053
0.01700020
0.01608491
0.01500010
0.01600051
0.01500010
0.01500678
0.01300049
0.01509714
0.01300025
0.01500416
0.01400399
0.01499271
0.01503992
0.01600862
0.01300836
0.01200891
0.01400042
0.01308322
0.01609063
0.01500010
0.01599193
0.01499987
0.01636124
