0.00203514
0.00650597
0.00499749
0.00601506
0.00500154
0.00706720
0.00650930
0.00989985
0.00700355
0.01151156
0.00670838
0.00601101
0.01000786
0.00900936
0.00900793
0.00747538
0.00653839
0.00701475
0.00799990
0.00800800
0.00700951
0.01037407
0.01100779
0.01102138
0.01150894
0.00799942
0.00770926
0.00619817
0.01000118
0.01100039
0.01000071
0.00799990
0.01099730
0.01034641
0.01100087
0.00899935
0.01499367
0.00599933
0.00700521
0.00700688
0.00800490
0.00800920
0.01100278
0.00702119
0.01099181
0.01100779
0.01201510
0.01099277
0.00901055
0.00999951
0.01100516
0.01101160
0.00900769
0.00700665
0.00800586
0.00650954
0.00699997
0.00800276
0.00701070
0.00663638
0.00653315
0.01000023
0.00901103
0.01000452
0.00808144
0.00651670
0.00692677
0.00617933
0.00600171
0.00566506
0.00701094
0.00867939
0.00599051
0.00600433
0.00900841
0.00899267
0.00701404
0.01100826
0.01199341
0.02300215
0.01100111
0.00899363
0.00699210
0.00799799
0.00800633
0.00900149
0.00799847
0.00900865
0.00848770
0.00900793
0.00899839
0.00710988
0.00654554
0.00700855
0.01000786
0.00801277
0.00700283
0.00713968
0.00800753
0.00714350
0.00718021
0.00600290
0.00514746
0.00704503
0.00888777
0.00999618
0.00701141
0.00704169
0.00640583
0.00701022
0.00852036
0.00701070
0.01200747
0.00800896
0.00800848
0.00711060
0.00600791
0.00700355
0.00999904
0.00701666
0.00699234
0.01050758
0.00592017
0.00655580
0.00800872
0.01000023
0.01099968
0.00700855
0.01132393
0.00900388
0.00851560
0.01100755
0.00899863
0.00599980
0.01201177
0.01199889
0.00601196
0.00492859
0.00600410
0.00499225
0.00701737
0.00599957
0.00700808
0.00600743
0.00524473
0.00601101
0.00750637
0.00509524
0.00781846
0.00799942
0.00600266
0.00749445
0.00649261
0.00704074
0.00898981
0.00821066
0.00699902
0.00699973
0.00701118
0.00600052
