0.00600076
0.00804591
0.00938010
0.00901055
0.00799036
0.01000595
0.00999188
0.00759530
0.00901079
0.00801063
0.01053047
0.00945377
0.00999284
0.01200652
0.01106310
0.01368880
0.01300383
0.01318669
0.01299095
0.01299286
0.00700521
0.00999880
0.00638151
0.00600886
0.00599241
0.00700951
0.00751877
0.00700021
0.00900960
0.00700307
0.00800323
0.01001525
0.00699925
0.00679755
0.00700784
0.01002288
0.00800014
0.00853062
0.00999999
0.00800276
0.01000023
0.00851798
0.00999212
0.01000619
0.01001167
0.00650764
0.01000619
0.00803232
0.01399946
0.00999880
0.00899982
0.01018596
0.00900483
0.00851035
0.00800562
0.00999856
0.01299930
0.01499081
0.00899196
0.00800014
0.00800610
0.00850034
0.00799990
0.00699282
0.00899148
0.00742745
0.00623083
0.00600815
0.00900102
0.00700116
0.01100445
0.00951433
0.01199865
0.01000500
0.01000381
0.01000047
0.00939465
0.00833035
0.00899792
0.00739026
0.01000118
0.00934482
0.00799942
0.00814319
0.01000071
0.00999999
0.00900555
0.00800681
0.00800467
0.00800204
0.00900388
0.00999975
0.00661230
0.00639129
0.00899935
0.00600004
0.00600004
0.00650620
0.00818539
0.00465965
0.00551343
0.00500011
0.00989985
0.00899959
0.00923562
0.00600386
0.00871611
0.00800824
0.01301837
0.00926256
0.00999999
0.00799298
0.00999904
0.00900030
0.01199222
0.00799942
0.00800872
0.00951123
0.01100016
0.00899982
0.00900722
0.00800252
0.00999451
0.00701165
0.00700808
0.00751495
0.00802994
0.00599456
0.01101112
0.00751281
0.00751114
0.00800967
0.01300001
0.00651073
0.00600076
0.00700688
0.00700259
0.00650644
0.00600100
0.00799966
0.00700331
0.00732684
0.00700545
0.00900722
0.00901079
0.00823689
0.00799298
0.00763035
0.00600004
0.00600195
0.00600243
0.00599098
0.00600195
0.00700235
0.01001167
0.01198983
0.00800967
0.00601673
0.00527930
0.00638723
0.00600123
0.00900030
0.01013708
0.00746012
0.00700831
0.00600243
0.00601101
0.00600529
0.00601339
0.00700092
0.00553417
0.00601101
0.00900006
0.00899887
0.00999141
0.00650764
0.00600076
0.00500107
0.01101255
0.00800824
0.00699639
0.01000142
0.01349711
0.01000047
0.00999951
0.00801110
0.00700283
0.00900865
0.00699902
0.00751376
0.00499940
0.00800443
0.01000381
0.01398849
0.00599980
0.01098943
0.00499964
0.00600410
0.00800848
0.00653076
0.00613213
0.00700068
0.00602221
0.00601339
0.00699997
0.00540733
0.00569010
0.00551248
0.00500154
0.00600266
0.00622582
0.00800037
0.00937319
0.00650644
0.00653768
0.00601101
0.00700045
0.00600886
0.00702739
0.00700212
0.00772047
0.00601149
0.00900578
0.00599003
0.00551343
0.01000142
0.00550747
0.00806737
0.00700784
0.00998950
0.00899148
0.00900650
0.00802493
0.00650811
0.01200390
0.00849557
0.00499821
0.00450206
0.00599051
0.00800037
0.00600052
0.00701094
0.00525236
0.00802040
0.00500131
0.00813913
0.00500584
0.00700212
0.00700998
0.00600815
0.00500393
0.00599909
0.00501180
0.00700021
0.00599909
0.00799990
0.00600100
0.00650215
0.00950217
0.00499105
0.00499988
0.00602078
0.00499988
0.00705957
0.00601959
0.00899553
0.01014638
0.01099682
0.00700331
0.01100206
0.00813913
0.00600958
0.00901079
0.00721717
0.00701165
0.00800753
0.00700188
0.00544333
0.00700688
0.00500131
0.00499082
0.00501013
0.00600886
0.00799775
0.00900865
0.00649142
0.00600314
0.00700784
0.00600100
0.00500250
0.00802183
0.01107025
0.01400089
0.00605440
0.00700307
0.00598741
0.01099277
0.01100850
0.00811696
0.00951791
0.00701070
0.01200581
0.00800848
0.00700450
0.01299953
0.00799274
0.00707388
0.00817108
0.00701165
0.00645542
0.00710201
0.00562739
0.00801563
0.00600982
0.01000762
0.00743222
0.00699949
0.00850677
0.00699234
0.00701475
0.00600195
0.00600743
0.01199698
0.01199746
0.00999880
0.01199937
0.01698995
0.01101112
0.00952530
0.00833225
0.01001239
0.00999951
0.01500010
0.03010559
0.01043320
0.01000881
0.00999999
0.00899982
0.00800848
0.00899148
0.02601171
0.00865626
0.00990844
0.01099014
0.02299953
0.00708795
0.01108599
0.00990534
0.00810790
0.00908709
0.00990582
0.00900030
0.00999928
0.01100016
0.00908279
0.00999951
0.01099038
0.00808525
0.00900960
0.00899696
0.00898695
0.01199985
0.00800109
0.01000834
0.00899959
0.00899148
0.00799131
0.01500010
0.00999212
0.00901413
0.01049709
0.00700021
0.01000857
0.00900054
0.00999165
0.02507305
0.01000023
0.01999903
0.01100063
0.00800872
0.00799012
0.00799847
0.00799847
0.00801039
0.00799990
0.00752568
0.00799155
0.00800562
0.00695682
0.00799751
0.00793481
0.00793862
0.00600982
0.00965595
0.00702119
0.00603247
0.00700593
0.00600696
0.00800133
0.00700593
0.00713921
0.00600338
0.00999999
0.01099348
0.01099968
0.01101136
0.00800586
0.00700164
0.00999880
0.00801039
0.00699973
0.00730562
0.01200342
0.00950456
0.01999807
0.01900101
0.00999928
0.00799942
0.00899839
0.01000381
0.00809216
0.00999975
0.00899935
0.00799918
0.00799942
0.00899982
0.00699878
0.01301503
0.00999069
0.00588131
0.00699997
0.00916338
0.00900817
0.00728989
0.00707507
