0.00599933
0.00700831
0.00623989
0.01100039
0.00703335
0.00700140
0.00650144
0.00699949
0.00699997
0.00643325
0.00500035
0.00500011
0.00750470
0.00699949
0.00800014
0.00700140
0.00899148
0.00899434
0.00901031
0.00836515
0.00699997
0.01300669
0.00999808
0.00799823
0.00906277
0.00699973
0.00933599
0.00905037
0.00892830
0.00699949
0.00999260
0.00800610
0.00702167
0.00648856
0.00551772
0.00800896
0.00699973
0.00953078
0.00599957
0.00566006
0.00598550
0.00500751
0.00500011
0.00699091
0.00918102
0.01099992
0.01199937
0.00600004
0.00699878
0.00600767
0.00701141
0.00538850
0.00599980
0.00854492
0.00799870
0.00615144
0.00699949
0.00499058
0.00800872
0.00702024
0.00999093
0.00701737
0.01051760
0.01000977
0.00700021
0.00500917
0.00999928
0.00600314
0.00568509
0.00800228
0.00600719
0.00753856
0.00500035
0.00649762
0.00600195
0.00700021
0.00599360
0.00499225
0.00513673
0.00899935
0.01001382
0.00879931
0.01099944
0.00700736
0.00788760
0.00799012
0.00499964
0.00609064
0.00643158
0.00600839
0.00550365
0.00700879
0.00799680
0.00600147
0.00729704
0.00580740
0.00699878
0.01050711
0.01002002
0.01351905
0.00800729
0.00659323
0.00900006
0.00600052
0.00699949
0.00599980
0.00796056
0.00899220
0.00999999
0.00999284
0.00799036
0.00999451
0.02800202
0.00712633
0.00801015
0.00800061
0.02200055
0.00868845
0.00800133
0.01850271
0.00799870
0.00754380
0.00869823
0.00799894
0.00800014
0.00900197
0.00850868
0.00699997
0.00799942
0.01299882
0.00900030
0.00800014
0.00699306
0.00850320
0.00800037
0.00799966
0.00900054
0.00950480
0.01100016
0.00900030
0.00700116
0.00799870
0.01299787
0.00700021
0.00800157
0.02199936
0.01300073
0.00899887
0.02169466
0.01400208
0.01001072
0.00901127
0.00950336
0.00799918
0.01000071
0.00899982
0.01000118
0.01000476
0.01011205
0.00708652
0.00799108
0.00898695
0.00916743
0.02002263
0.00897980
0.01200056
0.01152849
0.00999856
0.00900483
0.01000452
0.01000023
0.00699973
0.00900793
0.00599170
0.00800920
0.00944710
0.01399994
0.01135015
0.01000810
0.00960708
0.00999951
0.01200175
0.01308513
0.01214790
0.01045513
0.01028943
0.00799990
0.01219463
0.01299691
0.01330853
0.03600240
0.01109886
0.01147938
0.02299929
0.00999975
0.01099944
0.02000046
0.01000333
0.00899982
0.00900030
0.02604628
0.01000190
0.00999951
0.01299906
0.01300144
0.00899220
0.01099992
0.01999998
0.01172090
0.01000023
0.00999117
0.01499987
0.01000166
0.00901389
0.02050328
0.01309371
0.01299930
0.02699137
0.01405430
0.01352739
0.01200008
0.01504803
0.01296782
0.01200032
0.01475215
0.01299262
0.01299834
0.01199937
0.01296377
0.01249433
0.01300097
0.01391602
0.01399088
0.01500988
0.01400399
0.02299094
0.01900196
0.01464224
0.01350284
0.01400495
0.01314354
0.02599978
0.01804757
0.01551795
0.02600050
0.01500034
0.01399207
0.02035999
0.01299214
0.03100014
0.01391053
0.01350451
0.01400042
0.01491094
0.01399851
0.01910710
0.01291227
0.02800226
0.01257086
0.01300335
0.01450205
0.01600838
0.01500010
0.02299976
0.01410246
0.01452494
0.01599979
0.01808858
0.01490808
0.01600003
0.01619744
0.01500559
0.01299930
0.01700091
0.01392651
0.01341128
0.01808572
0.01600027
0.01600027
0.01554728
0.01505065
0.01799989
0.01709938
0.01397610
0.02250385
0.01766181
0.01491117
0.01999998
0.01601624
0.01600981
0.01600885
0.01700830
0.01700878
0.01700664
0.01800776
0.01337290
0.01300049
0.01300788
0.01500154
0.02209878
0.01699352
0.01899076
0.01700759
0.01599932
0.01708484
0.02001405
0.01299787
0.01010561
0.01368117
0.01382852
0.01399040
0.01399660
0.02000856
0.01401114
0.01130509
0.01200008
0.01255822
0.02000546
0.01599860
0.01622438
0.01202393
0.01700807
0.01899314
0.02000308
0.01600695
0.01350427
0.01707840
0.01404238
0.01604033
0.01851797
0.01699162
0.01700068
0.01801133
0.02070022
0.01701164
0.02291942
0.01608992
0.02101135
0.01625371
0.01999187
0.02199936
0.01799941
0.01551247
0.01499963
0.01399946
0.01500010
0.01400161
0.01899958
0.01599979
0.01599979
0.01500034
0.01650238
0.01799917
0.02300119
0.01464820
0.01500201
0.01450491
0.01600051
0.02400088
0.01499987
0.01599598
0.02100587
0.01599932
0.01399970
0.02050495
0.01499295
0.01600051
0.01500893
0.01700068
0.02850342
0.01699996
0.03600097
0.01700139
0.01799989
0.02400851
0.01799321
0.01912689
0.01756501
0.02100086
0.01900029
0.02051401
0.01700068
0.01799560
0.03500199
0.01712799
0.03499985
0.01799941
0.01700115
0.01999998
0.01900005
0.01800013
0.02001286
0.02000022
0.02300048
0.01700091
0.02406430
0.01899981
0.02400017
0.02600026
0.02850604
