0.00900078
0.01199222
0.01099968
0.01199865
0.01024318
0.01201963
0.00983024
0.01101112
0.01200485
0.01101327
0.01408911
0.01200628
0.01200819
0.01601338
0.01413226
0.01047516
0.01199341
0.01299858
0.01002121
0.01105738
0.01115012
0.01101065
0.01098990
0.01008248
0.01091146
0.01099896
0.00999451
0.01066399
0.01000690
0.00900769
0.00899959
0.00900245
0.00854969
0.00799847
0.00949979
0.01007271
0.01096582
0.01020670
0.01000023
0.00928783
0.01001549
0.00756145
0.00801039
0.00800705
0.00995111
0.00924563
0.00800180
0.00801086
0.00900054
0.00900221
0.00959778
0.01000667
0.01000762
0.01100564
0.00899315
0.01200223
0.00901055
0.00845170
0.01072502
0.01000094
0.00848198
0.00800252
0.00841045
0.00906181
0.00701022
0.00905347
0.00899792
0.00900054
0.00800681
0.00800729
0.00901055
0.00911593
0.00947714
0.00899076
0.00999928
0.00999117
0.00900078
0.00900650
0.00899982
0.00799251
0.00901604
