0.00700021
0.00771427
0.00899100
0.00800896
0.01112652
0.01125932
0.01100421
0.01099825
0.00900149
0.01000786
0.00941801
0.00900292
0.01000237
0.01000404
0.00749731
0.00801015
0.00900269
0.00900054
0.00898957
0.00899243
0.00800014
0.00918484
0.00933027
0.00980592
0.00928688
0.01309705
0.01091957
0.00901151
0.00729728
0.00804663
0.00800538
0.01009631
0.00925159
0.00900984
0.00691080
0.01049995
0.01233935
0.00900865
0.00899863
0.00900149
0.00900817
0.01100111
0.01002240
0.00850940
0.01144481
0.01016998
0.00858116
0.00900006
0.01501274
0.01300621
0.01362634
0.01591778
0.01431441
0.01400137
0.01279497
0.00863290
0.01101089
0.01299119
0.01399994
0.01299906
0.01399302
0.01200104
0.01400781
0.01359844
0.01509047
0.01398897
0.01300144
0.01550531
0.01300406
0.01171732
0.01120424
0.00800061
0.00753760
0.01200080
0.01054358
0.00945210
0.00999737
0.01499462
0.01551557
0.01299453
0.01250911
0.01168132
0.01416016
0.01199961
0.01299453
0.01311898
0.01201415
0.01985002
0.01499987
0.01011467
0.01028943
0.01212382
0.01199293
0.01000214
0.01000547
0.01000762
0.00938034
0.01337504
0.01000500
0.01199913
0.01199889
0.01100707
0.01109028
0.01000023
0.01200032
0.01199198
0.00846696
0.00799751
0.00857997
0.00799608
0.01099610
0.01104784
0.01300716
0.01004124
0.01161838
0.01100850
0.01099920
0.00900722
0.01251698
0.01000190
0.01199174
0.01072574
0.00903726
0.00951481
0.00800824
0.00906301
0.01100087
0.01199913
0.01341677
0.01099920
0.00901556
0.01127148
0.01200819
0.01000786
0.00800180
0.00900173
0.01000023
0.01000214
0.01150513
0.01300740
0.01299953
0.01199937
0.01099944
0.01102161
0.00955606
0.00999498
0.00900769
0.00999975
0.00986981
0.01100779
0.00950933
0.00750828
0.00801539
0.00972342
0.01100111
0.01033688
0.01000690
0.01099348
0.01001048
0.01107693
0.01299214
0.01199889
0.01101589
0.01200628
0.00925517
0.01025152
0.00934672
0.00999856
0.01100707
0.00939417
0.01000309
0.00892711
0.00955081
0.00999808
0.00948453
0.01031399
0.00925183
0.01003289
0.01009297
0.00948930
0.00899744
0.01400638
0.00900531
0.01399779
0.00900197
0.00899982
0.00899959
0.01099968
0.01200008
0.01100874
0.01000237
0.00900602
0.00834131
0.00904846
0.00800157
0.00900412
0.01100087
0.00898767
0.00993419
0.00901365
0.00852942
0.00900698
0.01156616
0.01242661
0.01100731
0.01100683
0.00977278
0.00899673
0.00991654
0.00823379
0.00999260
0.01000071
0.01001525
0.01130772
0.01000667
0.01100135
0.01048017
0.01014853
0.00900984
0.00746393
0.00800776
0.01046944
0.00999975
0.01200032
0.01100540
0.01100588
0.01000690
0.01046991
0.00892234
0.00900078
0.00856042
0.00800180
0.00800014
0.01000023
0.01119041
0.00999999
0.00999999
0.01100707
0.01000476
0.01100922
0.01001334
0.00999999
0.01201153
0.00899911
0.00900841
0.00828457
0.00901008
0.01051235
0.01101875
0.00999212
0.01000714
0.00932121
0.00990820
0.00939941
0.00899792
0.00799179
0.00890589
0.00900793
0.00799990
0.00790691
0.00999951
0.00800371
0.00734901
0.00853539
0.00900817
0.00801063
0.00993919
0.00902033
0.01099920
0.00900364
0.00699139
0.00800014
0.00807714
0.00699997
0.01100063
0.00800228
0.00900102
0.00745893
0.00727963
0.00751305
0.00800848
0.00736451
0.00800896
0.00906110
0.01100421
0.00900269
0.00700068
0.01450944
0.01000762
0.00798178
0.00901079
0.01100087
0.01003838
0.01100397
0.00828934
0.01127839
0.00900698
0.00800014
0.01100898
0.00659013
0.00599861
0.00708103
0.00799203
0.00750852
0.00801110
0.00801206
0.00800800
0.00700045
0.00800753
0.01043844
0.00900006
0.01101112
0.00900793
0.00727534
0.00700855
0.00699925
0.00700760
0.00700045
0.00999093
0.00693965
0.00800109
0.00852656
0.00724006
0.00801420
0.00999546
0.01000857
0.00942039
0.00699973
0.00800753
0.00901628
0.00685310
0.00800180
0.00999069
0.00899935
0.00618649
0.00600052
0.00732708
0.00599766
0.00702405
0.00699925
0.00550389
0.00949740
0.00900912
0.00672960
0.00899911
0.00800061
0.00900030
0.00936055
0.00855017
0.00799131
0.00600004
0.00526857
0.00998235
0.00601006
0.00799918
0.00900912
0.00698829
0.00900054
0.00698614
0.00600195
0.00599933
0.01500821
0.01099920
0.00799751
0.00699449
0.00753355
0.00717020
0.00612664
0.00806785
0.00642228
0.00701189
0.00595927
0.00871682
0.00909948
0.00729322
0.00800776
0.01100731
0.00800300
0.00699949
0.00600028
0.00800729
0.00600076
0.00700617
0.00908661
0.00801182
0.00650144
0.00701928
0.00800633
0.00636339
0.00599980
0.00849533
0.00800848
