0.00699949
0.00748420
0.00750208
0.00631022
0.00598860
0.00714231
0.00600886
0.00666547
0.00600195
0.00843120
0.00700116
0.01000047
0.00800467
0.01049471
0.00900722
0.00800633
0.00670028
0.00700712
0.00899911
0.00700235
0.00700617
0.00901031
0.00975704
0.00803351
0.01001120
0.00901437
0.00999999
0.00699186
0.01099181
0.00999570
0.00700879
0.00552535
0.00700212
0.01000786
0.01001072
0.00699902
0.00700021
0.00700045
0.01099539
0.00902963
0.01099992
0.00599980
0.00850725
0.00599885
0.00801301
0.00800872
0.00700879
0.00900483
0.00800753
0.00694132
0.00699878
0.00711036
0.00700045
0.00783563
0.00600028
0.00599885
0.00699973
0.00600886
0.00600004
0.00800848
0.01023650
0.00700068
0.00698709
0.00900769
0.00899887
0.00700784
0.00699019
0.00599074
0.00727868
0.00700355
0.00611591
0.00601125
0.00600100
0.00601077
0.00900054
0.00700140
0.00679350
0.01000357
0.00900722
0.00700045
0.01153517
0.00799394
0.00799966
0.00700974
0.00700140
0.00899863
0.00999022
0.01099777
0.00899935
0.00800061
0.00540614
0.00699902
0.00899768
0.00601077
0.00800848
0.00700855
0.01000094
0.00702310
0.00549078
0.00830054
0.00800920
0.00900912
0.00636840
0.00901532
0.00806785
0.00886154
0.00950670
0.00899911
0.00899291
0.01028252
0.00800371
0.00699997
0.00600815
0.00701237
0.00700879
0.00552058
0.00600243
0.00508142
0.00800872
0.00494146
0.00600910
0.00500178
0.00600982
0.00750709
0.00500441
0.00700402
0.00599170
0.00608683
0.00601029
0.00600004
0.00499988
0.00700140
0.00701523
0.00700212
0.00600266
0.00601053
0.00699902
0.00540185
0.00800323
0.00599933
0.00800967
0.00900745
0.01000071
0.00700760
0.00901008
0.00699997
0.00900650
0.00599742
0.00592732
0.00495362
0.00651193
0.00600076
0.00551701
0.00600028
0.00500035
0.00600147
0.00751305
0.00500274
0.00940251
0.00499153
0.00875926
0.00851822
0.01000023
0.00700068
0.00599957
0.00830889
0.01099253
0.00899076
0.00798297
0.00752974
0.00900102
0.00800037
0.00800037
0.00698996
0.00799799
