0.00499368
0.01004314
0.01001072
0.00900984
0.00737667
0.01000261
0.00899625
0.00799918
0.00700879
0.00765634
0.00700188
0.00799990
0.00999117
0.00700569
0.00795341
0.00799775
0.00700784
0.00949359
0.01799107
0.01000214
0.00699759
0.00800633
0.00808954
0.00691175
0.00800943
0.00500083
0.00800157
0.00599241
0.01100945
0.01099205
0.00901151
0.01000857
0.00719070
0.00598931
0.00572443
0.00599718
0.00599742
0.00600910
0.00599289
0.00600743
0.00699997
0.00598955
0.00800061
0.00754142
0.00599837
0.00703883
0.00562310
0.00499916
0.00501513
0.00601387
0.00829673
0.00600910
0.00800037
0.00998783
0.00500488
0.00500035
0.00450563
0.00607896
0.00584245
0.01000810
0.00572562
0.00500941
0.00541544
0.00500703
0.00600076
0.00900102
0.00601029
0.00602984
0.00513816
0.00608778
0.00501871
0.00599957
0.00600886
0.00646853
0.00901031
0.00614166
0.00700355
0.00700641
0.00500059
0.00701046
0.00507426
0.00490618
0.00602341
0.00699806
0.00999308
0.00599909
0.00600195
0.00599933
0.00700879
0.01000237
0.00799322
0.00900722
0.00799322
0.00699759
0.00800681
0.00800133
0.00700045
0.00798941
0.00701380
0.00901771
0.00699973
0.00600958
0.00899196
0.00801063
0.00700760
0.00500035
0.00845718
0.00600100
0.00900793
0.00900722
0.00951338
0.00699949
0.00599861
0.01099682
0.00800085
0.00800610
0.00801492
0.01050329
0.00900245
0.00651693
0.00701666
0.00901008
0.00999999
0.00605178
0.00599766
0.00501919
0.00850248
0.00601053
0.00600028
0.00604272
0.00499892
0.00799990
0.00699925
0.00999880
0.01100492
0.01000500
0.01151681
0.00800729
0.00799108
0.00700760
0.00800848
0.00800824
0.01101613
0.00951958
0.00699878
0.00499010
0.00599885
0.00701666
0.00599146
0.00611258
0.00600171
0.00500011
0.00799918
0.00697994
0.00600410
0.00899482
0.00901175
0.00699973
0.00598860
0.00699973
0.00899935
0.01000118
0.00800157
0.00699973
0.00799513
0.00700045
0.01899934
0.00800014
0.00800514
0.00800037
0.00699997
0.00700164
0.00827575
0.00500011
0.00699997
0.00600982
0.00999999
0.00701594
0.00799537
0.00800252
0.00651050
0.00691390
0.00700188
0.00600481
0.00699878
0.00700879
0.00799942
0.00799870
0.00700855
0.00501180
0.00699759
0.00699186
0.00799179
0.00899744
0.00600076
0.00799298
0.00952935
0.00902081
0.00800800
0.00799990
0.00650382
0.00600028
0.00701642
0.00899196
0.00500894
0.00799751
0.00546789
0.00601196
0.00601363
0.00533867
0.00550795
0.00616384
0.00550961
0.00699997
0.00600290
0.00600171
0.00499797
0.00600910
0.01200080
0.00500011
0.01001048
0.00639510
0.00600004
0.00600004
0.00600576
0.00701094
0.00600052
0.00600052
0.00600123
0.00463891
0.00799561
0.00737762
0.00500011
0.01524878
0.00801229
0.00600052
0.00600290
0.00500083
0.00500178
0.00451279
0.00899982
0.00700068
0.00501609
0.00851274
0.00500846
0.00499892
0.00600863
0.00588107
0.00700021
0.00551081
0.00600934
0.00500154
0.00498939
0.00521541
0.00594497
0.00801277
0.00650859
0.00665975
0.00500894
0.00782871
0.00617456
0.00993657
0.00623584
0.00600672
0.00700235
0.00501919
0.00544810
0.00599766
0.00517154
0.00550604
0.00700283
0.00599837
0.00557661
0.00499988
0.00700092
0.00601006
0.00604510
0.00900650
0.00498724
0.00500131
0.00601625
0.00529075
0.00566435
0.00600886
0.00702572
0.00596762
0.00801396
0.00500059
0.00499868
0.00600934
0.00699878
0.00800109
0.00899982
0.00646996
0.01001239
0.00599575
0.00500178
0.00500345
0.00500870
0.00600910
0.00897813
0.00601792
0.00747561
0.00502110
0.00699949
0.00700164
0.00735569
0.00601387
0.00672340
0.00800896
0.00712633
0.00499868
0.00600886
0.00800657
0.00500965
0.00550318
0.00800848
0.00700855
0.00600791
0.00900841
0.00539660
0.00700808
0.00900841
0.00600815
0.00600934
0.00600600
0.00600314
0.00500822
0.00499940
0.00499988
0.00399947
0.00499940
0.00500154
0.00500989
0.00599957
0.00491047
0.00467658
0.00554132
0.00500798
0.00801134
0.00535846
0.00503302
0.00600076
0.00799990
0.00799179
0.00999808
0.00900102
0.00700831
0.00738072
0.00750756
0.02250171
0.00600529
0.00800490
0.00699806
0.00800538
0.00702071
0.00599313
0.00551224
0.00500774
0.00599933
0.00662446
0.00500846
0.00499988
0.00600314
0.00505877
0.00500131
0.00499821
0.00600791
0.00600505
0.00500250
0.00537634
0.00601125
0.00601029
0.00899100
0.01065469
0.00699258
