0.00200176
0.00700188
0.00601101
0.00549626
0.00550866
0.00625420
0.00700855
0.00528908
0.00600886
0.00700498
0.00499964
0.01001763
0.00600863
0.00529361
0.00503516
0.00570226
0.00500989
0.00550389
0.00899124
0.00899053
0.00527930
0.00990200
0.00600338
0.00748467
0.00700021
0.01001096
0.00999784
0.00699949
0.00701046
0.00650907
0.00800967
0.00800800
0.00601244
0.00601029
0.00601697
0.00500202
0.00500917
0.00602078
0.00513101
0.00551367
0.00499964
0.00600195
0.00399065
0.00799990
0.00500822
0.00800133
0.00700212
0.00600171
0.00502110
0.00600863
0.01006651
0.00731969
0.00690651
0.00799990
0.00600052
0.01312137
0.01200151
0.01899266
0.01302171
0.00810122
0.00899839
0.00700116
0.02999997
0.00700879
0.01099157
0.00701356
0.00700021
0.01008844
0.00799894
0.00799370
0.00699949
0.00800824
0.00699043
0.00800824
0.00700808
0.00700092
0.00700927
0.00680804
0.00799775
0.00800014
0.00699162
0.00699306
0.00700045
0.00599146
0.00700760
0.00699186
0.00799322
0.00600004
0.00650263
0.00800061
0.00900292
0.00853252
0.00799108
0.00801206
0.00899148
0.00900412
0.00799966
0.01100445
0.00800014
0.00900054
0.00899339
0.00800943
0.01110721
0.00909066
0.00692081
0.00942564
0.00900555
0.00699925
0.01000881
0.01000023
0.00600100
0.00900197
0.00601149
0.00701070
0.00923276
0.00546074
0.00700068
0.00688052
0.00600100
0.00603533
0.00600195
0.01001024
0.00700974
0.00800443
0.00997949
0.00600386
0.00701046
0.00800848
0.00721526
0.00600743
0.00500989
0.00801063
0.00600243
0.00550580
0.00624704
0.00801587
0.00499082
0.00573421
0.00700879
0.01200795
0.00950789
0.00550652
0.00801015
0.00800180
0.00650620
0.00499964
0.00900149
0.02067423
0.00999928
0.00799966
0.00998688
0.00900102
0.00900126
0.01000023
0.00899982
0.01016545
0.00729871
0.00699973
0.00623798
0.00699258
0.00941801
0.00700021
0.00901031
0.01000214
0.00659227
0.01051712
0.00701809
0.01200056
0.00602484
0.00708413
0.01100087
0.00700283
0.00700235
0.00701356
0.00709033
0.00701618
0.01060247
0.01101613
0.00900006
0.00900817
0.00899935
0.00700974
0.00800586
0.00900054
0.00752759
0.00999331
0.00899076
0.00848484
0.00700212
0.00600910
0.00707150
0.00600147
0.00599885
0.01002407
0.00915098
0.00700331
0.00718307
0.01000118
0.00601029
0.00633311
0.00801134
0.01100016
0.00900793
0.00801063
0.01362014
0.00710964
0.00646591
0.00703931
0.00900793
0.01210046
0.01100731
0.00599861
0.00500417
0.00580406
0.00705338
0.00500178
0.00600863
0.00800228
0.00540304
0.00700974
0.01099658
0.00851250
0.00601077
0.00650644
0.00550604
0.00500154
0.00853014
0.00500202
0.00600314
0.00601125
0.00799894
0.00800800
0.00618148
0.00999999
0.02700210
0.00709581
0.00700855
0.00899196
0.00699997
0.01899958
0.01000023
0.00895333
0.00799179
0.00752616
0.00800061
0.00901055
0.00700951
0.00800037
0.00899124
0.00899959
0.00900865
0.01001310
0.00858164
0.00839114
0.00946140
0.00842357
0.00801039
0.00800800
0.00800800
0.00599957
0.00600958
0.00800419
0.00851035
0.00800419
0.00692296
0.00700188
0.00699806
0.00700760
0.00805426
0.00917530
0.00600100
0.00803709
0.00735784
0.00599837
0.00635242
0.00601006
0.00800824
0.00599122
0.00622606
0.00548649
0.00700021
0.00708652
0.00648165
0.00600505
0.00653839
0.00652194
0.01099968
0.00800037
0.00549531
0.00838137
0.00899220
0.00700450
0.00647187
0.00650740
0.00602412
0.01001072
0.00553608
0.00600266
0.00800824
0.00700998
0.00602865
0.00799727
0.00525951
0.00600100
0.00850987
0.00599885
0.00501490
0.01249766
0.00998902
0.00809717
0.00901151
0.00652552
0.00751209
0.00899959
0.00601006
0.00748086
0.00700355
0.00815535
0.00603938
0.00700188
0.00701237
0.00577974
0.00500178
0.00504327
0.00700879
0.00676060
0.00600457
0.00718689
0.00500512
0.00500202
0.00531793
0.00500965
0.00600076
0.00616097
0.00563073
0.00500917
0.00550628
0.00600958
0.00699973
0.00800014
0.00701022
0.00999427
0.00700450
0.00852084
0.00568461
0.01000023
0.00701046
0.00600505
0.00601149
0.00588751
0.00800633
0.00600314
0.00710511
0.00701141
0.00875568
0.00758386
0.00600243
0.00801039
0.00601220
0.00613356
0.00600004
0.00649643
0.00503087
0.00600290
0.00600243
0.00729799
0.00555944
0.00711250
0.00646448
0.00450540
0.00500226
0.00500011
0.00450349
0.00443244
0.00501037
0.00500083
0.00501609
0.00521398
0.00550079
0.01001859
0.00607371
0.00625420
0.00647616
0.00650787
0.00499916
0.00700402
0.00508428
0.00801492
0.01199532
0.01000214
0.00600529
0.00904298
0.00900006
0.00550985
0.00600743
0.00900722
0.00931597
0.00900245
0.00600815
0.00499773
0.00601077
0.00704432
0.00700426
0.00500417
0.00593209
0.00701237
0.00800824
0.00700736
0.00600815
0.00499964
0.00699186
0.00600600
0.00500035
0.00501084
0.00600386
0.00653505
0.00900388
0.00699949
0.00724506
0.00600028
0.01201010
0.00600433
0.00600791
0.00800657
0.00900126
0.00751162
0.00650716
0.00601077
0.00599909
0.00755191
0.01100063
0.00700188
0.00638032
0.00701261
0.00451040
0.00500512
0.00500083
0.00500679
0.00550652
0.00630713
0.00602174
0.00600195
0.00652194
0.00599003
0.00548720
0.00549746
0.00800920
0.00601244
0.00500250
0.00600362
0.00600004
0.00715780
0.00800943
0.00651264
0.00699735
0.00801086
0.00438905
0.00600410
0.00600815
0.00567508
0.00732613
0.00644517
0.00701165
0.00601435
0.00550532
0.00526619
0.00451994
0.00600171
0.00700712
0.00610089
0.01007748
0.00800276
0.00699997
0.00749803
0.00700259
0.00709438
0.00650620
0.01000452
0.00572228
0.00600028
0.00800180
0.00899720
0.00701022
0.00876927
0.01100016
0.00600171
0.01050735
0.00899982
0.01000023
0.00699949
0.00699973
0.00700045
0.00700188
0.00700045
0.00650239
0.00800037
0.00699997
0.00700474
0.00800633
0.00700617
0.00700855
0.00799465
0.00700021
0.00646186
0.00812721
0.00699902
0.00900006
0.00856805
0.00699925
0.00699973
0.00700474
0.00799966
0.00700021
0.00800014
0.00730324
0.00525284
0.00500035
0.00602055
0.00499940
0.00551391
0.00610971
0.01098967
0.01101136
0.00928044
0.00999570
0.01053524
0.00600529
0.00623107
0.00700665
0.00500011
0.00699949
0.00600958
0.00601315
0.00599813
0.00700450
0.00600243
0.00600195
0.00854588
0.00900245
0.00646925
0.00703025
0.00499988
0.00645351
0.00799131
0.00898361
0.00612330
0.00900984
0.00799465
0.00610161
0.00599980
0.00600076
0.00900698
0.00900006
0.00600767
0.00699878
0.00600100
0.00602221
0.00550938
0.00508881
0.00601220
0.00500298
0.00464082
0.00601101
0.00499988
0.00550008
0.00500846
0.00501347
0.00651670
0.00498796
0.00530100
0.00500226
0.00899577
0.00501037
0.00600195
0.00699949
0.00752616
0.01000714
0.00799799
0.00699258
0.00899935
0.00899982
0.00600052
0.00699878
0.00608945
0.00650573
0.00627875
0.00600338
0.00527549
0.01199126
0.00700164
0.01001239
0.01099277
0.00603914
0.00701213
0.00700378
0.00999904
0.01000047
0.00801206
0.00713015
0.00900078
0.00725245
0.00600266
0.00620270
0.00500584
0.00700164
0.00506353
0.00700259
0.00799179
0.00660396
0.00600457
0.00799823
0.00550818
0.00700760
0.00799966
0.00483441
0.00602531
0.00500607
0.00550389
0.01000571
0.00500226
0.00600767
0.00702786
0.01099825
0.01000357
0.00846028
0.00801182
0.00600982
0.00499129
0.00601268
0.00541139
0.00600147
0.00852132
0.00600982
0.00945544
0.00999308
0.01099849
0.00902414
0.00951934
0.01300335
0.00583816
0.00500226
0.00602555
0.00800824
0.00799704
0.00800753
0.00699830
0.00726080
0.00800085
0.00499940
0.00700855
0.00713873
0.00800133
0.00999999
0.02699971
0.00900221
0.00953126
0.00799990
0.00800014
0.01599932
0.00799990
0.00699973
0.00799394
0.00899959
0.00699997
0.00751662
0.00633144
0.00599957
0.00700045
0.00601363
0.00540113
0.00500631
0.00450349
0.00500298
0.00500202
0.01000857
0.00900722
0.00651073
0.00652266
0.00800943
0.00601602
0.00600743
0.00498104
0.00700808
0.00701261
0.00800061
0.00800371
0.00600171
0.00503135
0.00637507
0.00503111
0.00901055
0.00600362
0.00599885
0.00799990
0.00641489
0.00498271
0.00502872
0.00501251
0.00601077
0.00500631
0.00600600
0.00600648
0.00551653
0.01099920
0.00700951
0.00600839
0.00800753
0.00699949
0.00700331
0.00800252
0.00649571
0.01707220
0.00608110
0.00500035
0.00500202
0.00650930
0.00500178
0.00600791
0.01200151
0.00914264
0.00638223
0.00599980
0.00803852
0.00809455
0.00500250
0.00600195
0.00597620
0.00600004
0.00500107
0.00448513
0.00600481
0.00900555
0.00559187
0.00500202
0.00500274
0.00500298
0.00604749
0.00450468
0.00704360
0.00799990
0.00600386
0.00850534
0.00552011
0.00499916
0.00500035
0.00600195
0.00600266
0.00700927
0.00500250
0.00956655
0.00500941
0.00500751
0.00500560
0.00630474
0.00500703
0.00770283
0.00601196
0.00700974
0.00500631
0.00700569
0.00634289
0.00700283
0.00499964
0.00600958
0.00557661
0.00774455
0.00500727
0.00589323
0.00535035
0.00709534
0.00499034
0.00853038
0.00607324
0.00599957
0.00600696
0.00700498
0.00602126
0.00599122
0.00500751
0.00500035
0.00601029
0.00500083
0.01300597
0.00899887
0.00802541
0.01000142
0.01000190
0.01300073
0.00601101
0.00599980
0.00809526
0.00600076
0.00700450
0.00600648
0.00495315
0.00530314
0.00600219
0.00899839
0.01253796
0.00599241
0.00599933
0.00701308
0.01299024
0.00700092
0.00644112
0.00599957
0.00801110
0.01134920
0.00553179
0.00899792
0.00900578
0.00706792
0.00599957
0.00600410
0.00600266
0.00514197
0.00600791
0.00600362
0.00599265
0.00715852
0.01199937
0.00899100
0.01099277
0.00899959
0.00900936
0.00700545
0.00632167
0.00700831
0.00650334
0.00646830
0.00700760
0.00701261
0.00599647
0.00500202
0.00500298
0.00599980
0.00800824
0.00700831
0.00538898
0.00510001
0.00533724
0.00399947
0.00552773
0.00899935
0.00600815
0.00500751
0.00701046
0.00598979
0.00700068
0.00500274
0.00800180
0.00999188
0.00803018
0.00448537
0.00553060
0.00605631
0.00599933
0.00600147
0.00799966
0.00502086
0.00500011
0.00594115
0.00600648
0.00700283
0.00601959
0.00800133
0.00551319
0.00599742
0.00500083
0.00599694
0.01000786
0.00900865
0.00699973
0.00600457
0.00604463
0.00600433
0.00500631
0.00600171
0.00500393
0.00601172
0.00500250
0.00600076
0.00602245
0.00536251
0.00600243
0.00735474
0.00499988
0.00645113
0.00600052
0.00500655
0.00700235
0.00719833
0.00500178
0.00600433
0.00600410
0.00409317
0.01000261
0.00900006
0.00783563
0.00899196
0.00752592
0.00699735
0.00718045
0.00628805
0.00699663
0.00652742
0.00700283
0.00700498
0.00800085
0.00799179
0.00500298
0.00599885
0.00676250
0.00671053
0.00499821
0.00600958
0.00999999
0.00620365
0.00600028
0.00700712
0.00900769
0.00600362
0.01091814
0.00702000
0.00953245
0.01000619
0.00907016
0.00699353
0.01197743
0.00900674
0.00700045
0.00600958
0.00901508
0.00650907
0.01099157
0.00801873
0.00701690
0.01000905
0.02800131
0.01101089
0.00851250
0.00699854
0.01999879
0.00700116
0.00700212
