0.00199938
0.00560713
0.00901008
0.00499082
0.00599098
0.00500154
0.00500202
0.00599122
0.00700808
0.00500345
0.00700188
0.00899196
0.00928426
0.00751781
0.00700307
0.00853395
0.00599098
0.00651288
0.00800276
0.00800061
0.00800323
0.00600195
0.00901198
0.00600839
0.00952458
0.00799942
0.00600004
0.00700092
0.01099563
0.00501227
0.00465536
0.00762725
0.00799990
0.00600338
0.01100945
0.01000214
0.00601172
0.00699949
0.00895762
0.00601053
0.00499988
0.00550556
0.00520086
0.00500011
0.00591230
0.00900126
0.00684571
0.00648093
0.00499940
0.00601101
0.01099563
0.00808263
0.00700307
0.01000023
0.00999808
0.01039648
0.00550938
0.00800753
0.00948405
0.00700355
0.00614309
0.00550628
0.00529218
0.00699997
0.00711799
0.00600076
0.00899696
0.00600052
0.00799823
0.00552177
0.00601101
0.00800061
0.00500202
0.00600433
0.00600028
0.00600958
0.00600100
0.00601435
0.00701141
0.00650978
0.01406693
0.00699282
0.00801373
0.01099896
0.00600076
0.00541806
0.00699949
0.00700760
0.00600839
0.00600529
0.00600910
0.00675321
0.00599813
0.00999928
0.00802016
0.00601053
0.00750589
0.00499988
0.00900602
0.00639963
0.00601387
0.00801301
0.00724721
0.01100636
0.00705719
0.00701141
0.00540829
0.00700736
0.00600100
0.00646162
0.00500226
0.00525522
0.00500154
0.00549912
0.00963187
0.00799894
0.00801206
0.01000905
0.00700116
0.00900292
0.01001072
0.00922942
0.00820875
0.00697470
0.00900555
0.01323605
0.00798869
0.00600982
0.00619483
0.00601292
0.00900650
0.00640655
0.00601387
0.00612259
0.00604725
0.00603843
0.00599718
0.00508070
0.00552797
0.00699997
0.00422311
0.00600052
0.00699830
0.00600934
0.00799918
0.00853658
0.00953674
0.01000834
0.00799012
0.00933409
0.00799990
0.00700974
0.00700927
0.00699806
0.00699091
0.00701094
0.00752497
0.00800824
0.00499988
0.00499964
0.01100063
0.00699925
0.00700045
0.00700331
0.00717449
0.00600576
0.00672889
0.00600600
0.00630021
0.00600481
0.00899959
0.00800800
0.00647879
0.00511765
0.00600028
0.00808907
0.00501156
0.00746989
0.00501108
0.00707746
0.00450516
0.00538254
0.00559306
0.00600195
0.00901031
0.00651717
0.00600910
0.00713110
0.00601220
0.00601387
0.00500011
0.00764155
0.00650716
0.00600767
0.01199150
0.01199341
0.01101017
0.00800800
0.00804329
0.00601220
0.00851560
0.00585938
0.00707984
0.00599551
0.00899315
0.00612688
0.00600839
0.00709391
0.00600743
0.00900483
0.01201367
0.00603342
0.00699949
0.00899053
0.00630307
0.00595450
0.00699854
0.00800729
0.00609374
0.00800538
0.00801182
0.00869703
0.00900602
0.00800133
0.00998974
0.00700426
0.00800204
0.00600410
0.00652719
0.01000929
0.00700903
0.00944972
0.00887895
0.00800753
0.00953221
0.00900769
0.00700855
0.00799894
0.01242042
0.00900078
0.00796604
0.00699997
0.00742197
0.01898885
0.01091170
0.00703645
0.00799060
0.00653505
0.01999784
0.00700068
0.00808716
0.00801325
0.00690818
0.00694156
0.00700092
0.00926232
0.00699925
0.00695539
0.00700021
0.01100206
0.00700736
0.00799990
0.00701737
0.00699973
0.00700045
0.00900841
0.00899959
0.00799203
0.01899981
0.01206398
0.00795221
0.00800014
0.00699234
0.00999808
0.00900126
0.00801611
0.00700021
0.00701404
0.00600123
0.00750709
0.00909257
0.00700688
0.00799346
0.00899982
0.01100326
0.00900793
0.00701475
0.00852227
0.00899982
0.00699878
0.00900364
0.00799489
0.00799108
0.00899911
0.01100087
0.00850558
0.00899148
0.00800085
0.02000141
0.01409602
0.00791669
0.00799370
0.00800037
0.01950264
0.00709152
0.00794768
0.00800896
0.02199960
0.01100254
0.00796366
0.00852036
0.00899220
0.00800037
0.01000190
0.00700831
0.00800014
0.00800014
0.02050424
0.01000047
0.02299976
0.01200104
0.00800347
0.00899959
0.00899935
0.00800037
0.00928068
0.00900722
0.00700831
0.00899792
0.01000929
0.01001048
0.00899959
0.01100135
0.00901055
0.00800657
0.00606465
0.00599980
0.00700045
0.01401162
0.00700164
0.00801969
0.00598788
0.00802970
0.00999975
0.00758123
0.00701022
0.00700259
0.01100111
0.00808501
0.00700831
0.01104403
0.00801229
0.00602722
0.00779748
0.00550580
0.00699735
0.00699997
0.00700974
0.00499630
0.00750494
0.00699687
0.00799966
0.00791860
0.00601292
0.00600958
0.00700927
0.00687885
0.00700331
0.00599885
0.00700903
0.00600147
0.00700259
0.01013279
0.00800633
0.00755453
0.01000452
0.00799894
0.00800467
0.00799894
0.00703287
0.00999880
0.00900769
0.00899887
0.00776029
0.00730586
0.00800586
0.00650597
0.00540900
0.00600576
0.00724006
0.00701141
0.00501370
0.00601339
0.00699902
0.00550771
0.01200819
0.00792885
0.00601172
0.01317859
0.01000261
0.00853896
0.00748634
0.00999928
0.00701880
0.00598860
0.00699902
0.00800920
0.00600648
0.00599885
0.00636244
0.00560284
0.00700188
0.00472188
0.00600791
0.00599027
0.00500154
0.00550699
0.00701070
0.00700188
0.00999975
0.01050901
0.00718164
0.00699711
0.00572848
0.00600171
0.00900841
0.00918770
0.00800562
0.00751042
0.00805092
0.00701237
0.00699306
0.01022029
0.01100063
0.00798750
0.01200914
0.01001287
0.00899005
0.00800014
0.00701094
0.00901055
0.00800920
0.00699806
0.00800204
0.00600934
0.00599957
0.00600076
0.00701833
0.00903988
0.00701213
0.00767636
0.00800776
0.00600815
0.00699997
0.00700855
0.00999045
0.00700021
0.00599194
0.00745797
0.00950718
0.00699997
0.01100779
0.00800753
0.00599861
0.00945115
0.00699973
0.00701475
0.00950885
0.00600100
0.00601339
0.00599980
0.00801086
0.00700307
0.00741839
0.00600076
0.00600219
0.00698972
0.00600171
0.00600147
0.00599980
0.00600266
0.00600958
0.00637126
0.00500083
0.00500202
0.00503469
0.00600314
0.00638676
0.00696182
0.00639439
0.00598860
0.00799942
0.00696492
0.00730848
0.00600815
0.00679469
0.00801325
0.00725031
0.00800729
0.00999904
0.01000619
0.00699925
0.00550723
0.00700331
0.00622606
0.00653672
0.00500059
0.00500083
0.00554299
0.00608897
0.00500202
0.00550056
0.00599122
0.00800729
0.00600052
0.01013517
0.00901532
0.00702572
0.00903034
0.00699973
0.00900769
0.00899959
0.00800681
0.01000547
0.00599885
0.00600100
0.01000333
0.00692868
0.00600719
0.01200032
0.00699329
0.00704050
0.00650430
0.00600076
0.00600672
0.00725365
0.01127887
0.00999975
0.02200127
0.00700045
0.01000047
0.01000524
0.01000667
0.00900459
0.00799656
0.00850368
0.00899458
0.01000094
0.00698996
0.00799966
0.00899935
0.00804138
0.01065469
0.01050854
0.00711036
0.00599957
0.00503707
0.00703144
0.00600791
0.00600410
0.00600863
0.00600219
0.00500011
0.00601077
0.00599933
0.00701118
0.00631261
0.00600481
0.00600982
0.00600982
0.00744343
0.00600863
0.00700259
0.00599217
0.00637627
0.00601149
0.00711441
0.00500774
0.00733948
0.00601006
0.00600100
0.00700831
0.00700235
0.01000667
0.00800657
0.00903988
0.01000071
0.00699592
0.00652099
0.00609660
0.01299095
0.00700903
0.00850964
0.00999999
0.00800014
0.00617027
0.00706625
0.00700212
0.00752354
0.00600290
0.00500107
0.00599957
0.00500274
0.00600219
0.00701237
0.00600266
0.00564718
0.00550961
0.00600433
0.00599885
0.00918126
0.00600982
0.00711489
0.00600219
0.00800967
0.00534081
0.00701022
0.00701165
0.00568318
0.00515652
0.00999832
0.00801396
0.00650597
0.00561261
0.00600266
0.00800967
0.00809050
0.00600863
0.00700426
0.00700188
0.00695777
0.00700665
0.01104093
0.00951338
0.00699854
0.01099920
0.01600766
0.00600314
0.00740886
0.00700450
0.00700831
0.00600553
0.00600767
0.00641418
0.00700855
0.00602603
0.01039410
0.00681520
0.00600314
0.00755286
0.00600052
0.00800896
0.00801253
0.00900722
0.01051831
0.00648808
0.00599623
0.01200080
0.00900030
0.00808716
0.00899982
0.00800180
0.01051164
0.00800037
0.00800896
0.00800037
0.00900006
0.00799990
0.00900030
0.00800085
0.00700903
0.00749087
0.00699949
0.00700045
0.00899982
0.00799942
0.00699973
0.01000142
0.00750542
0.00816917
0.00899935
0.00799990
0.00799942
0.00800109
0.00699973
0.00800037
0.00900269
0.01650524
0.01299930
0.00799680
0.00899744
0.00800014
0.01099968
0.00700736
0.00949383
0.00900006
0.01099992
0.00800085
0.00800467
0.00799656
0.00800014
0.02200150
0.01050448
0.00700021
0.00800443
0.00800180
0.00900054
0.00899982
0.00799632
0.00899863
0.01950431
0.00999975
0.00800109
0.00799608
0.00700021
0.00900006
0.00800133
0.00900650
0.00851464
0.01299953
0.01000071
0.00799942
0.00900412
0.00899720
0.00900078
0.00700140
0.00701261
0.00850534
0.00600123
0.00599360
0.00799537
0.00545716
0.00700140
0.00500083
0.00546336
0.00600362
0.00500011
0.00700045
0.01100159
0.01150656
0.01099992
0.00700212
0.00899863
0.01099110
0.01200604
0.00850677
0.00799942
0.00699973
0.00601220
0.00546479
0.00701189
0.00699258
0.00752163
0.00598645
0.00612879
0.00699258
0.00800228
0.00650549
0.00998998
0.00700188
0.00899887
0.00899172
0.00599980
0.00700927
0.00940561
0.00950742
0.00500154
0.00914311
0.00801182
0.00600743
0.00700378
0.00550270
0.00600171
0.00600982
0.00600028
0.00851750
0.00774002
0.00801086
0.00901031
0.00706339
0.00700855
0.00800943
0.00729513
0.00600815
0.00900745
0.01199150
0.00586343
0.00601220
0.00600719
0.00797534
0.00801063
0.00700951
0.00602245
0.00600171
0.00801134
0.00600004
0.00800586
0.00922680
0.01000690
0.00971699
0.00700355
0.00701022
0.00800610
0.01099944
0.01699972
0.01200128
0.00801182
0.00949550
0.00800157
0.00900078
0.00700140
0.00800014
0.00800109
0.00799990
0.00836444
0.00750566
0.00800061
0.00799894
0.00799108
0.00800014
0.01000047
0.00800729
0.00800157
0.00699949
0.00800157
0.01100230
0.00901079
0.00900102
0.00799990
0.00800014
0.00900221
0.00950885
0.00799990
0.00699925
0.00799990
0.01100063
0.00800180
0.00799942
0.00900030
0.00800061
0.00899982
0.00900459
0.00800514
0.00700021
0.01899886
0.01100039
0.00800633
0.00850582
0.00799346
0.00999999
0.00899887
0.00800586
0.00799990
0.00801587
0.01250434
0.01215148
0.00699925
0.00900531
0.00800252
0.01900005
0.00999999
0.00800467
0.00800061
0.00849771
0.00699377
0.01200056
0.00799942
0.00900435
0.00699234
0.00800014
0.00800300
0.00699902
0.00750995
0.00800061
0.00799990
0.00799966
0.00799894
0.00900102
0.00800014
0.02650070
0.00800109
0.00800514
0.00699496
0.00800014
0.00699973
0.00600004
0.00800967
0.00601220
0.00602341
0.00600576
0.00599480
0.00700617
0.00599957
0.00650859
0.00599599
0.00619078
0.00600338
0.00700498
0.00600171
0.00825000
0.00600219
0.00853944
0.00760937
0.00900459
0.00700831
0.00701070
0.00600338
0.00601625
0.00599980
0.00999880
0.00900006
0.00601459
0.00504375
0.00529194
0.00499964
0.00499249
0.00700498
0.00600266
0.00549889
0.00599933
0.00599909
0.00700903
0.00522089
0.00700283
0.00500941
0.00899148
0.00544643
0.00601125
0.00600100
0.00999880
0.01499987
0.00500822
0.00903964
0.00601363
0.00605083
0.00600314
0.01055312
0.00601411
0.00500321
0.00601101
0.00676012
0.00800824
0.00800776
0.00800848
0.00701690
0.00701046
0.00600171
0.00699902
0.00596666
0.00599909
0.00500059
0.00600982
0.00600290
0.00499845
0.00501132
0.00538802
0.00598884
0.00499964
0.00742435
0.00600195
0.00651217
0.00500154
0.01302981
0.00500035
0.00551772
0.00600219
0.00537443
0.00700116
0.00599980
0.00900936
0.00600886
0.00600839
0.00601411
0.00701261
0.00548577
0.00500131
0.00600362
0.00500917
0.00999928
0.00599170
0.00493741
0.00500298
0.00799894
0.00514412
0.01101184
0.01100802
0.01000667
0.00742078
0.00600052
0.00601172
0.00600338
0.00700355
0.00499821
0.00548267
0.00600076
0.00800276
0.00600243
0.00800729
0.00599957
0.00501037
0.00600886
0.00700164
0.00900865
0.00599265
0.00600266
0.01000714
0.00535321
0.00700736
0.00817895
0.00633311
0.00598168
0.00500131
0.00600481
0.00551128
0.00700259
0.00601125
0.00900722
0.00621557
0.00599718
0.00599837
0.00600362
0.00990796
0.00799847
0.00900054
0.00672412
0.00599885
0.00600028
0.00799894
0.00601149
0.00650787
0.00905323
0.01022673
0.00706768
0.00699902
0.00600815
0.00700021
0.00599217
0.00600004
0.00713038
0.00600076
0.00601864
0.00501728
0.01000118
0.00599885
0.00500321
0.00582790
0.00600433
0.00499892
0.00700831
0.00700068
0.00900912
0.00700760
0.00683594
0.00600958
0.00914741
0.00499964
0.00530863
0.00500059
0.00399947
0.00399828
0.00398993
0.00499821
0.00598931
0.00699878
0.01000786
0.00599885
0.00500202
0.00400186
0.00515556
0.00500011
0.00500011
0.00399971
0.00800991
0.00428271
0.01000810
0.00899339
0.00600910
0.00500417
0.00600457
0.00802302
0.00608659
0.00574827
0.00555897
0.01167488
0.00795817
0.00653315
0.00549626
0.00999904
0.00999999
0.00900006
0.00701380
0.00851727
0.00699115
0.00699878
0.00700068
0.00799704
0.00700736
0.00600910
0.00900030
0.01201153
0.00699949
0.01007438
0.00600219
0.00600791
0.01099873
0.00600028
0.00700665
0.00700521
0.01000547
0.01219153
0.01142192
0.00831795
0.00600314
0.00499988
0.00600219
0.00800300
0.01200294
0.00700521
0.00600886
0.00501060
0.00900269
0.00600052
0.00600863
0.00699878
0.00700188
0.00745273
0.00700259
0.00600934
0.00601029
0.01098919
0.00600624
0.00600743
0.00623226
0.00599957
0.00666523
0.00499868
0.00600648
0.00642848
0.00601077
0.00900984
0.01252270
0.00701022
0.00501037
0.00950360
0.00701523
0.00800800
0.00500083
0.00799775
0.00603342
0.00665760
0.01101303
0.00710416
0.00499678
0.00699925
0.00651956
0.00801301
0.00500154
0.00719929
0.00516748
0.00511575
0.00500011
0.00501084
0.00801015
0.00820589
0.00534797
0.00600076
0.00701475
0.00641823
0.00600815
0.00801158
0.01100063
0.00631523
0.00599360
0.00700641
0.00704074
0.00600243
0.01200485
0.01250577
0.00900054
0.00900149
0.00600362
0.00600815
0.00599957
0.00600982
0.00500774
0.00500011
0.00599813
0.00895500
0.00656343
0.00601125
0.00500178
0.00600863
0.00550747
0.00800824
0.00500226
0.00570440
0.00700021
0.00700831
0.00699925
0.00501347
0.00800157
0.00651121
0.01000094
0.00698709
0.00695014
0.00899267
0.00744247
0.00504255
0.00792933
0.00600886
0.00701046
0.00601315
0.00699925
0.00900316
0.00700283
0.00895429
0.00699973
0.01800656
0.00699377
0.00699997
0.01151657
0.00598931
0.00600171
0.00609064
0.00509930
0.00600147
0.00699973
0.00701022
0.00800157
0.00667644
0.00901079
0.00600243
0.00810528
0.00801325
0.01100945
0.01301694
0.00800610
0.01099920
0.00699234
0.00700521
0.00550890
0.00550675
0.00599909
0.00800943
0.00507879
0.00519395
0.00600529
0.00600743
0.00600624
0.00500298
0.00599289
0.00527120
0.00600576
0.00900292
0.00601530
0.00688577
0.00701070
0.00999928
0.00900102
0.00811148
0.00609970
0.00600338
0.00600886
0.00701141
0.00600266
0.00599742
0.00600076
0.00701666
0.00600815
0.00699830
0.00801229
0.00599957
0.00732493
0.00500441
0.00499153
0.00702620
0.01053929
0.00700355
0.00800681
0.00907254
0.00800967
0.00600290
0.00651336
0.01000071
0.00718975
0.00600672
0.00700688
0.00972366
0.00700951
0.01100063
0.00627780
0.00599957
0.00742555
0.00901151
0.00699306
0.01286316
0.01305413
0.00799942
0.00806355
0.00600815
0.00699854
0.00700450
0.00645232
0.00600171
0.00600171
0.00701189
0.00651121
0.00605035
0.00600123
0.00700831
0.00635314
0.00600100
0.00708747
0.00608158
0.00600266
0.00701857
0.00600266
0.00603604
0.00600386
0.00982213
0.00550938
0.00700378
0.00800252
0.00601053
0.00900722
0.00599456
0.01000118
0.01900196
0.01099801
0.00601149
0.00900340
0.00649548
0.00900030
0.00900006
0.00899959
0.01000214
0.00751448
0.00699973
0.00800014
0.00699997
0.00700092
0.00900078
0.00800014
0.00699496
0.00800514
