0.01500177
0.01999927
0.01600122
0.02137733
0.01999998
0.01799750
0.01900125
0.01842666
0.02300000
0.01999855
0.01653862
0.01573062
0.01598263
0.01800203
0.02199197
0.01600337
0.01451993
0.01800632
0.01700187
0.02199936
0.00953078
0.00951743
0.01499987
0.01699972
0.01599932
0.01500988
0.01200962
0.01299119
0.01300621
0.01300931
0.01399660
0.01149702
0.01499891
0.01700163
0.01499748
0.01512051
0.01700711
0.01135683
0.01432085
0.01299858
0.01400185
0.01599956
0.01199961
0.01099992
0.02400112
0.01050782
0.01099873
0.01000786
0.01300073
0.01199412
0.01100111
0.01249576
0.01300025
0.01200676
0.01099992
0.01100039
0.01200294
0.01150870
0.02400017
0.01300001
0.01200056
0.01100302
0.01400042
0.01100421
0.02599978
0.01100016
0.01099968
0.02899981
0.01599860
0.01300049
0.01299405
0.01250386
0.00999856
0.01100063
0.01000071
0.00999928
0.01199555
0.01200271
0.01500988
0.01199937
0.01099253
0.01200271
0.01218987
0.01586223
0.01700020
0.01199937
0.01600146
0.01500058
0.01299453
0.02298999
0.01399922
0.01350760
0.01399970
0.01400018
0.01400018
0.01299953
0.01751995
0.01400137
0.01199985
0.01400018
0.01299429
0.01250172
0.01500058
0.02400064
0.01200485
0.01100397
0.01200032
0.01200151
0.01300836
0.01200318
0.01170182
0.01151061
0.01199937
0.01300025
0.01600051
0.01401210
0.01551652
0.01400018
0.01499939
0.01140094
0.01700020
0.01500058
0.01347923
0.01600909
0.01199126
0.01200008
0.01198864
0.01199293
0.01250958
0.01598644
0.01029062
0.01199913
0.01701093
0.01230526
0.01351166
0.01303840
0.01300049
0.01241922
0.01299691
0.01400995
0.01750755
0.01400542
0.01698780
0.01099706
0.01139855
0.01200414
0.01325417
0.01240897
0.01599884
0.01199198
0.01300049
0.01408887
0.01311421
0.01254749
0.01499629
0.01251769
0.01399970
0.01451850
0.01399946
0.01600885
0.01510906
0.01199150
0.01606941
0.01800966
0.01299047
0.01000619
0.01075697
0.00899625
0.00952411
0.01203823
0.01399136
0.01719928
0.01499987
0.01652741
0.01500082
0.01699996
0.01399899
0.01201463
0.01249814
0.01299000
0.01199031
0.01199079
0.01300263
0.01402330
0.01350856
0.01299763
0.03598952
0.01100206
0.01350856
0.01700544
0.01299453
0.01499963
0.01810074
0.01400471
0.01499701
0.01400137
0.01300097
0.02450657
0.01665235
0.01400638
0.01299977
0.01450396
0.01253939
0.01399970
0.01400757
0.01299977
0.02600098
0.01700091
0.01400018
0.01499987
0.01400566
0.01400185
0.01235795
0.01500010
0.01200557
0.01200342
0.01500988
0.01199532
0.01100087
0.01600051
0.01000714
0.01100183
0.01050282
0.01400709
0.01200390
0.01499343
0.01300097
0.01253009
0.01499319
0.01500654
0.01399946
0.02299404
0.01800418
0.01499343
0.02600002
0.01400423
0.01207423
0.01400661
0.01300621
0.01299357
0.01812768
0.01575112
0.02199984
0.01337314
0.02950549
0.01756287
0.01499414
0.01499939
0.01401281
0.01503539
0.01499987
0.01400423
0.01300025
0.01199365
0.01450586
0.01200032
0.02399373
0.01400614
0.01199722
0.01250148
0.01300073
0.02600169
0.01850986
0.01509857
0.01599979
0.01300025
0.01205397
0.01500034
0.01401567
0.01499176
0.01499104
0.01459408
0.01999831
0.01230288
0.01123285
0.01499939
0.01301003
0.01800084
0.01345086
0.01614523
0.01400065
0.01399970
0.01599979
0.01600957
0.01301575
0.01202703
0.01138616
0.01098943
0.01200199
0.01701212
0.01252127
0.01300001
0.01298475
0.01399207
0.01400685
0.01524425
0.01899219
0.01588440
0.01700044
0.01299214
0.01554799
0.00999951
0.01500010
0.01499963
0.01500368
0.01330423
0.01211977
0.01799703
0.01499128
0.01400137
0.01300383
0.01347065
0.01223135
0.01401019
0.01401234
0.01601529
0.01286197
0.01428437
0.01199031
0.01700187
0.01701164
0.01515913
0.01699948
0.01414418
0.01900816
0.01851177
0.01413822
0.01899862
0.01355076
0.01641774
0.01552558
0.01500010
0.01600456
0.01998878
0.01300979
0.01461577
0.01521015
0.03700233
0.01300001
0.01350474
0.01599884
0.01391053
0.01400113
0.01600122
0.01750779
0.01399469
0.02991414
0.01501489
0.02650380
0.01500034
0.01399946
0.01499915
0.01900339
0.01200533
0.02199912
0.01099992
0.01100516
0.01100135
0.01400113
0.01300025
0.01399183
0.01686382
0.01251602
0.01999950
0.01699972
