0.01248908
0.01000047
0.01099968
0.01050305
0.00900126
0.00899529
0.00899982
0.01100063
0.00799990
0.00800252
0.00850272
0.00799966
0.00699949
0.00900054
0.00899887
0.01300240
0.00950432
0.01100087
0.01100016
0.00999641
0.01000023
0.02450609
0.01000571
0.01000071
0.01199985
0.01000381
0.00850320
0.00900126
0.00800180
0.00800037
0.00899982
0.00900888
0.01100039
0.02300191
0.00900173
0.00700212
0.00800061
0.01300097
0.00799918
0.00800133
0.01950216
0.01200008
0.01000428
0.01000023
0.01299977
0.01400352
0.01150250
0.01000023
0.00901532
0.01100087
0.00999880
0.00900197
0.01250863
0.01201582
0.01050138
0.00799990
0.00900126
0.01200199
0.01050305
0.01399994
0.01100612
0.01199865
0.01099277
0.01101565
0.01253581
0.01398826
0.01400113
0.01213241
0.01161766
0.01452374
0.01499319
0.01300001
0.01300049
0.01499963
0.01300311
0.01400256
0.01099873
0.01500297
0.01799798
0.01200771
0.01200032
0.01199889
0.01299167
0.01300287
0.01351810
0.01622105
0.01000929
0.01743555
0.01199579
0.01400709
0.01551223
0.01399994
0.02699852
0.01400948
0.01001143
0.01052880
0.00999808
0.00900126
0.00990152
0.01099062
0.01400137
0.01050496
0.01100731
0.00999928
0.01400447
0.01291537
0.01110435
0.01200891
0.01201105
0.02298999
0.01401258
0.01301241
0.02199960
0.01501155
0.01400208
0.02351236
0.01401067
0.01200032
0.02599955
0.01212168
0.01108789
0.02600098
0.01194072
0.01099586
0.01400161
0.01451087
0.01299405
0.02600074
0.01100063
0.01201272
0.01099992
0.01900625
0.01299500
0.02350664
0.01150513
0.01299930
0.01299977
0.01300383
0.01122117
0.01003742
0.01250267
0.01300955
0.01300907
0.01400065
0.01299071
0.01501560
0.01001477
0.01300979
0.01002002
0.01150346
0.02956986
0.01550317
0.01499009
0.01499915
0.01500034
0.01402235
0.01500177
0.01411152
0.01505470
0.01601171
0.01800156
0.01400042
0.01214886
0.01799226
0.01414609
0.01526761
0.01751280
0.01337838
0.01500154
0.01630330
0.01501632
0.01264596
0.01100016
0.01410317
0.01799726
0.02100086
0.01819468
0.01500034
0.01400590
0.01500177
0.01500463
0.01599932
0.01301312
0.01700735
0.01919079
0.01605988
0.01701164
0.02100062
0.01300478
0.01401091
0.01599956
0.01798511
0.01199579
0.01200008
0.01143384
0.01399827
0.01899219
0.01900649
0.01400566
0.02900195
0.01299357
0.01499271
0.01828909
0.01400065
0.02600098
0.01299238
0.02750301
0.01600623
0.01399994
0.01499987
0.01335788
0.01520300
0.02199960
0.01200533
0.01299405
0.02750492
0.02199984
0.01301074
0.01400399
0.01299620
0.01252794
0.01400924
0.01399636
0.01299953
0.01399183
0.01300550
0.01106477
0.01598954
0.01300168
0.01299286
0.01754355
0.01552153
0.01300764
0.01500940
0.01600075
0.01701593
0.01518488
0.01400042
0.01399040
0.01399970
0.01700401
0.01203251
0.01552367
0.01551938
0.01399612
0.01300144
0.02350354
0.01299739
0.01500726
0.01350427
0.01751184
0.01502275
0.01246071
0.01100993
0.01200223
0.01250243
0.01933122
0.01404357
0.01900864
0.02100062
0.01851082
0.01600575
0.01600003
0.01499081
0.01802397
0.01651931
0.01594424
0.01803946
0.02001810
0.01806569
0.01709342
0.01599836
0.01699162
0.01800227
0.01706123
0.01700664
0.01700449
0.01853991
0.02051520
0.01900911
0.01600027
0.01701283
0.01605082
0.01800203
0.01500773
0.01600885
0.01402497
0.01405382
0.01599932
0.01499772
0.01299167
0.01252866
0.01999307
0.01830482
0.01799178
0.01600218
0.01548553
0.01700783
0.01799941
0.01900005
0.02200174
0.01599956
0.02900028
0.01550293
0.01499867
0.02600145
0.01500058
0.02450347
0.01400042
0.01500082
0.02099991
0.01700807
0.01500034
0.01600099
0.01499963
0.01400042
0.01550865
0.01400042
0.01400018
0.01400280
0.01208901
0.01350331
0.01300001
0.01499510
0.01599979
0.01600194
0.01599216
0.03200006
0.01500535
0.02650452
0.01699948
0.02599978
0.01400018
0.01399899
0.01635003
0.01599908
0.01600194
0.01599979
0.01425290
0.01379585
0.01480532
0.01649046
0.01700068
0.01700401
0.01800966
0.01500177
0.01400042
0.01325107
0.01200318
0.01550603
0.01400471
0.01498842
0.01599026
0.01700568
