0.00599790
0.02650023
0.01299930
0.01199317
0.02200127
0.01200032
0.01300478
0.01099944
0.01200199
0.01300073
0.01099873
0.01200080
0.01999974
0.01400161
0.01109552
0.01199937
0.01699996
0.01199985
0.01099968
0.01100016
0.02150559
0.01301122
0.01110768
0.01099968
0.01499915
0.01300073
0.01001263
0.01056576
0.01013565
0.01100039
0.00899911
0.01099920
0.01000023
0.01050425
0.01000834
0.01099992
0.00900030
0.01302266
0.01100421
0.01000142
0.01050472
0.01400018
0.01399899
0.01000023
0.01000047
0.01000166
0.00950909
0.00800014
0.00800562
0.00799584
0.01100492
0.00900126
0.00899887
0.01340389
0.00799990
0.01150322
0.02199960
0.01100039
0.00999951
0.01150990
0.01174974
0.01100898
0.01106572
0.01001024
0.00900054
0.00800180
0.00899029
0.00999093
0.01201344
0.00900745
0.00805306
0.00750518
0.00813818
0.00800681
0.00900960
0.00639343
0.00726962
0.01001191
0.00994849
0.01053691
0.00800109
0.00800014
0.00999928
0.00699973
0.01098967
0.00700068
0.00722480
0.00801301
0.00700784
0.00799847
0.01199913
0.01000762
0.01199150
0.00900102
0.00899935
0.01099968
0.00801444
0.00949669
0.00999188
0.00799870
0.00899029
0.00734806
0.00745153
0.00600004
0.00800157
0.00701118
0.01000237
0.00801182
0.01005602
0.00765228
0.00900769
0.00701737
0.01099920
0.00698829
0.00601268
0.01000309
0.00703359
0.01000357
0.01108289
0.00700998
0.01000857
0.00901127
0.00800157
0.00722289
0.00901222
0.00699902
0.00752091
0.00600863
0.00653577
0.00851035
0.00644588
0.00601125
0.00700378
0.00600886
0.00701213
0.00601029
0.01200294
0.00800419
0.00900078
0.00800347
0.00700712
0.00899887
0.00800252
0.00698972
0.00918055
0.01000071
0.00700974
0.01052308
0.01100683
0.01099348
0.00900841
0.00700378
0.00700021
0.00651526
0.00900626
0.01000094
0.01298928
0.01099992
0.00843072
0.00899959
0.00999236
0.01599312
0.01150346
0.00700068
0.00900912
0.00800753
0.00799131
0.00899935
0.01100063
0.00800967
0.00954294
0.00738907
0.00926089
0.01100063
0.00700283
0.00791192
0.00799179
0.01900148
0.00941348
0.00700927
0.00900722
0.00899172
0.02399111
0.00709367
0.00699902
0.00902152
0.00712395
0.01850224
0.00900006
0.00790548
0.00900006
0.00800872
0.01200652
0.00753140
0.00800085
0.00800014
0.00699973
0.00800061
0.00832272
0.00899816
0.00799155
0.01850271
0.01199865
0.00789571
0.00800824
0.00899839
0.01999974
0.00802302
0.00900245
0.00852132
0.00800014
0.01100063
0.00858569
0.00799942
0.00899506
0.01999664
0.01250625
0.00800467
0.00800490
0.00948286
0.02000189
0.01226902
0.00801373
0.00799441
0.02021170
0.00900006
0.00899458
0.00700331
0.00800133
0.01150298
0.00900197
0.00952244
0.00800014
0.00800085
0.01999998
0.00999999
0.00800037
0.00800109
0.00900412
0.01799059
0.01300001
0.00800180
0.00899911
0.00799918
0.00699973
0.00800014
0.00701427
0.00799918
0.00951052
0.00900006
0.01100039
0.00800490
0.00900459
0.01000047
0.00799942
0.00866365
0.00800490
0.00800562
0.00899553
0.00699997
0.00800014
0.00899959
0.00799632
0.00799513
0.01950431
0.00900078
0.00899935
0.00799298
0.01200104
0.00800467
0.00800490
