0.00509548
0.00999975
0.00799942
0.01199675
0.01400948
0.01499295
0.01350999
0.01199913
0.01299906
0.01227760
0.01199102
0.00900030
0.01500249
0.02018523
0.01301003
0.01299047
0.01002359
0.02700067
0.01610613
0.01700187
0.01500154
0.01300025
0.01300216
0.01091552
0.01000953
0.01500010
0.01500607
0.01251674
0.01475382
0.01553345
0.01800013
0.01397991
0.01599646
0.01301479
0.01100039
0.01208234
0.00950599
0.01100993
0.01800299
0.01300001
0.01700807
0.01614070
0.01600862
0.01801062
0.01600027
0.01199651
0.00951934
0.01044679
0.01499891
0.01599932
0.01898551
0.01438189
0.01580381
0.01601315
0.01400709
0.01362610
0.01500702
0.01100135
0.01451206
0.01900291
0.02299690
0.02000189
0.01501870
0.01586604
0.01999998
0.02000117
0.01700068
0.01997566
0.01929021
0.01653576
0.01724625
0.01641035
0.01348996
0.01651311
0.01517534
0.02201009
0.02199888
0.02205825
0.02000093
0.01865768
0.02842283
0.01778769
0.02140331
0.01999998
0.01613641
0.01600599
0.01852083
0.02300811
0.01894951
0.01929879
0.01881576
0.02027583
0.02100849
0.02100658
0.01804566
0.02600837
0.02502394
0.02000070
0.01945448
0.01800919
0.01902032
0.01700044
0.02152801
0.02499938
0.01900029
0.03199339
0.02148247
0.01999998
0.03499961
0.01799917
0.03071404
0.01699948
0.02799559
0.02113843
0.01799965
0.02499986
0.01599956
0.01900196
0.02199960
0.01899433
0.01600170
0.01954842
0.01751375
0.02200103
