0.00499415
0.00999975
0.01000214
0.01450419
0.01200509
0.01099849
0.01199985
0.01100469
0.01200223
0.01850247
0.01200032
0.01300025
0.01100039
0.02799678
0.00999999
0.01000333
0.02300024
0.01300073
0.01100063
0.01099896
0.01200151
0.01650453
0.01112270
0.01100564
0.01099324
0.01400042
0.01100230
0.01150346
0.01899981
0.01300025
0.01100230
0.01100135
0.01099968
0.00900078
0.01000452
0.01000476
0.02299905
0.01200008
0.01000071
0.00999475
0.00950241
0.01200151
0.00999975
0.00899577
0.00999546
0.01100373
0.01050282
0.01100421
0.02200031
0.01099992
0.00999951
0.00999975
0.01000595
0.01400089
0.01000452
0.01000023
0.01000237
0.01250362
0.00900269
0.01050377
0.01999998
0.01100039
0.01000261
0.01099515
0.00999928
0.01000047
0.01000071
0.01099968
0.01100016
0.01000023
0.01300120
0.02099991
0.01150489
0.01000023
0.01100063
0.00999784
0.00900006
0.00899458
0.01200509
0.01113534
0.01150036
0.01200008
0.00900006
0.01199150
0.00999784
0.01200056
0.00901484
0.00700068
0.00900936
0.00849628
0.00801444
0.00951433
0.00800014
0.00801134
0.01610970
0.01050615
0.00801206
0.01000857
0.00998998
0.00898838
0.01100111
0.00999308
0.01260996
0.00851679
0.00900316
0.00800276
0.00700974
0.00809908
0.00814867
0.00699973
0.01000190
0.00691009
0.00800180
0.00751615
0.00599909
0.00751996
0.00750852
0.00900292
0.00901008
0.00750613
0.01099920
0.01000190
0.00800228
0.00751567
0.01101446
0.01300025
0.00699997
0.00734878
0.00901198
0.00900865
0.01101112
0.00700092
0.00750613
0.00750804
0.00600219
0.00599980
0.00697613
0.00700212
0.00600171
0.00999141
0.00700259
0.00499058
0.00801229
0.00614357
0.00699973
0.00628829
0.00600123
0.00800157
0.00600076
0.00700760
0.00700402
0.00638294
0.00701094
0.00799990
0.00701714
0.00500870
0.00621796
0.00999999
0.00700021
0.00599837
0.00900698
0.00505733
0.00690389
0.00499845
0.00799751
0.00537419
0.00599170
0.00605679
0.00740743
0.00499916
0.00498939
0.00603127
0.00700021
0.00600910
0.00752163
0.00554776
0.00632906
0.00713778
0.00600815
0.00499082
0.00601006
0.00700808
0.00599957
0.00598741
0.00800252
0.00599957
0.00900054
0.00600958
0.00699997
0.00600219
0.00646400
0.00500989
0.00500011
0.00500417
0.00701523
0.00899982
0.00805545
0.00550747
0.00599933
0.00528407
0.00601149
0.00600243
0.00806570
0.00600648
0.00500035
0.00600290
0.01099205
0.00600743
0.00800037
0.00600886
0.01100850
0.01100874
0.00900865
0.00799704
0.00653315
0.00700021
0.00700021
0.00799966
0.00799918
0.00700712
0.00600100
0.00631976
0.00600910
0.00801373
0.00667715
0.00613618
0.00529504
0.00624490
0.00550866
0.00573158
0.00501585
0.00600100
0.00500011
0.00600386
0.00800848
0.00450444
0.00556135
0.00500035
0.00551963
0.00500154
0.00539994
0.00600243
0.00499988
0.00551748
0.00600982
0.00502396
0.00632477
0.00465393
0.00500178
0.00641227
0.00499225
0.00740528
0.00500560
0.00614023
0.00399899
0.00599051
0.00613689
0.00600338
0.00599933
0.00501060
0.00700307
0.00600839
0.00399947
0.00899887
0.00645661
0.00544834
0.00708508
0.00899959
0.00899935
0.00699902
0.00600958
0.01500750
0.00501227
0.00799990
0.00701070
0.00705409
0.00900054
0.01599765
0.01198936
0.00900745
0.00699902
0.00800395
0.00702095
0.00699854
0.00699139
0.00899768
0.01900005
0.01300097
0.00799990
0.00799298
0.00700998
0.00850129
0.00899982
0.00700927
0.00699973
0.00799966
0.00800562
0.00699329
0.00799441
0.00700212
0.00700021
0.01300049
0.00799680
0.00900054
0.00899959
0.00999928
0.00800228
0.00599933
0.00751019
0.00700450
0.00799918
0.00900030
0.00700021
0.00900435
0.00700617
0.00699353
0.00800109
0.00850320
0.00800657
0.00599384
0.00799799
0.00800037
0.00998664
0.00700045
0.00700569
0.00749922
0.01900029
0.01000690
0.00783134
0.00800037
0.00799799
0.02000189
0.00700569
0.00599980
0.00700021
0.00699902
0.01099992
0.00700474
0.00599360
0.00699997
0.00850749
0.00700021
0.00699973
0.00700045
0.00799918
0.00700831
0.00600028
0.01100445
0.00699878
0.00712085
0.00700212
0.00799942
0.01300001
0.00699925
0.02099419
0.00900006
0.00700235
0.00800538
0.00700068
0.00499988
0.00699973
0.00900030
0.00800014
0.00699258
0.00700712
0.00699997
0.00752044
0.01800013
0.01199865
0.00800776
0.01100659
0.00999498
0.01000190
0.00801229
0.00895834
0.00501943
0.00400043
0.00641561
0.00558376
0.00504923
0.00508118
0.00599480
0.00600004
0.00600028
0.00501657
0.00499988
0.00465512
0.00500202
0.00600839
0.00500274
0.00554967
0.00600028
0.00600028
0.00499964
0.00612712
0.00500417
0.00513744
0.00500059
0.00500178
0.00443935
0.00501060
0.00600266
0.00600386
0.00500178
0.00799870
0.00600147
0.00400019
0.00519872
0.00800967
0.00614214
0.00598979
0.00500083
0.00500011
0.00601387
0.00511932
0.00552487
0.00704312
0.00700784
0.01099062
0.00798988
0.00601554
0.00600243
0.00705600
0.00599051
0.00500345
0.00599456
0.01048231
0.01100254
0.00901151
0.01118612
0.01347542
0.00599790
0.01001430
0.00951600
0.00699139
0.00600886
0.00600767
0.00899911
0.02799940
0.00999808
0.00701165
0.00751734
0.00799990
0.00799894
0.01099825
0.00700378
0.00700235
0.00622344
0.01964688
0.01050401
0.00699925
0.00699973
0.00600004
0.00599980
0.00900054
0.00699973
0.00699949
0.00700021
0.02050495
0.01000071
0.00800371
0.00700307
0.00599885
0.01900005
0.00699377
0.00699925
0.00899935
0.00700116
0.01799941
0.01000071
0.00699997
0.00800252
0.00800014
0.01950431
0.01200032
0.00800467
0.00799847
0.00999880
0.00900054
0.00900054
0.00800681
0.00750661
0.02199984
0.01000071
0.00699997
0.00799465
0.00799918
0.01000142
0.00850940
0.00699878
0.00800490
0.00699449
0.00699997
0.00999975
0.01200056
0.00899768
0.00800347
0.00799990
0.02299380
0.00800037
0.00699997
0.00800037
0.02100015
0.00900292
0.00651622
0.00799990
0.00699949
0.01999998
0.01199961
0.00799966
0.00804043
0.00699377
0.00800014
0.00799847
0.00699925
0.00799966
0.00800037
0.00799966
0.00800037
0.00900698
0.00700164
0.00852561
0.00799942
0.01100016
0.00800347
0.00799966
0.00702429
0.02013016
0.01250410
0.00699735
0.00799394
0.00700331
0.00800061
0.00799966
0.00900269
0.01150250
0.00799918
0.01200175
0.00700521
0.00800610
0.00800014
0.00900006
0.00800085
0.01100111
0.00800228
0.00799561
0.00699973
0.00900006
0.00799966
0.00800538
0.00800085
0.02150464
0.01000023
0.00699973
0.00900602
0.00899482
0.00800014
0.00800490
0.00800681
0.00750661
0.00800204
0.01150441
0.00800014
0.00900030
0.00799918
0.02100110
0.00900507
0.00799918
0.01000047
