0.00699401
0.00800109
0.00800085
0.00752831
0.01300764
0.00600624
0.00634146
0.00600052
0.00599790
0.00700021
0.00800562
0.01101112
0.00700378
0.00607300
0.00630164
0.00540948
0.00499964
0.00572276
0.00601149
0.00565743
0.00600696
0.00950456
0.02000117
0.01103020
0.00900674
0.00999904
0.01099896
0.00799394
0.00900912
0.00999999
0.00700068
0.00799060
0.00850606
0.00600028
0.00749779
0.00700212
0.00703120
0.00700307
0.01000047
0.01093984
0.01000214
0.00700021
0.01051688
0.00801325
0.00700188
0.00700855
0.00898767
0.00901127
0.00600028
0.00700665
0.00630045
0.00701380
0.00853300
0.00851989
0.01050520
0.00709987
0.00800300
0.00899959
0.00590873
0.00700665
0.00635004
0.00545692
0.00601077
0.00550294
0.00600815
0.00900912
0.00706267
0.00715852
0.00600171
0.00800109
0.00601196
0.00801063
0.00701094
0.01014757
0.00600028
0.00535178
0.00817442
0.00699615
0.00500154
0.00566363
0.00600767
0.00601673
0.00599146
0.00599980
0.00601053
0.00806904
0.00551581
0.00550652
0.00500202
0.00619292
0.00642014
0.00800014
0.00601315
0.00899029
0.00928354
0.00820231
0.00599980
0.00754786
0.00700402
0.00851965
0.01099062
0.00700140
0.00720310
0.00648880
0.01101136
0.01299763
0.00614548
0.00499940
0.00753045
0.00509048
0.00550485
0.00700855
0.00900006
0.00499988
0.00612307
0.00651622
0.00601673
0.00589252
0.00480080
0.00526142
0.00450253
0.00492096
0.00500107
0.00399947
0.01100802
0.00701141
0.00899267
0.00500965
0.00600886
0.00500989
0.00499988
0.01004100
0.00600076
0.00745153
0.00948191
0.00800800
0.00700903
0.00500894
0.00602388
0.00600147
0.00601125
0.00500083
0.00650692
0.00700140
0.00750065
0.00699949
0.00599694
0.00800872
0.00800943
0.00799775
0.01900363
0.00699925
0.00853467
0.00699115
0.00699997
0.01200008
0.00700593
0.00800467
0.00799417
0.02249837
0.00899935
0.00700569
0.00799847
0.00699925
0.00999999
0.00800133
0.00700569
0.00752616
0.00700045
0.00899982
0.01099992
0.00700235
0.00800657
0.00799346
0.00699973
0.01000071
0.00699973
0.00699878
0.00900030
0.02400064
0.00799942
0.00800014
0.00700188
0.02250624
0.01244402
0.00800467
0.00700021
0.00799990
0.02000189
0.00700021
0.00652623
0.00801277
0.00699925
0.00799990
0.00800037
0.00900006
0.00700521
0.00699520
0.00700092
0.01000023
0.00700116
0.00699973
0.00699973
0.01959348
0.01000023
0.00799751
0.00799584
0.00750232
0.01099968
0.00700021
0.00700021
0.00900030
0.00700498
0.00699878
0.00699997
0.00808859
0.00799966
0.00714684
0.00800657
0.00700021
0.00900030
0.00699949
0.00801563
0.00950098
0.01100063
0.00800467
0.00699949
0.00599504
0.01250196
0.01100326
0.00700021
0.00850534
0.00699353
0.01899981
0.00799990
0.00700450
0.00699997
0.00800014
0.01850462
0.01200008
0.00700021
0.00699925
0.00799346
0.00799942
0.01000023
0.00800014
0.00700021
0.00850296
0.01000023
0.01100039
0.00600934
0.00700188
0.00700188
0.00699973
0.00800109
0.00844097
0.00699472
0.00699925
0.00699878
0.00900030
0.01000047
0.00700593
0.00800633
0.00699735
0.00750399
0.00800061
0.00700092
0.02000022
0.01300001
0.00699925
0.00701189
0.00800562
0.00799489
0.00600505
0.00598311
0.00599980
0.00599575
0.00527215
0.00799203
0.00700021
0.00699902
0.00601792
0.00601864
0.00820374
0.00544477
0.00585318
0.00600958
0.00600147
0.00499821
0.00600314
0.00495601
0.00600934
0.00399041
0.00554180
0.00501156
0.00396681
0.00501204
0.00450420
0.00611806
0.00800180
0.00901461
0.00799894
0.00998855
0.00601053
0.00647831
0.00700021
0.00900507
0.00600052
0.00612330
0.01837373
0.00900888
0.00699043
0.00600004
0.00999999
0.02400184
0.00750375
0.00900078
0.00798059
0.00700593
0.00800228
0.00700927
0.00728965
0.00700665
0.00601172
0.00851011
0.00600624
0.00447702
0.00500250
0.00499821
0.00600028
0.00699902
0.00550151
0.00751448
0.00999212
0.00899291
0.00600195
0.00648808
0.01100016
0.00600052
0.00699210
0.01799893
0.00600863
0.01100874
0.00601101
0.00599933
0.00651479
0.00547171
0.00399899
0.00499940
0.00900126
0.01999831
0.01000023
0.00701284
0.00801396
0.00749493
0.01099944
0.00700068
0.00899863
0.00799131
0.00699115
0.00600004
0.01000237
0.00710320
0.00699997
0.00799966
0.00750399
0.00900030
0.00700998
0.00700784
0.00699091
0.00599933
0.00999999
0.00800157
0.00699019
0.00799084
0.00699925
0.00699854
0.00900102
0.00800037
0.00799990
0.00698757
0.01800060
0.01001024
0.00750160
0.00700021
0.00565529
0.00699258
0.02150393
0.00800037
0.00792956
0.00699854
0.00699854
0.01799059
0.00900912
0.00600171
0.00754070
0.00699067
0.01200008
0.00899839
0.00700974
0.00700045
0.00699973
0.00702429
0.00700927
0.00700498
0.00601506
0.00500083
0.00622320
0.00799918
0.00499034
0.00701571
0.00903177
0.00687051
0.00600958
0.00601315
0.00547218
0.00653148
0.00600171
0.00621295
0.00599647
0.00599909
0.00804996
0.01635790
0.00800157
0.00995660
0.00698996
0.00900030
0.00699091
0.00799084
0.00800109
0.00799870
0.00798988
0.00700927
0.00701213
0.00643563
0.00649548
0.00748277
0.00799799
0.00600958
0.01001096
0.00599790
0.00500727
0.00500655
0.00500011
0.00600052
0.00598812
0.00501275
0.00805378
0.00799990
0.00899911
0.00900769
0.00605035
0.00800514
0.00800490
0.00599885
0.00637650
0.00636148
0.01106167
0.00900698
0.00799274
0.00600934
0.00631881
0.00700855
0.00899839
0.00499058
0.00599766
0.00700092
0.00851822
0.00669122
0.00600076
0.00499916
0.00600958
