0.00300741
0.00500178
0.00496078
0.00500226
0.00600147
0.00552440
0.00600791
0.00752449
0.00599575
0.00601625
0.00599813
0.00702572
0.00499892
0.00708866
0.00599265
0.00519109
0.00500202
0.00499916
0.00902295
0.00851107
0.00700045
0.00699925
0.00600171
0.00545144
0.00600457
0.00600266
0.00499988
0.00600195
0.00899935
0.02500105
0.01050711
0.00700068
0.00799298
0.00999379
0.00833154
0.00999999
0.00600076
0.00901079
0.00800133
0.00699115
0.01899958
0.01099873
0.00791407
0.00850582
0.00799990
0.01299095
0.00799775
0.00701070
0.00700903
0.00799966
0.02099895
0.01230073
0.00795698
0.00801158
0.00899100
0.01907301
0.00910473
0.00691915
0.00800085
0.00800061
0.00899243
0.00900531
0.00900984
0.00701094
0.00799036
0.00800085
0.01100016
0.00749135
0.00899935
0.00699043
0.00999713
0.00850701
0.01000047
0.00799990
0.00799489
0.00799990
0.00799942
0.01000047
0.00800347
0.00900388
0.00802398
0.00700212
0.01100206
0.00900555
0.00799990
0.00799942
0.02200198
0.01050401
0.00999951
0.00800037
0.00800586
0.00900006
0.00800109
0.00800014
0.00600266
0.00599003
0.00655127
0.00700307
0.00900006
0.00799990
0.01700091
0.01099706
0.00899673
0.01000977
0.00801468
0.00901079
0.00900173
0.00800943
0.00800753
0.00899053
0.00800753
0.00600934
0.00600576
0.00601029
0.00625300
0.00600290
0.00900006
0.00900531
0.00700974
0.01000857
0.01128244
0.00809336
0.00748992
0.00701761
0.00551701
0.00602913
0.00599909
0.00899959
0.01099944
0.01000857
0.00700188
0.00933552
0.00750446
0.00700617
0.00700188
0.00854182
0.00544405
0.00601196
0.00602913
0.00599885
0.00616145
0.00649285
0.00601864
0.00600767
0.00599074
0.00928044
0.00600696
0.00752330
0.01001239
0.00702238
0.00600505
0.00800920
0.00645733
0.00614142
0.00599957
0.00650692
0.00500059
0.00500679
0.00500751
0.00600147
0.00595546
0.00600839
0.00599980
0.00600290
0.00700068
0.00600004
0.00600290
0.00600243
0.00900102
0.00700903
0.00732160
0.00700021
0.00521326
0.00600052
0.00550652
0.00600839
0.00500011
0.00599861
0.00551152
0.00500131
0.00498962
0.00523543
0.00500226
0.00489116
0.00600290
0.00499916
0.00651622
0.00999904
0.02300072
0.00899911
0.00700021
0.00799990
0.00900006
0.00700092
0.01100016
0.00800133
0.00799894
0.00700068
0.00600004
0.00900102
0.00900221
0.00798821
0.00700021
0.00799966
0.00799990
0.00800037
0.00699973
0.00799966
0.00700140
0.00700569
0.00700116
0.00900078
0.00800061
0.00799990
0.00799966
0.01500010
0.00800061
0.00899959
0.00700569
0.00701666
0.00699973
0.00799966
0.00700045
0.00799990
0.00700045
0.00700068
0.00899935
0.00900149
0.00650311
0.00700426
0.00799799
0.00799990
0.00900197
0.00906968
0.00600028
0.00599885
0.00800204
0.01300073
0.00700116
0.00799870
0.00699377
0.00800085
0.00600076
0.00800014
0.00599909
0.00650144
0.00699997
0.01599526
0.01100063
0.00700068
0.00700641
0.00699997
0.00799990
0.01621914
0.00699997
0.00600028
0.00799894
0.02199984
0.00699997
0.00599885
0.00700235
0.00799346
0.00700116
0.01200032
0.00700140
0.00699997
0.01250362
0.02540207
0.00800085
0.00800323
0.00599885
