0.01699996
0.01401138
0.01400828
0.01200581
0.01398921
0.01300430
0.01201129
0.01552272
0.01200724
0.01600862
0.01500058
0.01251674
0.01099062
0.01045203
0.01050496
0.00764561
0.01001287
0.00851798
0.00999928
0.00700212
0.00699949
0.01000905
0.00799823
0.01850224
0.00800085
0.00891805
0.00699043
0.02399921
0.00800824
0.00799990
0.02109337
0.00800085
0.00892043
0.00800061
0.00800538
0.00700021
0.00899434
0.01999998
0.00800633
0.00850129
0.00799870
0.00900078
0.00899935
0.00799394
0.01699448
0.00820017
0.00899982
0.00899959
0.00999999
0.00799346
0.00900197
0.02349710
0.00900578
0.00800014
0.00799918
0.00700045
0.00900459
0.00799441
0.01099896
0.01200056
0.00900078
0.00799489
0.01141214
0.00799465
0.00899863
0.00803852
0.00905061
0.00700021
0.00799727
0.00699949
0.00699973
0.00901794
0.00799966
0.00700021
0.00699997
0.00800014
0.00804639
0.00800633
0.00799847
0.00800014
0.00699949
0.00800014
0.00800014
0.00699973
0.00700164
0.00799990
0.00799966
0.00799823
0.00799608
0.00800014
0.00699997
0.00999999
0.00776649
0.00900006
0.01000142
0.01150513
0.01000118
0.00899959
0.02299690
0.00900126
0.00999451
0.00900173
0.00850296
0.00924683
0.01100707
0.00899959
0.00900126
0.00900006
0.00999475
0.00999856
0.00900030
0.01100874
0.00999999
0.01100731
0.00900030
0.00899363
0.00899124
0.02200031
0.01000190
0.01050973
0.01999974
0.01100588
0.00900578
0.00899935
0.01310754
0.01000571
0.00999832
0.00899291
0.01200128
0.01000190
0.00830293
0.00900030
0.01000071
0.01000071
0.00820541
0.00800014
0.00900006
0.00999951
0.01200080
0.01000619
0.00999284
0.00900221
0.00908256
0.01000071
0.01000023
0.00851130
0.00900030
0.01000047
0.00700045
0.00756049
0.01101112
0.01099896
0.01001000
0.00998807
0.01001477
0.00898790
0.01217365
0.00799990
0.01100135
0.00999427
0.01053405
0.00998855
0.00899339
0.00899076
0.01000309
0.00800800
0.01101351
0.01100874
0.01000905
0.01100826
0.01100731
0.01200771
0.01151752
0.01099944
0.01253796
0.00899792
0.01217222
0.00912404
0.01352525
0.01000905
0.01099968
0.01200104
0.01099086
0.01200008
0.01153517
0.01001072
0.00923610
0.01200080
0.00999928
0.00900364
0.01174617
0.01199198
0.01600051
0.01000023
0.01000261
0.01850700
0.01200891
0.01000428
0.01100016
0.01000333
0.01252627
0.01099110
0.01011825
0.00900984
0.01099968
0.01051116
0.01100159
0.01041222
0.01099968
0.01083279
0.01101017
0.00900030
0.01000881
0.01000047
0.01207566
0.01099873
0.00899673
0.00998974
0.01101923
0.01048684
0.00799966
0.01199961
0.01018500
0.01050544
0.01031041
0.00999928
0.01248550
0.01200008
0.01120186
0.00999880
0.01101112
0.01101232
0.01041079
0.00999975
0.01000094
0.01001382
0.00953770
0.01099992
0.01200867
0.01300025
0.01000953
0.00881314
0.01151395
0.01199961
0.01099753
0.01099944
0.01000476
0.00900149
0.01150656
0.00900865
0.01002550
0.01174855
0.01011300
0.01000929
0.00999880
0.01199198
0.01099825
0.01199794
0.01000953
0.01200652
0.00899291
0.01199841
0.01100016
0.01099992
0.01100945
0.01200199
0.02200031
0.01000214
0.01099133
0.01101708
0.01150465
0.01100278
0.01091957
0.01126432
0.01089048
0.01223111
0.00899100
0.01100206
0.01099777
0.01099801
0.01000190
0.01022410
0.01049924
0.01099968
0.01000071
0.01000977
0.01099324
0.01152134
0.00999069
0.01000810
0.00900722
0.00899982
0.00999999
0.01050282
0.01099992
0.01100802
0.01300073
0.01099992
0.01445603
0.01200485
0.01303554
0.01099110
0.01200747
0.01417851
0.01020789
0.01249599
0.02450442
0.01241112
0.01089954
0.01200032
0.02700090
0.01099896
0.01200366
0.02450252
0.01100445
0.00999999
0.01000071
0.01099968
0.01100016
0.01300001
0.01099968
0.01099968
0.01100039
0.01249337
0.01199365
0.02300000
0.01100016
0.01200271
0.02350497
0.00999880
0.01100111
0.00999975
0.01500750
0.01099873
0.01299858
0.00999999
0.01200032
0.02350426
0.01099944
0.01200461
0.00999951
0.01300001
0.01150107
0.01199961
0.01200032
0.01200032
0.01099515
0.01234055
0.01100707
0.02300000
0.01499867
0.01099992
0.02399993
0.01100159
0.01104927
0.01293421
0.01200676
0.01099944
0.01299953
0.01199985
0.01000118
0.01299977
0.01099968
0.01099968
0.01500130
0.01049471
0.01299977
0.01000071
0.01199985
0.01135683
0.01500225
0.01189661
0.01200032
0.02500176
0.01162791
0.01106215
0.01299882
0.01200771
0.02199984
0.01353049
0.01200151
0.01900029
0.01199961
0.01200080
0.02750397
0.01299977
0.01399732
0.01600051
0.01399970
0.01499963
0.01300049
0.01200008
0.01349735
0.01499915
0.01321530
0.01200318
0.01300168
0.01481462
0.01599741
0.01502204
0.01364088
0.01603842
0.01397085
0.01503992
0.01444077
0.01599360
0.01613545
0.01600051
0.01700759
0.01125550
0.01300836
0.01400399
