0.01200080
0.00800085
0.00700140
0.00699711
0.00800061
0.01199913
0.00699973
0.00799966
0.01299953
0.01200247
0.00750470
0.00899982
0.00999928
0.01500058
0.01100636
0.00599957
0.00699592
0.00700259
0.01000094
0.01100039
0.00799584
0.00799918
0.00899816
0.01199889
0.00600028
0.00800133
0.00699949
0.00899982
0.00800037
0.00699782
0.00699949
0.00860786
0.00950360
0.01300001
0.00600076
0.00699329
0.00700212
0.00950503
0.01200151
0.00800037
0.01000047
0.00700021
0.00700092
0.00600123
0.00700092
0.00699949
0.00700068
0.00699949
0.00799990
0.00950408
0.00799942
0.00900054
0.00799394
0.00800014
0.00800014
0.00899959
0.00900578
0.00800014
0.00750637
0.00899911
0.00999951
0.00900054
0.00900865
0.00800014
0.00900173
0.00950742
0.01000047
0.01699996
0.01499200
0.01001072
0.01102471
0.00850391
0.01199222
0.01200032
0.01099253
0.00999999
0.01000023
0.00801229
0.00800014
0.00799012
0.00800681
0.00800085
0.00900936
0.01132202
0.01199126
0.00848746
0.00801682
0.00751328
0.00800300
0.00900865
0.00700212
0.00700259
0.00655031
0.00700784
0.00840116
0.00812078
0.00700760
0.00641799
0.00751758
0.01300025
0.01000118
0.00899839
0.01100826
0.00964785
0.01001000
0.00933862
0.00799179
0.01200366
0.00799131
0.01299906
0.00967002
0.00699925
0.01299095
0.01201773
0.01102448
0.01200652
0.00900865
0.01000500
0.01221538
0.01200700
0.00999379
0.02450132
0.01089025
0.00799966
0.00998998
0.02399921
0.01190805
0.00800729
0.00799990
0.00900006
0.01000071
0.00800896
0.00899935
0.00800300
0.01099944
0.00700116
0.00899911
0.00900841
0.00999117
0.01099014
0.01200104
0.00801229
0.00908422
0.00800133
0.00900078
0.00900984
0.00800061
0.00898957
0.00899887
0.00706196
0.00801539
0.00911283
0.00999904
0.00800014
0.00900054
0.00798917
0.02100205
0.00901341
0.00799966
0.00899982
0.02100062
0.01400995
0.00900912
0.00800467
0.00849342
0.01100063
0.01300836
0.00900054
0.00798893
0.00799894
0.00799823
0.00801063
0.00801158
0.00800014
0.01199961
0.00900078
0.01000214
0.00800991
0.00899076
0.02750587
0.00900936
0.00899959
0.00899124
0.02198958
0.01000929
0.00902581
0.00832844
0.00999904
0.00899982
0.00899982
0.00792408
0.00850773
0.00762081
0.00800228
0.00851464
0.00900888
0.00899100
0.00799966
0.01400018
0.00901079
0.00900006
0.00898933
0.00800061
0.00900912
0.00899911
0.00899220
0.00800109
0.00800967
0.00900650
0.00798893
0.00899959
0.01000071
0.00700021
0.00899911
0.00898981
0.00856185
0.00800896
0.00799990
0.00899076
0.02209020
0.00800872
0.00900221
0.00950718
0.02049351
0.00801158
0.00900865
0.00799108
0.00899982
0.00800133
0.00950670
0.00892067
0.00900006
0.00999999
0.01200318
0.01000881
0.00999045
0.01098895
0.01100016
0.00900865
0.00999141
0.00999928
0.01200509
0.00895882
0.00999975
0.01200032
0.00800490
0.00999999
0.00899959
0.00799966
0.01150322
0.00901031
0.00900912
0.00899100
0.01099968
0.01200104
0.01006126
0.00800061
0.01000023
0.00899911
0.00901484
0.00966144
0.01499987
0.00900126
0.00937819
0.00899982
0.01000023
0.01199985
0.01100135
0.00900602
0.01000667
0.00999999
0.00900054
0.00800633
0.01000023
0.01199484
0.01200294
0.01006961
0.01100063
0.01000643
0.01099968
0.01000023
0.01100397
0.00901556
0.00954700
0.00899076
0.01000261
0.01000857
0.01001406
0.01031232
0.01500082
0.01246929
0.01250553
0.01350188
0.01304889
0.01104379
0.01107550
0.01057220
0.00994611
0.01012707
0.00996804
0.01000237
0.01000214
0.00999880
0.00901008
0.00950694
0.00801110
0.01000047
0.00700045
0.00700903
0.00599933
0.00700712
0.00800014
0.01000118
0.00699115
0.01049232
0.00900936
0.00699162
0.00800824
0.00700045
0.00900149
0.00999975
0.00700116
0.00910950
0.00838780
0.00752234
0.01450610
0.01216102
0.00899982
0.00952601
0.01001239
0.00901008
0.01001191
0.00900245
0.01066208
0.00999737
0.00682998
0.00751972
0.00668907
0.00700045
0.00900126
0.00700212
0.00653434
0.00700140
0.00701165
0.00801158
0.00599957
0.00744820
0.00600028
0.00900292
0.00599694
0.00899959
0.00900292
0.01050162
0.00699902
0.01000953
0.01000023
0.00899959
0.01000071
0.01001024
0.00800037
0.00800371
0.01001096
0.00800014
0.00799346
0.00900459
0.00999975
0.01100659
0.00800538
0.00952387
0.00700045
0.00700688
0.01200938
0.01201010
0.01200128
0.00695086
0.00699830
0.00600243
0.00775671
0.00799227
0.00898719
0.00799203
0.00799561
0.00799274
0.00751233
0.00801063
0.00901437
0.01206374
0.00748730
0.00699925
0.00799203
0.00699949
0.00700021
0.00699997
0.00750184
0.00700259
0.01100326
0.00730085
0.00800657
0.00700331
0.00700641
0.00800133
0.00616217
0.00651288
0.00650430
0.00700617
0.00708294
0.00699210
0.00900578
0.00553560
0.00700021
0.00699830
0.01000738
0.00649309
0.00801110
0.00700688
0.00701118
0.00699949
0.00700307
0.00852704
0.00623298
0.00799966
0.01050663
0.01199293
0.01100039
0.00899911
0.00801277
0.00621200
0.00751138
0.00799823
0.00902486
0.00700092
0.00740290
0.00599980
0.00749540
0.00661111
0.00700974
0.01000190
0.00850248
0.00700021
0.00800037
0.01100636
0.00799942
0.00899768
0.01000929
0.00899029
0.00852251
0.00699115
0.00600195
0.00800037
0.00799942
0.01500511
0.00700140
0.00900412
0.00899792
0.00852633
0.00800681
0.00801086
0.00900245
0.00799918
0.00799870
0.00700092
0.00900722
0.00800395
0.00853086
0.00601196
0.00999212
0.00700569
0.00808573
0.00808239
0.00944304
0.00598931
0.00700402
0.00799990
0.00843549
0.00700355
0.00610685
0.00608420
0.00712705
0.00605655
0.00815368
0.00699067
0.00799894
0.01001883
0.00633574
0.00730324
0.00700760
0.00699997
0.01099920
0.00800157
0.00599170
0.00700426
0.00600219
0.00601339
0.00708294
0.00727844
0.00599957
0.00499916
0.00600195
0.00699997
0.00601029
