0.00299835
0.00902176
0.01099896
0.01200724
0.01235628
0.01100826
0.01200223
0.00810480
0.01100063
0.01317811
0.01041317
0.01000023
0.00999999
0.01099968
0.01251197
0.01200271
0.01216173
0.00999999
0.00925159
0.01000834
0.00900483
0.00900078
0.00777125
0.00801086
0.01204920
0.00883150
0.00816154
0.00900006
0.00909209
0.01000190
0.00927734
0.01059055
0.00999045
0.01011539
0.01000023
0.00899959
0.00999951
0.00999951
0.00901079
0.00952792
0.00899434
0.01000404
0.01000643
0.00799060
0.00799131
0.00803328
0.00798750
0.00800681
0.01051927
0.00999999
0.01099205
0.00851440
0.01100731
0.00899982
0.00700545
0.00800061
0.01019907
0.00799894
0.01000881
0.00800443
0.00896215
0.00800705
0.00804615
0.00800514
0.00999928
0.00899959
0.00901151
0.00821471
0.00900936
0.00800657
0.01099992
0.00899529
0.00801086
0.00954938
0.00899339
0.01000667
0.01038957
0.00922632
0.00800419
0.01000595
0.01000595
0.00852180
0.00898981
0.00820017
0.01000738
0.00799251
0.00800157
0.00701594
0.00700426
0.00801277
0.01153541
0.00900817
0.01000619
0.00813293
0.00800657
0.01099825
0.00799966
0.00900149
0.00800109
0.00763845
0.00799727
0.00931358
0.00999832
0.00900030
0.00700355
0.00800824
0.00810313
0.00799155
0.00908661
0.00699949
0.01000643
0.00736785
0.00799012
0.00728774
0.00699115
0.00701356
0.00751042
0.00899935
0.00777507
0.00800419
0.00915623
0.00801015
0.00899220
0.00699830
0.01000786
0.00800705
0.00799918
0.00900006
0.00800872
0.01000142
0.00799656
0.00800633
0.01103497
0.00900602
0.00851178
0.00813174
0.00800610
0.00824094
0.01031494
0.00700426
0.00799084
0.00899506
0.00698924
0.00901246
0.00782347
0.00700951
0.01000690
0.00902247
0.00799918
0.00652933
0.00792933
0.00700760
0.00900173
0.00800252
0.00904560
0.00801229
0.00762391
0.00749779
0.00900102
0.00900054
0.00800753
0.01000524
0.00950265
0.00799823
0.00999713
0.00634742
0.00838709
0.00900269
0.01000118
0.00700474
0.00600171
0.00801015
0.00850654
0.00900388
0.00699925
0.01000905
0.00801444
0.00700998
0.00900030
0.01000404
0.00810909
0.00789142
0.00999951
0.00899816
0.00700545
0.00799894
0.00900578
0.01000834
0.00848436
0.00799751
0.00852156
0.00900173
0.00801420
0.00903940
0.00899243
0.00899935
0.00699997
0.00830722
0.00904608
0.00951886
0.00799203
0.00902557
0.00800705
0.00701022
0.00800252
0.00900745
0.00702834
0.00600290
0.00701118
0.00641847
0.00802016
0.00700712
0.00698996
0.00714374
0.00799203
0.00699759
0.00845957
0.00699091
0.00800633
0.00753212
0.00700784
0.00799918
0.00900126
0.00700045
0.00803304
0.00799227
0.00699067
0.00700688
0.00700092
0.00651670
0.00699949
0.00701165
0.00704622
0.00900030
0.00700307
0.00538683
0.00600171
0.00547576
0.00600624
0.00600624
0.00601268
0.00550580
0.00701499
0.00799894
0.00700045
0.00650144
0.00600147
0.00738406
0.00600052
0.00900578
0.00702810
0.00800037
0.00550079
0.00638390
0.00607276
0.00700188
0.00904465
0.00883269
0.00650215
0.00899291
0.00700784
0.00596213
0.00702453
0.00907087
0.00700021
0.00797772
0.00701046
0.01120377
0.00800633
0.00722384
0.00700688
0.00663567
0.00792384
0.00699949
0.00802588
0.00625706
0.00647688
0.00651526
0.00800800
0.00600767
0.00727749
0.00598788
0.00801182
0.00911856
0.00999951
0.00700712
0.00750160
0.00771379
0.00901103
0.00565505
0.00500178
0.00500083
0.01052952
0.00791597
0.00499988
0.00500226
0.00801849
0.00700212
0.00703311
0.00825024
0.00914717
0.00699544
0.00807643
0.00601053
0.00744224
0.00851393
0.00699711
0.00700164
0.00499940
0.01291919
0.00799751
0.00643277
0.00700879
0.00801086
0.00700831
0.00646114
0.00699258
0.00800824
0.00800085
0.00700307
0.00688481
0.00601101
0.01000094
0.00750899
0.00780082
0.00600004
0.00899959
0.01300693
0.00899887
0.00899959
0.00800824
0.00800276
0.00800014
0.00651813
0.00700021
0.00700951
0.00750303
0.00500035
0.00600362
0.00541925
0.00600314
0.00598955
0.00599980
0.00601292
0.00600052
0.00841165
0.00899959
0.00700092
0.00800514
0.00837040
0.00774598
0.00699878
0.00899839
0.00600100
0.00850511
0.00700760
0.00800729
0.01599956
0.00679374
0.00899982
0.00801444
0.00700021
0.00699973
0.00699949
0.01000023
0.00699973
0.02200198
0.00950861
0.00799990
0.00699973
0.00699496
0.00699902
0.00700688
0.00855470
0.00600123
0.00696325
0.00801063
0.00750804
0.00699496
0.00799823
0.01099896
0.00899386
0.01000023
0.00739551
0.03051591
0.00609016
0.00799966
0.00800037
0.00700140
0.00799990
0.02000117
0.00750780
0.00700545
0.00800014
0.00800705
0.00800300
0.00700307
0.00899744
0.00600028
0.00600147
0.00519633
0.00600147
0.00515199
0.00600457
0.00599957
0.00599813
0.00600314
0.00799847
0.00699139
0.00600958
0.00626421
0.00599909
0.00800991
0.01950407
0.00799942
0.00900102
0.00800109
0.00699973
0.01900125
0.01034927
0.00899959
0.01200128
0.00799942
0.01800036
0.00800252
0.00751114
0.00600076
0.00700521
0.00700974
0.00801468
0.00751758
0.00600171
0.00771952
0.00899935
0.00800872
0.00978160
0.00792217
0.01299119
0.01713276
0.01099920
0.00750613
0.01950645
0.00799680
0.00690007
0.02700067
0.00900507
0.00800538
0.00800443
0.02250838
0.00900340
0.00799990
0.00899196
0.00899935
0.00899911
0.01001573
0.00900006
0.00852323
0.00799990
0.00899959
0.00699782
0.00799274
0.00999999
0.00834417
0.00902176
0.00899887
0.00852370
0.00800157
0.00899673
0.00799990
0.00699997
0.00800037
0.01199889
0.01001382
0.00853395
0.00900126
0.00799918
0.00799155
0.00703812
0.01200700
0.01101303
0.00899959
0.00852299
0.00899935
0.00899148
0.00900006
0.00699997
0.00900006
0.00900054
0.00801349
0.01211143
0.00999928
0.00900078
0.00900769
0.00900841
0.00901413
0.00808167
0.00805163
0.00900841
0.00899982
0.00900531
0.00800109
0.00800657
0.00999212
0.00899982
0.00799966
0.01000834
0.00899291
0.00901222
0.00700688
0.00999975
0.00900030
0.00801325
0.00899982
0.00900817
0.01001143
0.00800967
0.00801182
0.00790906
0.00800753
0.00827551
0.00999951
0.00999951
0.00999427
0.00899911
0.00900555
0.00799251
0.00902629
0.00851583
0.00799251
0.00746489
0.00700068
0.00800633
0.00803757
0.00800586
0.00800705
0.00800014
0.00701189
0.00800657
0.00700021
0.00598669
0.00599980
0.00649738
0.00700784
0.00523520
0.00598979
0.00699306
0.00700378
0.00651193
0.00610304
0.00699973
0.00704122
0.00698900
0.00843000
0.00700760
0.00801110
0.01002550
0.01000714
0.00700116
0.00600982
0.00699902
0.00990081
0.00700235
0.00900006
0.00614524
0.00599980
0.00500083
0.00600624
0.01099896
0.00899982
0.00632000
0.00650644
0.00598907
0.00600243
0.00600767
0.00700331
0.00550985
0.00600052
0.00895834
0.00699377
0.00600648
0.00800228
0.00999975
0.00700760
0.00700998
0.00999045
0.00699663
0.00799990
0.00890994
0.00699925
0.00698900
0.00701046
0.00652003
0.00700116
0.00799942
0.00619030
0.00800276
0.00828910
